1.7414844973884853,0.12543826929908103,0
1.455066758700084,0.08696870956068656,0
0.8190709855424637,0.1618593433979094,1
0.6294942701024935,0.07300982513963183,1
2.0773115597597807,0.038722126054468224,2
1.9121347682823062,0.044250474108984444,2
1.3003702166826165,0.20632671901690391,3
1.6222468856021706,0.2064380208440697,3
0.5774783124412448,0.17418893235410426,4
0.6107135125427883,0.05910407540643562,4
2.5413307009743478,0.1539780778328575,5
1.490008088782402,0.022217080740015428,5
2.3862521828597743,0.08752403216322868,6
1.6840221379078526,0.2546970597825866,6
1.05844326446256,0.10276439010129473,7
1.9262783941236634,0.10135780959181315,7
1.6936858580015572,0.11415090366585744,8
2.2454944667231618,0.17864825543801247,8
1.5000115436917327,0.15757669912403263,9
2.2048212741673763,0.04260963497097041,9
1.6992231381946041,0.12326479797068052,10
1.7632471391395312,0.290913071747603,10
0.6294003033616102,0.13786825667910607,11
0.8042449657374557,0.1784612794170833,11
2.1603345146367667,0.06275123156822603,12
2.301480057455058,0.061032361124904344,12
0.9465961135923604,0.060313765453584675,13
0.843466340219198,0.21019963406004818,13
0.6655099878662523,0.1271837971186709,14
0.8205095916847819,0.05386771927307937,14
2.27100255703162,0.18214175520438639,15
1.0950929097242097,0.03732319562280958,15
1.1405676231170212,0.12533862231715526,16
2.1195329698291547,0.01700572896948751,16
0.9427626775735319,0.1184928306987528,17
0.7968321004164246,0.11096401487056211,17
2.2844577171479123,0.19473371182176316,18
1.40970965728058,0.30180207643607704,18
1.0397539315018167,0.17195852032057762,19
1.7199406853687418,0.21227005768477003,19
0.8152715336711559,0.2718865022207908,20
0.6378928111597065,0.10864494191579244,20
2.1978499426076725,0.12518984684089396,21
1.9445750472894383,0.26724264038635287,21
1.9210130102254168,0.2050183953932694,22
2.251681984749027,0.2570063755821718,22
2.301280316273475,0.1595175353615754,23
1.0205051441726247,0.19971441876902177,23
0.6610219491962659,0.06509980066056634,24
0.5784628112388887,0.07574089791116534,24
0.7462330293736147,0.1421819456240631,25
0.933069348160135,0.19983387041601244,25
0.5371754437091559,0.1164106491987084,26
0.7115958205930982,0.17254803430792506,26
0.9289805319473119,0.1261718264326265,27
0.6733172673194905,0.2596209052059517,27
0.8338251441138563,0.15190705948154276,28
0.54938823359301,0.06584012585920372,28
1.2946106233224182,0.04075546546458722,29
1.729200149173508,0.10062879650282111,29
1.6406412433185678,0.0884717030983028,30
2.1964097503090145,0.12224210807919822,30
1.4094289181091804,0.2531072204030101,31
2.2741748562793678,0.17034080119569922,31
0.9188195575706528,0.11920647897727472,32
0.9778987603319956,0.1363821162868544,32
0.9923807720987284,0.18529230806573493,33
2.067370669772031,0.15399563903775962,33
1.7251040644209767,0.14419337995839404,34
1.6226464243859526,0.09466582675130605,34
1.6372826009348813,0.14294926154151336,35
1.9441570240155595,0.16182702085971926,35
1.3002859265542543,0.09647492047512915,36
1.3956725888702763,0.15068355904694583,36
0.5503944701973055,0.09403163239341808,37
0.752610513483262,0.13121101328862722,37
0.6923737811959746,0.18390794612540473,38
0.7604899435128046,0.07717465555895778,38
0.8686817761624612,0.15817616878128032,39
1.012662783700322,0.07082570622337993,39
2.283742783740576,0.1820011309963347,40
1.3402407446267424,0.11827523556353105,40
0.8848197212563655,0.09914588864530781,41
0.7333586602487908,0.12356815144175799,41
2.1027879094898925,0.08754457151113375,42
1.6777537325872491,0.24250796570312824,42
1.7786681628906014,0.09234591136303524,43
1.0405866248471045,0.07860503774959926,43
0.8460702078441835,0.20476158789146243,44
0.725745473521311,0.10620621656148094,44
1.5433276398798683,0.1230718551062702,45
1.217325480735318,0.18505210314425063,45
0.9112146751109597,0.03799711807836879,46
0.8698943373455142,0.09698481626001224,46
0.5605055886239754,0.13763688810950953,47
0.8225636114959001,0.13025242068503312,47
1.1983745325075348,0.10911687562054402,48
1.4036596924373295,0.11012644706247252,48
1.900355901108241,0.08031770041894784,49
1.4736044353130229,0.13999290867548256,49
0.9226315906049648,0.08821788972741015,50
0.7704923135482005,0.1584683759584972,50
0.9537250595484799,0.021049131602077588,51
0.6150558544398506,0.22063491042624064,51
0.6374451100122601,0.1727922314973117,52
0.8750651001117892,0.09492312065451025,52
0.6187867372031062,0.0739474246167053,53
0.8976089301065637,0.16862054456431885,53
1.5139844329231589,0.05866149637662431,54
1.0503750205762696,0.1051511597966768,54
0.9334301380576676,0.24746503792385433,55
0.9047436384042538,0.08318374674482674,55
2.4158250662233733,0.043933852479603325,56
1.9752382795405232,0.1136994741466602,56
2.2568461653239202,0.15322553993035387,57
2.1443792148312775,0.17828789242632007,57
0.8752043074475103,0.05827453291203039,58
0.5751839448226922,0.12488377414005238,58
0.5575469690364256,0.23084932584549084,59
0.6837444004597635,0.05585545169741704,59
2.47942168452181,0.06081687962418745,60
1.9622604942336523,0.08431325234467278,60
1.9545268128975586,0.20438494843906033,61
2.147556551000783,0.10877090518222295,61
1.063116879024427,0.21134667930311263,62
1.9708495063433713,0.09517760070888757,62
1.8225895514911952,0.1602156986846942,63
2.4094857593968815,0.07100565114283225,63
0.9014158711771085,0.11756945017295163,64
0.627812386102256,0.11719885998861147,64
2.0958150624370275,0.11642496716670706,65
1.6136439169664871,0.12099278730527611,65
1.003145429885829,0.11014396203624152,66
1.6248004684519453,0.05850605963924929,66
1.0265880741742215,0.05474149890809155,67
0.6715971374319019,0.08060084767471211,67
2.2380008844439794,0.15433022377889977,68
1.9373476033276043,0.09143298923147998,68
0.5027921704623644,0.14073652041049897,69
0.7256691169769891,0.05747359305468892,69
1.4755601559127154,0.22836812542995333,70
1.3592023412234282,0.06413129194225752,70
0.6799640000906566,0.09218259257120193,71
0.9209853969223253,0.07249726080727223,71
1.4317828044219423,0.10941039786246635,72
2.1904477380550555,0.1239142776016755,72
2.540399960887346,0.10321267386201634,73
2.2641043117011916,0.10769535848835039,73
1.5726956281139048,0.11825625895734598,74
1.2066922550248425,0.10035945677437119,74
2.071513312643307,0.1310455000119633,75
1.2187651255356682,0.14319286103073256,75
1.233707068987436,0.26665744578672756,76
1.6189980261081618,0.21758355407626367,76
1.4702131903008469,0.19431443427599565,77
2.485124230890979,0.1744027810070465,77
1.9044506732778634,0.09330384974120667,78
2.446223415221683,0.1085505596597964,78
2.0859871992221932,0.05278971352990142,79
2.20358496989526,0.04609343437303097,79
1.545218355727181,0.1250362866121895,80
2.189248299317522,0.12347285297510813,80
2.280669631015111,0.23607275153415222,81
1.8988607680880316,0.04137705869911278,81
0.8121048031165329,0.05038780107682133,82
0.8835936539760362,0.12556901728518308,82
1.243406994287573,0.20292429787534427,83
2.0740030495886934,0.1633828681877374,83
0.9272728978155508,0.021973988758759336,84
0.8891791357506664,0.18605404977181964,84
0.9423089879030411,0.13313791316432366,85
0.6401466164083346,0.10254766447698602,85
0.994764283960007,0.052114853152828905,86
1.4569704288907475,0.10705008437885005,86
0.9112574854163051,0.03526597164882984,87
0.8583326821082388,0.12095545784097796,87
0.7621139000441057,0.20625824292847597,88
0.5821641548313073,0.2237866020608305,88
1.2675589401476834,0.08020906479170829,89
1.8993091564807267,0.06238111192006197,89
1.022769675682668,0.08283704941360277,90
1.8196194778326071,0.2503315392250622,90
0.5348665681290542,0.10687543305040863,91
0.6050759686452749,0.14244090210993587,91
0.8847461051781518,0.07397972715869167,92
0.9218921190300498,0.23636640513876897,92
1.4397418196202396,0.20277353614866492,93
2.403686437138446,0.057212591127308914,93
2.274970284735951,0.022073334669657555,94
2.384548240059636,0.0552764835696853,94
0.8379529396728479,0.12972871462016866,95
0.9075015808294538,0.07646226029524177,95
2.286298300503277,0.3380664687569489,96
1.0988250415227265,0.14944133694213477,96
0.503689322819062,0.10297190487454602,97
0.5147649349688267,0.10265015782075414,97
0.8501538210753081,0.183421925663805,98
0.6851437230454868,0.18743345073242534,98
1.3351313707986148,0.2526309199756075,99
1.7231664073952901,0.09740271903708063,99
2.2445636696153453,0.09957922138611983,100
2.0763628474784084,0.21572018682503155,100
0.8033108123907642,0.30805565105907085,101
0.6866395155471833,0.09806275045658507,101
0.6338585006346125,0.1257233972009787,102
0.5512285724085282,0.19492642339291996,102
0.902719256808194,0.27585515828490986,103
0.5864785531969876,0.0397892480451264,103
0.6579562960193597,0.10507312212316926,104
0.9323058077896348,0.08474437324638781,104
1.757039468772272,0.056205020118773125,105
1.381549718820693,0.04259679640579241,105
0.8721175479414619,0.13246441110524312,106
0.8021190071112525,0.12901385218947228,106
1.0404534840647306,0.06366739279608488,107
0.9727380865601635,0.2445625418746329,107
0.7051131968191556,0.12075107965398493,108
0.8390942571381439,0.04422117867551143,108
0.7598166993326385,0.002456194578137899,109
0.9847495637291264,0.04516509205007638,109
0.6876945422537537,0.038578575925559806,110
0.6390460328432634,0.14533550420293864,110
0.8842507940888084,0.17203698082529767,111
0.5942935841240929,0.13152125472481996,111
1.9217832391122716,0.07931234298769044,112
2.233812793182604,0.11484950940818761,112
0.6193561834099827,0.11985473114112793,113
0.7027204263659423,0.06212554326733714,113
1.006086444841632,0.020273418349774072,114
2.060396831401155,0.3291452455488271,114
0.6131478585622628,0.02334409555053266,115
0.7121432924383727,0.12590924439542261,115
0.5887297256704108,0.11932750542797003,116
0.9695597618900667,0.09399628662847907,116
1.8283242488246105,0.062442116930978696,117
1.1188360567556386,0.06426816214761424,117
1.91110901491342,0.12720936151896362,118
2.281817563644262,0.08946658244509767,118
1.6902163506305141,0.10417332271131782,119
2.340247887989862,0.06303259469684198,119
1.9065191561071149,0.09931662570119149,120
1.7473412230434884,0.019847304388948623,120
0.5488485290474291,0.08775238281750437,121
0.719406323936395,0.23091715746022765,121
1.1112052659656002,0.20004811846969991,122
2.182678098145617,0.05308071391357345,122
1.3748174801111874,0.07485205618873944,123
1.2435578227801507,0.12441258222993333,123
1.4069833031730075,0.15767776161075092,124
2.4605580356171304,0.03957161449673042,124
0.7020583119028622,0.029219335092870162,125
1.05475893997337,0.1248430704902315,125
1.4372861144769693,0.13575118135907033,126
1.3088602538438863,0.15902673444887644,126
0.7304344967934977,0.13033992171582107,127
0.6395918872055022,0.23681665593812384,127
1.3221827029237585,0.08691739543479567,128
1.7528623813564286,0.10001435628245543,128
0.9724210174828753,0.1362093894747307,129
0.8174690016789351,0.044090158036126675,129
1.2275818653615926,0.10320802301390328,130
1.4540588273144606,0.19963760132570152,130
0.7857043681235497,0.3161625413853842,131
0.5278008727003646,0.09024963387491887,131
0.8777800046824228,0.051585314327117965,132
0.649075688095178,0.04585791018189154,132
1.4775176069552665,0.09008096376672317,133
1.826007156329705,0.022793082710052204,133
0.9383271107313667,0.14331337791690305,134
0.8855150247746146,0.05601595206558781,134
1.1251277524958878,0.24813983648022858,135
1.7552267589448964,0.14278658434178051,135
1.257520105100615,0.05548242642501726,136
2.6019787448911837,0.1401479841203233,136
0.6053622303251665,0.021766291770816404,137
0.6910589195802003,0.10627247396751542,137
0.9147476207398614,0.008697914229882725,138
0.7417158949016842,0.06767439483753247,138
0.6218251371695441,0.169439076214129,139
0.8079093510470505,0.07959499899134023,139
1.84338349448591,0.12208780223150026,140
2.30660415319417,0.07304588072937065,140
1.7353638120447161,0.09791902023014348,141
2.325093856543639,0.08416520276473828,141
1.328201104607454,0.050319144723555226,142
2.267862455134376,0.11308241390418147,142
1.4658442032117551,0.044786328959957294,143
1.1200175690250747,0.1546406033806319,143
0.6296976537126966,0.2270300670123241,144
0.88297458464445,0.20729831551153596,144
0.8883158215748667,0.051680386716575114,145
0.672563101706342,0.2854350891466796,145
1.9093632361100654,0.023691896148915016,146
1.3092534908427493,0.15498404802126567,146
0.5440411509766286,0.09975817490677083,147
0.8593309367315858,0.15716295547540965,147
0.9277675597550744,0.10685205619991074,148
0.8427228860848546,0.07378448533875664,148
1.2850112723729987,0.10938375882063069,149
2.175681508185184,0.021846471667521596,149
0.5594705940109512,0.03747569123838645,150
0.9904824625649677,0.08723876857845626,150
1.4095382175394149,0.12389683736910721,151
1.7325951149597567,0.038042661366469756,151
2.3700097713027874,0.2055088065234362,152
2.456163730509222,0.1874181306305827,152
0.9084283826457147,0.039626011088329624,153
0.7075534575464071,0.17438015643030128,153
1.3842355566988815,0.21402902307653957,154
2.028717136022816,0.11217571706339732,154
1.2714385948168099,0.19634332824763004,155
2.364425308601019,0.1513967623860081,155
2.024744464457927,0.10935775142693754,156
1.1610515036266809,0.11822589863681106,156
1.2339586718090696,0.12052003667643153,157
1.5351182613166439,0.07445468167050039,157
0.6644963109475415,0.1404755294662097,158
0.8511669129850639,0.08205435490159102,158
1.918589981805629,0.1569283401849777,159
1.760520448728427,0.23105071433992844,159
1.1087599690643508,0.14251574321513932,160
1.9128241048638517,0.3584758461147134,160
1.3421444922334556,0.14430434197737502,161
1.0680567714742395,0.10642486992364746,161
0.6621690047231765,0.11487373524446085,162
0.7583353902500807,0.15258370670370175,162
1.5666535615847894,0.13155101590855584,163
1.2037996210719282,0.09871803156300402,163
0.6037517927118424,0.18282059791664632,164
1.036981889785231,0.17380976338772028,164
1.4147544740787292,0.028093568637816205,165
1.6447647780165502,0.13510457305399481,165
0.5525429561743369,0.09960004408723112,166
0.6787599430337921,0.02982914489771263,166
1.6143358933777794,0.26846968768522256,167
2.5329085441456836,0.06444159162912726,167
2.022299625687714,0.12802968735280149,168
1.7235393717779854,0.1301038329404723,168
1.474799348023837,0.15204838489889302,169
1.9186246927277912,0.04935293936678944,169
0.622376792727447,0.11429360965299179,170
0.5685862512584461,0.1360844378987355,170
1.6675506379289706,0.22330175884940803,171
1.077484054436008,0.09308997149795684,171
1.9615858413270264,0.11123304771862318,172
1.6331993864647298,0.11733319812488753,172
1.8152169756918846,0.2600108700378956,173
2.319929225884518,0.22518976256284873,173
0.4932411439380967,0.1534976774795321,174
0.7315178130930319,0.1368333677695533,174
0.7918199154593781,0.13695825092980204,175
0.5933200547217127,0.13269174736124145,175
0.8268724807009133,0.0974359204931427,176
0.8985274034655848,0.07173700813989035,176
1.351770275843303,0.015374894689321484,177
1.7251947416526066,0.09733572879127318,177
0.6790511022949401,0.15933092695758952,178
0.6312338953572818,0.07926450338710629,178
0.9779411342512537,0.10363755214671634,179
0.5587602028195457,0.07818842548584726,179
0.7013236554653968,0.2055151127233205,180
0.9182789098462306,0.0991397194921195,180
0.936954218498691,0.04578203726842813,181
0.7815129057151524,0.13425568546909736,181
1.5930414738469598,0.27984987887487134,182
1.1461896870593096,0.11222918311946672,182
1.7030659341295793,0.057027916648249036,183
1.3168222590522027,0.14572490967552523,183
2.31100455010471,0.266251130723101,184
2.089241799937235,0.14533289365522553,184
0.5071559818509102,0.04939755142865386,185
0.5387019110760035,0.1457123131290806,185
0.5420334455686256,0.11828285044345285,186
0.590612895439861,0.20083911917314531,186
1.1072640877619797,0.10215133837988398,187
1.523749250659788,0.25690419847919427,187
0.7203021672369238,0.23815098480423783,188
0.742003389749753,0.017524951371207895,188
0.7963607757635482,0.19955881420359112,189
0.7876881698495243,0.2292852064500257,189
0.676291308610342,0.03968916987341868,190
0.6539348941268508,0.08042845450790989,190
0.9912471041076434,0.08487859664995484,191
0.7226916073664921,0.1670775267861003,191
0.550584297996007,0.03298437897712263,192
0.7749436589466742,0.1956542077480396,192
0.6004951024125258,0.05184173089890078,193
0.8991217117583137,0.0845179424160587,193
2.2998512938563787,0.02910376674303901,194
2.070925269597623,0.062294465431793025,194
2.3724171831766756,0.08510104205115782,195
1.7031000514659422,0.2763609030628485,195
2.1105804101249745,0.05036873446890632,196
1.4997346720172247,0.1164356438594898,196
0.9138908277214243,0.02691093812338648,197
0.9647148499815159,0.3086082614078636,197
1.6052400321060754,0.19484926457577095,198
2.3389548942076503,0.1939070577744151,198
1.8755832693675578,0.07369977870620321,199
1.9055676410670006,0.028288514190712426,199
1.716456931057326,0.1653724378068355,0
1.9192126012099955,0.08317478444912019,0
0.8126857267901166,0.18793503986803026,1
0.7103893277680093,0.027232399290538063,1
1.8383137031538266,0.2002417378486272,2
2.3615143035966226,0.0944709838971315,2
2.245676147687005,0.17069248239998375,3
1.6475807782854788,0.14699787591445035,3
0.944493918729262,0.1150629684787907,4
0.7498479660026037,0.10677132279119576,4
1.364269761833388,0.11975544228828508,5
2.6009085549434063,0.30744287088180533,5
1.3727749179663304,0.08301425108318024,6
2.4411092903804925,0.12572776284336706,6
2.1989293779614045,0.04673523048163547,7
1.8958483618600515,0.09631644209802258,7
1.1160488166996496,0.10224882562948787,8
1.279124306172016,0.1135554194458444,8
2.5073161861018947,0.1885774389291572,9
2.3491313358271104,0.2630012083054122,9
2.4338941491439567,0.16880781598162242,10
2.161249627036664,0.18795083216763114,10
0.9869838475684694,0.0430758255390522,11
0.567285218711117,0.14803320007166337,11
2.2782919150445897,0.10216065831052139,12
1.227516460632599,0.2845098251745482,12
0.8328310048561247,0.2273249807839419,13
0.5777346127500547,0.14206079835494498,13
0.8429015288020731,0.04054170998261802,14
0.7135429117119673,0.05420840607387639,14
1.6872685988351588,0.2844050563013707,15
1.5352247617617967,0.042977395276073194,15
1.433485359393836,0.10250418225994098,16
1.286537407949091,0.2711969917299163,16
0.7983267725473447,0.20635360823206442,17
0.908931878057953,0.0570945385877824,17
2.0390610645304594,0.10288142142021611,18
1.7277025771796577,0.14889049614846542,18
1.3244081178331175,0.17510713835999928,19
1.4025392514747832,0.10386744949297708,19
0.6634310335477428,0.13103524110817266,20
0.5936833110294716,0.22673535009324497,20
1.471994875640723,0.16332435166990128,21
1.3515915614602318,0.24279937931796386,21
1.4637811579472495,0.2123395762561487,22
2.3531023949281904,0.23686720426579125,22
1.1317782587184957,0.08985530168693676,23
1.229386254909998,0.13860564138841752,23
0.5426923749087365,0.1790846161640473,24
0.7379170786201295,0.08296269054227541,24
0.6981275259881365,0.06771409367034227,25
0.9848491244656241,0.19772590666226006,25
0.8112911481874489,0.10674665121745848,26
0.8571207229319132,0.02005878071022948,26
0.6757655456339922,0.06223605945780655,27
0.5325557933522966,0.10522279922485708,27
0.6276482621160298,0.01566187609900998,28
0.49737930185892054,0.11075055940194353,28
2.254189272771043,0.1873220186859554,29
1.0416970537611592,0.14178593921482327,29
1.1940161176222521,0.062182915231459614,30
1.0618169574645941,0.165343676892596,30
1.6948120968682676,0.13507310839568992,31
2.053216296168576,0.047353751922611396,31
0.5521591759095756,0.10343421476572182,32
0.5790654623431526,0.12150020824410289,32
2.0937610533715763,0.16664949188964237,33
1.1719265182134668,0.15617754143439896,33
2.1083257425408624,0.1426980314786546,34
1.1941357488138544,0.11881303371282734,34
2.2021871691990373,0.11889101482165246,35
1.4670846946148883,0.26693839810765346,35
1.8678058992006945,0.02977896901869043,36
1.4486960894813,0.23000032308158838,36
0.8182123894928994,0.11803668069039591,37
0.6906832473186135,0.2779142882457103,37
0.6821784580042921,0.02422122151841465,38
0.863555435062061,0.26352978777031605,38
0.7234245943460169,0.151331880274662,39
0.9417695605457098,0.08390012518391006,39
2.2807839835888943,0.0819967357196236,40
2.0323742012094614,0.024721433023566514,40
0.5637312506878364,0.12585546674664216,41
0.8866913184457696,0.07231293505040719,41
2.4075490585395207,0.09086612068658059,42
2.0525305221106054,0.21258965407908237,42
2.498040230923913,0.01057138552775887,43
2.4898965828619066,0.04829968086265625,43
1.0079907855636028,0.11294561035429296,44
0.9592314530105263,0.26996539559075156,44
1.983225000175809,0.18435341997907922,45
1.2109109204474995,0.05994303403425516,45
0.6951584310779466,0.08871729800560507,46
0.7510906551109604,0.08884470738910703,46
0.8019013151543771,0.13319511768007175,47
0.6589465942431357,0.1632996242034237,47
2.5574565449143947,0.10400779889705508,48
2.1474926938908734,0.14198669603861436,48
2.349996806496374,0.08806441673711814,49
2.09182303966259,0.27152794357741866,49
0.6437954956086097,0.07714033106074046,50
0.5483786026360024,0.03475426851292096,50
0.7050205955035846,0.10752313551208426,51
0.5888699663317467,0.1749467909239705,51
0.9017627203304762,0.04767297303329442,52
0.9730861793729476,0.07159303195932043,52
0.8793340722972491,0.18246718711004714,53
0.5783733400845601,0.14305949372881552,53
1.9455934695352326,0.13218694901454806,54
1.9024457979916296,0.17293649360125352,54
0.6825259572972339,0.11105456488312258,55
0.8978530428316802,0.04605733886255571,55
1.895577564414617,0.08521661415090119,56
1.2124039133802889,0.1311508197004012,56
2.5069339274620215,0.13891102922198262,57
1.0760040663377153,0.044623347908065825,57
0.9382010428928073,0.2175203521145854,58
0.49607876492998165,0.08074646983211199,58
0.5929707190305165,0.13831976120072761,59
0.7397422265412639,0.16867178361266788,59
2.568166217337184,0.10801299756581345,60
1.8031247166015154,0.03248176964094904,60
1.202625608160054,0.14011339034527612,61
1.7529429618839174,0.18793630436450326,61
1.2919653017387986,0.16804710473225232,62
1.6896646602272634,0.10549947096005498,62
2.4847794043925124,0.1072896241949785,63
2.0656429668878538,0.13814178579143677,63
0.7283885979304452,0.2461514918561532,64
0.6231476300086808,0.1597571360058275,64
1.0620425931739508,0.32218909479788005,65
1.530248094435739,0.1759505747491914,65
1.7986522798998064,0.2662222299987806,66
2.166689849030969,0.10944706034685894,66
0.6326055774743071,0.17892644513868558,67
0.6053189037780489,0.0542349554761092,67
2.279348203345054,0.10825629461781568,68
1.841814835241703,0.22595885301229277,68
0.9841794159126421,0.134303436086993,69
0.8291442139246626,0.09180766871552908,69
1.2914333993884535,0.09767934659135662,70
1.6715445839027991,0.011100246009190205,70
0.7310194221808606,0.055389333142357465,71
0.7760366285214145,0.0903982396122026,71
1.2429310213619476,0.06957786753137706,72
1.7574881392159816,0.11419074892722655,72
1.8745643781722312,0.10819161444747624,73
1.3045792603905433,0.08539566836501342,73
1.6247446236917866,0.08837035529306167,74
2.299547285436939,0.14234863223037533,74
2.269320235356541,0.13856246008651596,75
2.397440177818783,0.20795994724174802,75
1.689635054563884,0.20328712987909955,76
1.1166171559213358,0.1569163349286086,76
1.9944323214722879,0.13381993127238248,77
2.32668915246729,0.1746804539525014,77
1.0632671648701228,0.073235822937797,78
2.4796242708066845,0.05418541537039565,78
2.1368063906028554,0.05034490762746384,79
2.1386661794934922,0.13386816668492232,79
2.3144424344667045,0.09656951334405135,80
1.6151091411630578,0.08156607275494691,80
2.1770760207546367,0.22107356442926027,81
2.1693698044849623,0.20908458252599474,81
0.8289242085374151,0.05857266867836149,82
0.6765856744435317,0.25037971536049997,82
2.086210879882074,0.22082211728360676,83
1.5124396679053074,0.16166874604369938,83
0.7806815189417471,0.13434024165291866,84
0.589632710090555,0.03838709168113349,84
0.8098796254211336,0.13995577589686323,85
0.8939791493178083,0.28073703865508004,85
1.4560733299148096,0.2735510218075972,86
1.394634454180847,0.02585382226195994,86
0.8748419313621041,0.16447349228206865,87
0.6638928313742493,0.12727401534578556,87
0.5867608332359088,0.11389160982215235,88
0.6039645984605964,0.1402392979454736,88
1.3072725150251312,0.09521472344426715,89
1.8137227249075056,0.14702757355515297,89
1.6532655674092132,0.0516893309675604,90
1.1908641280651604,0.04551729790911288,90
0.5979689004759215,0.16925038922930885,91
0.8882380471245196,0.05334115688141568,91
0.9887864208097391,0.2076224484230644,92
0.960370455563556,0.10710303342872811,92
1.4681715229865866,0.08649118277154066,93
2.3766890672082726,0.09175197446650563,93
1.0263649626917797,0.033884148979370476,94
1.1820432522119562,0.09736432086134567,94
0.5860619693825917,0.13513073621070087,95
0.8376909606716174,0.10852884120373177,95
1.6872464617518532,0.021956617347393466,96
1.5484734449338338,0.0831231903845745,96
0.8393402468352139,0.30324556361653576,97
0.7182905878067746,0.07162261783212857,97
0.6683154147269781,0.0661449926389777,98
0.705702783660893,0.05418672925337698,98
1.2346790469478206,0.28789436893550135,99
1.596620338113388,0.11277624916150612,99
2.154039531332824,0.22687498286087215,100
1.7817627492404815,0.15987734759100095,100
0.8968454809760845,0.028386712794395013,101
0.5798218503743108,0.14476553739862932,101
0.6184718060952601,0.17120783532217876,102
0.8328030064216667,0.12530575703064953,102
0.563450790981304,0.22663716303666565,103
0.582297986564238,0.17906498057529047,103
0.7951080034934711,0.10191500021253573,104
0.5822479961146767,0.08387055102757328,104
1.5061851966335162,0.09135554470742736,105
1.5659980795410193,0.029784320294010465,105
0.8658512835288767,0.18047866260726522,106
0.7230885349515541,0.08908914890887346,106
0.735729985320459,0.03622217764790977,107
1.0055091972255443,0.04077075902890105,107
0.8979273293276204,0.03338378863742933,108
0.7286588639697739,0.1280420590425672,108
0.8712210640635233,0.08608278211705264,109
0.5992724202502572,0.06956677759402075,109
0.9074566673059943,0.17684643041778622,110
0.7453434109366819,0.16240832092493077,110
0.6181198680449608,0.08310590369451658,111
0.8586842605519768,0.10583816232093707,111
1.6928849272881692,0.09068782038375289,112
1.6141477090222884,0.07171604027175489,112
0.7767071168126621,0.01004415515583496,113
0.9703544360712111,0.09430204295511121,113
2.3994997016543462,0.09722159653298383,114
1.559621028501675,0.1268514553173584,114
0.8038112072757905,0.056529753129250064,115
0.7604196681230978,0.09520806097763244,115
0.6399628985772333,0.24295693278681665,116
0.7400840054505458,0.1017068285737479,116
1.2200589618800648,0.1208987517188493,117
1.614458551547301,0.05858834777625712,117
1.4787087628266875,0.10544923059836755,118
1.765340365986394,0.17392626306258865,118
1.2743252956861109,0.0953483211172499,119
1.2645695008457831,0.10682361277662687,119
1.7758329572904694,0.15319750558015302,120
2.314903387652217,0.22088290679559466,120
0.7295966504808327,0.02842358567026484,121
0.6375051110097936,0.07596073749267333,121
1.745688071570548,0.1966597056970215,122
1.9101514754639,0.08774813857747135,122
2.2508902604173024,0.07011553747994084,123
2.508595171252725,0.12357519529987368,123
1.417815595136869,0.2504444047379943,124
1.0382287618869697,0.09332755735537523,124
0.8640183490585311,0.09807156727501391,125
0.6182521577062412,0.08336791417176023,125
1.5762119042380998,0.2000335379759212,126
1.9233842344316843,0.07172256914786053,126
0.8774703623866967,0.12392876844826557,127
0.612646441452339,0.3164039310219475,127
1.2113550859871456,0.06329400438023837,128
1.834048277435496,0.06860163923985964,128
0.734054661143864,0.12996285343448166,129
0.7520459222576789,0.21042148704597036,129
2.4425372065215734,0.0816581506401297,130
1.7086596413523931,0.07562968281136306,130
0.6106621953651155,0.09241012951643855,131
0.6813347221415613,0.024014371014190964,131
0.829731437463284,0.09117998773300257,132
0.5398227105325596,0.14841451061879812,132
2.122952384500604,0.1372336842595377,133
1.159685257174164,0.0403219870505602,133
0.7341089337289977,0.03500075728842845,134
0.9736163673935234,0.1399583183232626,134
2.0930735285786928,0.18545793281247988,135
1.9458438278385697,0.14872697694770906,135
2.550888833294525,0.09439952954088973,136
1.3566433809444023,0.19910373261735057,136
0.6501354260339403,0.24185060183377888,137
0.909062565417466,0.19303712679663734,137
0.8078302129842053,0.1329974791225331,138
0.6691750263150874,0.13557740266777416,138
0.7602314798777189,0.17537717359431873,139
0.8725014576538639,0.27120427508760686,139
1.3080886280257489,0.17609381169645888,140
2.561328517649422,0.053933228609783695,140
2.514759233622994,0.2532419914008304,141
2.545394634351414,0.24367761268289218,141
2.291291345373116,0.1156317685443484,142
2.0149432233673386,0.17016647336262716,142
2.3188201594720232,0.15840131279299285,143
2.2764691620047977,0.2533321093138038,143
0.6494210334721363,0.15732426317571147,144
0.5677245090077739,0.08895967222290024,144
0.8565890864646855,0.142817949127568,145
0.6834728906127754,0.1502065364751235,145
1.251281368170397,0.09819557921677864,146
1.9365443532855569,0.1754710600477663,146
0.7420456696347696,0.15791391228444626,147
0.7270147627194729,0.09753666599889663,147
0.8139985397491339,0.08988019442330764,148
0.7690405970449072,0.045263437049401785,148
1.5178307796711947,0.11771319382022398,149
2.0658867824913925,0.054732078207439895,149
0.6240142578988745,0.10802094249217138,150
0.7702632579621548,0.1887456488963294,150
1.2922108147094684,0.023141117494313638,151
1.6285019917016053,0.15951767889344529,151
2.1256651890648723,0.08903006148585697,152
1.9776919039056848,0.218687260283963,152
0.5252390345273946,0.10786965532622382,153
0.8671544819047893,0.13899353705609005,153
1.5652756266982015,0.17637034983282998,154
2.2229377149459535,0.07638440508898584,154
2.4318580850004574,0.21691505142509146,155
2.155864691697318,0.050443629753382124,155
1.289307653563182,0.04831663966430724,156
1.5066205871768334,0.07916479876373655,156
1.2088906433952018,0.08349480192063807,157
1.7380287989157144,0.14797320107472042,157
0.5062046084179563,0.15498281558158006,158
0.6014702655373536,0.12746752713647655,158
1.19207383961635,0.183915847357019,159
2.085558252299351,0.2422318368808666,159
2.396012518988121,0.14002438233702813,160
1.4635068842737833,0.11777981704510405,160
1.5732845196155834,0.047742940122658145,161
1.4978466955516196,0.07162825099517575,161
0.8945011011146947,0.04768682215345998,162
0.7933292289828937,0.05807574742181303,162
1.2787009693326645,0.04357559176298743,163
2.4465654739635974,0.2668902926044827,163
0.7129814400377359,0.06351703725684751,164
0.6807055113047411,0.023321456498305287,164
2.385805779338231,0.09761283587366487,165
1.4535502335444326,0.18348602165612948,165
0.8762525044173182,0.2524732583187009,166
0.5648231203630999,0.14823658031176182,166
1.5450348328206596,0.03688706516841086,167
1.911070197939585,0.1797718187591192,167
1.5716223104226097,0.10899198887210526,168
1.8885897528567825,0.16612950842782537,168
1.4154088244403753,0.24343658333563767,169
0.9942747861505014,0.17841228614195287,169
0.48993325183504227,0.06568805814195439,170
0.9951489336115587,0.08681399488436307,170
1.987465253712934,0.17698446436370185,171
2.1818658777038964,0.14668245722721557,171
2.430500454877497,0.0891788304747548,172
1.148911174662085,0.1268204645889428,172
2.006003303066832,0.19870360479138122,173
1.8091389904100492,0.07525320302673968,173
0.6457919222538704,0.2137328353348825,174
0.8844554802755987,0.12205239889160452,174
0.6338396477084327,0.0966103836209516,175
0.656111316569404,0.13543004589862412,175
0.7640472833624303,0.17287867783010819,176
0.7331340452991165,0.15957401889969797,176
2.1330863158955156,0.024300747345496514,177
1.4471879650898112,0.11730359394678967,177
0.6579024430766035,0.07490722835290108,178
0.8562070433264602,0.25261480094020977,178
0.7123913423602467,0.03161216149165223,179
0.5728934380300588,0.12942359740909237,179
0.8105001351289761,0.24532996637479032,180
0.7994032126299506,0.05473279229029157,180
0.7310029772880825,0.17239456827991267,181
0.6211623588513812,0.1010953733232187,181
1.1335513449810357,0.0826872102396798,182
2.1470504706903775,0.21591418951079533,182
1.966809022862083,0.08414366659036078,183
1.4386036826026862,0.0700427729543889,183
1.1695093199886297,0.16472523885020326,184
1.12430892417477,0.11252516938659389,184
0.9059620546042567,0.14542670211100153,185
0.5888454244403841,0.1530492999671129,185
0.8426238493472344,0.06308277200409249,186
0.8065326636957304,0.05593669587255192,186
1.916594053847401,0.31856099777972274,187
2.1116936765581813,0.06052151817311739,187
0.6969399619890655,0.13305676530557936,188
0.7058959078851433,0.08084635319942131,188
0.7432875794048297,0.058459789782516806,189
0.6724521726114193,0.09554019356329216,189
0.6108180827936733,0.11162726058809194,190
0.8818359590881865,0.08546993505041844,190
0.717272785411807,0.03319508551771366,191
0.9608654730244869,0.0983781722231615,191
0.8203280054357993,0.16730712492769892,192
0.6718980106344439,0.29038585222817426,192
0.7450925659843098,0.20706494584574647,193
0.8475234039342248,0.17660098230954788,193
1.0554564790434198,0.04932615982745581,194
1.113789285828285,0.1809128872674622,194
1.2775714775993507,0.07900810494187221,195
2.167441978426992,0.03672887198300004,195
1.2415652995078457,0.15621914357096803,196
1.5741643191972536,0.10030728911127086,196
0.7828745726079794,0.026018118368250888,197
0.5331665400258487,0.08998140116401838,197
1.987104351633624,0.09001322727580426,198
1.8328413315873762,0.06955168561228534,198
2.528418480402138,0.1486174799089697,199
1.214732709385023,0.07979990921493044,199
