8.45363153469279,0.1282328832955768,0
7.981369926475914,0.13445300980811292,0
5.901388534430338,0.1684085917317514,0
6.852597251330781,0.275224140352652,0
4.721028783199583,0.18030179518468942,1
1.3329077719846982,0.09982626480396169,1
5.157385953571261,0.03390770883481774,1
3.0071845993474478,0.21687390298355833,1
10.9921171835418,0.09851087368334464,2
12.627336551150417,0.09939970226851201,2
14.371871014414179,0.14034308800625628,2
9.455073093358317,0.1801623388692104,2
13.79259302896653,0.24565137329138673,3
13.703801980748723,0.06383685724414906,3
5.048387306942511,0.19395676906890807,3
13.979056082727924,0.2096162593412936,3
3.4487348588346203,0.1658364569598575,4
2.163692001859669,0.023860228702719737,4
4.2135616664140825,0.14949619587906496,4
1.9933164328226056,0.17418935592304408,4
14.58229797300684,0.1259589169131124,5
10.82157723294872,0.09067119104809723,5
10.320583348250889,0.26225469077084274,5
13.777468788619029,0.05253084746260971,5
7.367564145246558,0.0430674887949327,6
10.452129822391356,0.10349827288602859,6
8.947379662001673,0.2014777243148951,6
9.07638236051058,0.11875036820046958,6
14.803569858069153,0.0016746327590079178,7
12.041075251895606,0.16196913442434258,7
9.774569733917822,0.048178388899973605,7
5.772072130637023,0.20383366391838126,7
6.347596331276602,0.060075507547934094,8
5.9022096964412825,0.23795354796185988,8
13.559471237448435,0.054022928092845784,8
5.67124182362866,0.06830122060016217,8
15.673119576103415,0.09747905856443986,9
10.22396750057465,0.1305118094142238,9
7.495891668183239,0.15735916184943005,9
6.463396006642821,0.1523322371216491,9
10.708708294559441,0.05825885527888135,10
12.893291786727819,0.11204426961360871,10
11.1800113750772,0.156675015342602,10
7.934615833442276,0.11296676839049108,10
2.9547871288030425,0.06709690905042895,11
4.207041942671127,0.11251017367293303,11
2.0480646413664183,0.04097905996431595,11
3.702901999542003,0.14496627201578247,11
6.887028352963322,0.13695675218587294,12
13.383365606745722,0.05132979845660451,12
12.019595628066115,0.15638821690758042,12
9.473598420036629,0.07078239408113829,12
1.7598858397150132,0.02398588822345958,13
3.340679660780726,0.2120156096414048,13
4.366586082969086,0.14370635171187504,13
1.8403105741101689,0.28353839641865575,13
3.8061304392011235,0.08766584705638462,14
3.2859269806927904,0.06122187870573881,14
1.904311984292301,0.08647249404571744,14
2.3220745011539035,0.10062675171777861,14
6.469121399406036,0.007225389217381768,15
9.092970987978122,0.06151977276678837,15
14.115524120472513,0.1551449401227771,15
7.7397501957473755,0.08982301201057127,15
9.714113483199123,0.17514492410085306,16
14.738514076041326,0.11069293480633102,16
9.462857976644646,0.1933670649336444,16
6.73980717812862,0.09108420924639825,16
4.542667095023266,0.01350839536643676,17
2.2198781427448115,0.10325247335870895,17
3.0341398855151427,0.17037752252662863,17
1.2073614167258215,0.06412002893549255,17
8.442224434417923,0.15737956568269915,18
11.329666742387591,0.16887352886187337,18
14.066087201602652,0.1800611492671811,18
11.366119586342048,0.23866393936501304,18
15.370861168764405,0.1004857370016403,19
10.328933979508035,0.123748436489131,19
9.46550780762919,0.15883299046272806,19
10.118241593945324,0.10517411764757902,19
3.101839013795716,0.02780889261995267,20
3.188293555926918,0.1125660524880026,20
4.5906396390134585,0.10774883391145229,20
4.25534758967651,0.20049502689666177,20
6.5854804304186425,0.15208027591410908,21
8.376375481306777,0.12988977786095576,21
12.996543580557711,0.015937362859798573,21
9.188869671261328,0.09970425574972765,21
14.444988352825535,0.09333097248698607,22
13.886345272708123,0.0992263138596938,22
8.151043981612125,0.186323892830731,22
9.605272895371295,0.13206750965003997,22
6.4057222119561,0.1974060098503035,23
13.588422228865957,0.16149960751007716,23
7.395158956069702,0.08044979219443128,23
13.185083090372485,0.01884898732108858,23
1.9050157789522342,0.1681920725297921,24
1.8219015963394802,0.10949553736749378,24
4.644098785859576,0.12271476549343165,24
4.98697266232912,0.15828170244977802,24
3.5371101093463313,0.10942355984756427,25
2.042221759028603,0.04413859662786315,25
3.1567404632334584,0.014090673525114178,25
4.524174852676996,0.07931415957081892,25
3.6743819767538337,0.09739873343190561,26
2.626926549381301,0.10303317157469245,26
3.713639128176776,0.10575868455384926,26
4.507282966413883,0.136602284073997,26
3.928393750006114,0.0854150929029694,27
4.637822938508052,0.02008349718992177,27
1.4560974746009026,0.1219880149233036,27
1.5837789818569457,0.06572680032577562,27
4.155808152685673,0.1125988998357814,28
1.2353253705329728,0.04775523629254893,28
1.7684268365590612,0.13845525218829655,28
3.4345395817373054,0.09914042960148774,28
12.723791457493393,0.09044123767318524,29
12.6557629296841,0.09031894365422874,29
11.074719686232504,0.012129137825436526,29
8.024817344406724,0.010013789834380516,29
7.5471348245315815,0.12585339150842678,30
5.275717227501985,0.05944100442670632,30
7.452096413294364,0.015073267287821228,30
5.500323250464877,0.07971864319788372,30
10.51563118225586,0.12993369740509472,31
6.801902278940581,0.05033606175894675,31
13.534390027049547,0.2184100999530711,31
7.517314032107784,0.0792162501935822,31
2.313313735362282,0.12678695338517634,32
3.0085476730280156,0.043030544416960324,32
2.5317828652940175,0.15978541894968346,32
3.962431855929072,0.1517284141222135,32
10.238768673840834,0.15727660406531344,33
6.517859013824719,0.09844489502267122,33
15.103307197486801,0.13376480600878274,33
14.739668350938814,0.015297170067518349,33
9.682180592921915,0.1626555800919597,34
6.594414156152459,0.1686478975741417,34
13.611120457436561,0.20480078750211497,34
10.021103922024158,0.10894309348426119,34
8.590876012611323,0.02924731297549354,35
8.755334736964802,0.1352549873045365,35
6.364664027116087,0.11752113332253922,35
14.006518545775938,0.0869254125146013,35
14.442058789677711,0.11173140160513766,36
5.394367039289989,0.28975741927789517,36
7.804410152982639,0.22999263934689015,36
13.941575696748943,0.05906978683664345,36
1.79299926789867,0.08937918365141877,37
2.9034436454088732,0.11854654392741576,37
3.059066312103804,0.1215225209358754,37
2.121730395746133,0.19864887204009088,37
4.894047988419225,0.22841730488856424,38
4.259460978543118,0.027485432006221562,38
2.3772907883052623,0.08922263125772417,38
2.3959938605679034,0.1343111837591128,38
4.4135907139501365,0.15675299141208374,39
1.0170209323339656,0.180673535079349,39
3.6829102985706053,0.1775304161708925,39
4.33520018824753,0.195791888759099,39
5.412442348268104,0.11896554784889239,40
10.90166109365731,0.130832101211243,40
7.5310083268354875,0.16959289393394414,40
5.635430701293488,0.1586266613181689,40
1.7302083585597872,0.20976865021230412,41
4.5980746649920885,0.08275163728494409,41
4.771138336959247,0.1210322183952782,41
4.2197744530447645,0.19875662657396567,41
9.481310926505145,0.13906292581392332,42
7.670667898526768,0.04903015656306539,42
5.057619607942605,0.10638149174504825,42
6.767707750903566,0.14491305019545617,42
14.548817722593716,0.11943767435930285,43
5.444590224427872,0.12387528725538996,43
12.357650328032037,0.15731097708365258,43
13.892362965159302,0.10565236568255279,43
2.681796592867071,0.08021130975822638,44
4.226342145241703,0.2058107887672579,44
3.857572561943642,0.3677752141793632,44
2.709776224405032,0.041984114696607774,44
11.925311479743112,0.1367046608745567,45
14.953192216678254,0.13209789490633714,45
15.222272092622442,0.05140773064753591,45
5.701810636446501,0.054526453834689736,45
1.2906347358462558,0.034619617086199116,46
3.4151005019195084,0.1178049415424288,46
3.5564583034066506,0.1237453339038823,46
4.750016527629998,0.08320035322826254,46
1.7944162972884554,0.05225336119417222,47
3.1434125321572637,0.2502337901916762,47
3.8095295416289354,0.045403943196743075,47
2.810767704996311,0.2066294484101347,47
12.00871963364578,0.3621833005870273,48
12.436026107739337,0.012630175264503916,48
8.003694492096326,0.13744075309437803,48
7.9634185071406325,0.2263695049021466,48
8.071187012235875,0.07000834081803076,49
5.291870069125442,0.23888122010936969,49
13.34154358966734,0.1002043490016355,49
11.296752512973294,0.07745280206918365,49
4.331539820505857,0.20738870002384482,50
3.5442955569166292,0.06199058869145248,50
4.23712185546286,0.21562071159912366,50
2.7738588870429424,0.13274209665485154,50
1.307710757433788,0.10472705633846707,51
3.7214888405150894,0.1435965333227356,51
4.306428912067079,0.17213892041409726,51
2.657460975222056,0.08450643722158346,51
4.7222050883791615,0.21181167824546832,52
3.1799179227200813,0.13957927847566254,52
1.382017161869412,0.06809714709132406,52
4.131305153627577,0.10552008617793082,52
2.4885722503130787,0.2635161696633482,53
1.7991504919917116,0.15243826383748052,53
2.780162595305023,0.11706177233851037,53
4.8192919642547745,0.10958982138329008,53
9.454471676917418,0.1615217418665317,54
5.968768845023546,0.09522735431407169,54
7.000713044528358,0.06886865470185297,54
5.501239701913831,0.13859759518603296,54
1.1878526219918586,0.1467440415270322,55
2.2105837284156356,0.17164410266247276,55
3.500860591211467,0.11615569815006582,55
4.371293980108978,0.21474040158678345,55
10.145279578876908,0.37866395054712804,56
11.810625427460598,0.12586705669206935,56
6.5026135444973185,0.20760409867680327,56
9.235694333571553,0.11532593812593897,56
10.775206672596166,0.08898172659394847,57
12.579370508934007,0.07481333349973147,57
10.665508113704137,0.031002215485103977,57
8.341005876487538,0.09561581055764352,57
4.367823525383603,0.02033892234337503,58
1.349823682405403,0.11345374495812827,58
3.118331182619113,0.06651710663976534,58
2.0764940204691653,0.14915650284100349,58
1.5124170224521236,0.1397507929552576,59
1.2011443219130986,0.12637290596462403,59
1.6920693984158428,0.22719491096341685,59
4.856963649882648,0.18454334285698706,59
12.73438269579872,0.2011553536813228,60
13.877619618724468,0.12399694753804284,60
12.601388545124161,0.08721551363921855,60
7.983805579566551,0.07254590506815768,60
7.95550183555886,0.1764406489888837,61
5.271828986634529,0.2468595436835245,61
7.283424636833356,0.07872778602333194,61
9.630993207180287,0.06773055670907252,61
12.873284636802849,0.10995891995787291,62
14.509065967114529,0.2513949298182998,62
9.479489327530136,0.01480233885901936,62
12.788897870550711,0.07634885029752696,62
11.63323439050655,0.10328083114176885,63
8.080102222873581,0.06649437798720556,63
13.122563069884329,0.05526572172147472,63
7.275025896124667,0.16561651454733503,63
2.629210933259387,0.1036879376887225,64
4.505728657142806,0.03918306719831947,64
3.6677137689578014,0.14502433872923864,64
0.9538755051123369,0.1304827333757398,64
6.329869790736923,0.07107663316557337,65
6.4705157262493085,0.11779153541308336,65
13.122090486341081,0.1665835341128406,65
14.885512502772988,0.11943880703641184,65
10.934862181486318,0.1744871868375727,66
11.598013477677048,0.0804423878625237,66
8.694225020549847,0.03301372110817958,66
15.291390573886993,0.17255431696761273,66
1.6402518438232323,0.16187919703605416,67
2.0461061015554267,0.1399535392335262,67
2.9031420716305605,0.05648508946837539,67
3.812016604549095,0.18537270430986477,67
10.221671798153558,0.18982359053048437,68
11.02220512841436,0.09527175869309633,68
14.408189949252273,0.18658278299232114,68
11.735006034687691,0.20741723775026658,68
2.3273464980589185,0.08464687941449256,69
1.3993732962812688,0.03404542571933149,69
4.380979700767028,0.04729477994391832,69
3.442786831692843,0.0645717266271505,69
11.300609867056552,0.11365662017601984,70
15.560053719502333,0.10582717042720789,70
15.591102827435437,0.06344838425576572,70
12.022189229910081,0.1126807661119692,70
3.2739703787271957,0.11602148176213878,71
2.543010841644448,0.060853813044154936,71
4.178403049730293,0.11233981525166575,71
2.102916912530223,0.17772787840500762,71
13.808815396618805,0.09105055479850754,72
10.005900345346738,0.11871489124471184,72
12.542049824447497,0.08054445242767455,72
13.65629871678462,0.16540987765907095,72
12.165819829366685,0.07463635533970962,73
13.60424604135564,0.17118512458206128,73
10.508484046228741,0.08960287803285623,73
10.925872596252889,0.16620048655519476,73
13.294920859714486,0.1609408282707214,74
7.83689584307989,0.3179057007758959,74
12.362418779812069,0.02997247109268068,74
13.04745876221871,0.12533503454383021,74
11.883606485829805,0.14341014668210977,75
14.241538579492104,0.21207082494009138,75
13.532398999221176,0.1801459525260257,75
15.21604664534183,0.08214239469479266,75
12.323915395722347,0.17712129524662718,76
7.353083934729379,0.08399204529412643,76
8.308653429272244,0.2638418864186966,76
6.897080718574891,0.08763424007440923,76
11.449855833885298,0.011743936246792102,77
13.241645941773537,0.051287685051028375,77
12.983847420872005,0.10720808316775841,77
10.704109323018448,0.2147443664512517,77
12.246169207991795,0.06101826743153455,78
11.697840861291269,0.167114984386194,78
13.792892805887321,0.09494641753197369,78
11.09422889532569,0.1633674236059903,78
14.596693740515926,0.11832154707617504,79
12.592599138719436,0.019071097264975266,79
6.5520954340663025,0.14137574873309353,79
9.912856372707264,0.07852732402164679,79
13.621408442726201,0.1169054368407476,80
14.75420229014757,0.0734588896574465,80
12.5615665481817,0.07046788103357383,80
15.126329045506342,0.122791792605812,80
6.769151660408751,0.058966556745798565,81
13.858842117632165,0.19047481183285547,81
11.861763442570512,0.10793295597712037,81
12.740359524897666,0.20859920106429397,81
2.6526211115835236,0.26386820521987403,82
1.4373735811430355,0.06815584549919022,82
4.307807697724122,0.10646991991615007,82
1.880838065583338,0.012067034335510598,82
9.942470179975189,0.11471222513203715,83
8.527080965987553,0.10306059636182537,83
8.4810370204326,0.18976551249405155,83
12.67328785220534,0.18210434674550502,83
1.4404340695114988,0.006380548152692822,84
3.6946311789379287,0.2659181297298115,84
4.814593740899664,0.1843567883904283,84
2.217780539075409,0.021853724298558246,84
1.411239473595366,0.35286699901727386,85
2.2611250626855064,0.13135369099203364,85
2.848377843993044,0.07503387923236556,85
2.501157967178611,0.11847758444679726,85
13.807770956537448,0.2000079281854128,86
8.991733302151019,0.14314565569728613,86
11.12020686784409,0.09499380188032097,86
10.822503583114171,0.16584015295197152,86
2.885323080710055,0.00971834192251866,87
4.191336841267958,0.11901222650455244,87
3.0055329259686725,0.21706276893279913,87
1.5808957470154559,0.12950787078391512,87
4.281736422184097,0.029041641914379683,88
2.735819478736212,0.05805611983301898,88
2.522148050014081,0.16216064645204706,88
3.6531996019562207,0.13175381051283583,88
5.824614689950185,0.057125870996075585,89
7.7076963188104255,0.16613799417408404,89
12.71265517602563,0.1278246047784128,89
10.795772183020489,0.16665941821517977,89
11.733761964854201,0.1701185608786047,90
10.89421882016175,0.2224823871258507,90
14.45366559821224,0.004381068157491542,90
6.978274394492937,0.1610014168328669,90
1.731876612942466,0.05174838073856788,91
2.7238603588215504,0.2386632084805422,91
4.863229095775055,0.04079544791196509,91
1.8130951650060085,0.11890550064058915,91
4.060640402179583,0.1549829193582787,92
3.7478618684577083,0.07689600654120553,92
1.8656258923706135,0.17633314600922043,92
2.373059323510718,0.12958750239817424,92
10.376425221337144,0.10043491166518234,93
8.60460767669055,0.1100798585341876,93
11.097467972951064,0.040264385012412716,93
7.69842504643181,0.13701562248470978,93
14.22685864913773,0.09199267732417558,94
15.16110251362741,0.02518314665977694,94
12.94093530158812,0.14233288985914513,94
8.521243999141385,0.2172957988092998,94
3.9493437136278176,0.21619358674432257,95
4.299821554926557,0.05591986762193689,95
2.511115212848054,0.09272329418754183,95
1.248192594921775,0.11528406124125175,95
5.2685287745698215,0.032753659264398736,96
7.566261206724278,0.11527240212887017,96
11.773057572155144,0.26286325837676655,96
7.373314377163731,0.22734473886034612,96
2.013928076032262,0.08920565645749079,97
3.8659482290285774,0.17545150253039093,97
2.4987648105354143,0.1865988484181821,97
2.8895944253380708,0.17680984803184394,97
1.7154663754110757,0.2901586680901926,98
1.474659009943779,0.03555165722469328,98
1.061619206679351,0.07438451787793515,98
3.4132829957878323,0.06644704250296572,98
12.774538172914466,0.04104544266931438,99
13.47260466489002,0.021265012715525094,99
9.143153300643776,0.0959369808810129,99
10.697910557898336,0.06196285096804016,99
12.162695608491713,0.1342284437247483,100
10.545322735886261,0.16283702160292274,100
9.666443468737844,0.05640604155319747,100
13.865085278318025,0.21343320496985368,100
2.121800526065761,0.1459039069868029,101
4.769249851897066,0.15311442508847253,101
2.9597758637301133,0.13367019186975626,101
1.1234403918930593,0.19028736198097618,101
5.221783243670226,0.2547170823042181,102
4.2806478209397225,0.15176656864430457,102
4.1725883792823035,0.04139740533803917,102
3.8090405608403195,0.04065370566484062,102
2.8785373113301245,0.2836151997519031,103
3.071188472276144,0.11218691728450934,103
1.440308293021868,0.12426375820068765,103
3.1174403823008903,0.16244506040326756,103
4.830032535083923,0.025100875963288843,104
4.232252376402576,0.04732189981822784,104
3.4349318601772953,0.12845708622448235,104
1.2765291271939678,0.053340924280636026,104
13.112776848830277,0.05666484627210912,105
5.4296473867059625,0.17236176793144223,105
13.901477886100391,0.123969039503718,105
13.044724907993825,0.06427574747217528,105
1.224068613735927,0.1678050696901017,106
1.5099855672892095,0.12983310836950038,106
4.104043766733413,0.12992855076237195,106
3.0060261983812553,0.11543751335700707,106
3.6401477527045274,0.244620218694166,107
2.168377906464593,0.05922067825819821,107
3.002744443613659,0.1612759289857164,107
3.938384564061775,0.06024698871918119,107
5.008121936261964,0.14335935470354585,108
2.2538240049883527,0.3431294042059702,108
4.173574445469503,0.39886407692800635,108
1.8876840648521165,0.11167673120846193,108
1.6776228553139387,0.13803841024032534,109
3.900193348390174,0.17755794212763243,109
2.9491197284799644,0.0692260190019178,109
3.2199056259749663,0.1312488259229599,109
4.856628913472142,0.1724095790629575,110
1.7601423630750808,0.03427866734392524,110
5.078159630512276,0.17905068991599105,110
2.8271794316596175,0.09869714070237814,110
1.3559452060763133,0.19621840807676752,111
1.8780616482084274,0.212008439260255,111
4.717427666360203,0.23564885536476213,111
1.0333754284379624,0.05435545156900196,111
7.250682348575383,0.12793717726935086,112
12.371825703553984,0.22893550735872184,112
14.181886532006382,0.06839391599707839,112
14.435385594611324,0.10614849740050215,112
3.5488616274686176,0.3239980783458073,113
1.8495620240588735,0.060687835706733216,113
2.4048838211280317,0.13222330227648235,113
1.8828158611386039,0.2490991361173696,113
9.156049287347935,0.14674478779749806,114
5.450598792842723,0.04818313319398349,114
8.252175078744353,0.12319582792977159,114
12.493493491116507,0.10384446648717792,114
1.9442914933782525,0.24940102813336754,115
4.868071931457809,0.26119021506133333,115
1.817919798096673,0.14854865790229208,115
5.104626518189352,0.09099276560828748,115
1.0122481081206272,0.13466703228278568,116
3.9557130918873202,0.049730985334642604,116
3.459138486385387,0.11243343233536308,116
1.9524283217863176,0.09249648453484316,116
7.796054021104956,0.24124940248364235,117
8.859123357510116,0.10525293409439741,117
9.380936257386459,0.1140328859123637,117
11.307856117749193,0.08374822618800183,117
10.828990401289479,0.1096606840706537,118
12.177195707449007,0.16938535026281956,118
8.357611972238331,0.24432748189549192,118
13.307517703505242,0.16955260594310484,118
13.714748563750632,0.18074332079357944,119
11.829645035159835,0.1837959102942527,119
12.440094204811128,0.05352403765738176,119
14.56337809943389,0.22572327081800694,119
7.278857182264293,0.09910793514654749,120
15.106024628053046,0.2191740653341634,120
7.645162573566284,0.030860433912193265,120
10.661241415810332,0.07907796500878873,120
2.953031892285692,0.044507275623273404,121
4.898733777979505,0.08614163286211791,121
2.4006659017269065,0.15835686251409026,121
1.7430530979124363,0.10346472871334186,121
5.171750072628326,0.1598595356515873,122
9.702883832519783,0.13430078874588422,122
13.408903063711234,0.12989980114787492,122
10.868362002684655,0.09892321696711312,122
14.120310522917906,0.05249966864066655,123
5.4381374427018745,0.3406903310459131,123
11.633924088907122,0.09533561723820773,123
9.362837795163022,0.08770443287177744,123
7.276824451504004,0.1603420092771833,124
13.675922639922613,0.11362105018857417,124
7.819079349656046,0.16045202975485906,124
9.630033489571092,0.0810603328167773,124
2.452759124546695,0.0700748124609324,125
1.5052609732469262,0.3283173093699523,125
1.4372225979187498,0.12597844112043366,125
1.0325680282592775,0.040938875068388815,125
5.4076544056902245,0.09236040963800812,126
14.854827381329091,0.18102814713413917,126
14.811462390347582,0.20635033097316804,126
6.323338886866395,0.0703852090245427,126
3.455803759402098,0.1499286323881399,127
4.435389673872653,0.2689417657656176,127
4.538947114483984,0.2147762561709374,127
2.3991760936113518,0.08411234473045184,127
11.097800675436833,0.2093941778080472,128
12.126106611797,0.3020734923769378,128
7.400307394509277,0.08391393650792643,128
14.989108783904337,0.20575605341812844,128
4.174375655579908,0.29578854244412456,129
1.3384714939570845,0.1520240483499004,129
4.287411547817522,0.19974963690838662,129
3.5923654895860047,0.21625072147867136,129
10.589239031911374,0.1286557240330417,130
6.257935362228031,0.06502001052497684,130
12.436109580758847,0.0437662740169277,130
6.170797117042255,0.22049113805590773,130
2.66321204863742,0.16451360644027954,131
4.4178527112710615,0.0622664983223503,131
4.361553490984772,0.10371234184856355,131
3.462302720418172,0.13135848039340225,131
3.435380466765277,0.20530970786412686,132
3.557629501915415,0.06551682712961367,132
3.946440854501697,0.24598336520101888,132
4.018084600972605,0.2145979943197826,132
11.22441685050339,0.05137312403915698,133
15.024711610370982,0.034122610841914106,133
13.784202143464292,0.1628198840119253,133
7.430658968508838,0.09138962002117824,133
4.327573585939087,0.05000504342765543,134
1.7945498051786837,0.09444031514710492,134
1.4763721355022241,0.1453026424354384,134
4.478841541243288,0.10701846327880679,134
8.127595337630737,0.15074675512258967,135
13.754120856566631,0.07910811080050548,135
10.537353810904296,0.09241634431210714,135
8.279281036301562,0.08960251540146338,135
12.932484703322663,0.059892961517458806,136
8.601461748942848,0.09026077558990896,136
6.827607650736999,0.0831969328301427,136
13.51070059189283,0.10145783640050798,136
0.9728797434823799,0.07926107480447911,137
3.4724116942393133,0.10590457295462613,137
4.451137484414736,0.15314760306990352,137
3.0731054722266204,0.058535664672184025,137
2.664902554881151,0.06988632869168342,138
2.729187122624814,0.2224571061743769,138
1.2210251995507144,0.19598369639012012,138
4.078412448790944,0.2271332424986954,138
3.6358553039283352,0.18127382207222725,139
1.0182556848686128,0.05603065126700471,139
1.368551146358943,0.0518095498477293,139
2.306068264093508,0.25329841616535576,139
12.338059977094511,0.1440525516306196,140
11.198582686071967,0.14789398597700523,140
6.956219842149624,0.07066245194883121,140
5.5407360637832115,0.1411508089431464,140
14.263262156147421,0.1815553587149115,141
8.482719630245894,0.13579418716502417,141
9.290691964598302,0.09902350807459687,141
6.2599243541496365,0.14787085961520152,141
5.023794974834514,0.058864248335680484,142
12.744336597002626,0.089280898006025,142
12.791349804002012,0.06368546567748021,142
6.3141423756469015,0.16612557368136918,142
7.067203670785609,0.13111111659464722,143
10.094260441819518,0.05879651363511382,143
11.662181949925317,0.1023929712713333,143
8.10260201392957,0.05633640200047503,143
2.756253327448227,0.09125043103243366,144
3.5837608600338315,0.19961775109135568,144
3.8037163147398547,0.14544547172828534,144
5.387635827215,0.3335178697541731,144
4.1692945091369324,0.1812871277595081,145
4.920538510750486,0.09064405713433851,145
3.330603044530094,0.09824588034279284,145
1.7540547902490835,0.09807176721243163,145
15.39305503861039,0.1297221263480561,146
10.40390298920603,0.043413822840784363,146
5.700607165239004,0.12191448303423666,146
7.356947835018149,0.16288059934593282,146
1.6499706154924838,0.09515918506471623,147
5.05628614524656,0.2142078239401692,147
4.952081640913835,0.20788154475004844,147
1.8640804338356696,0.22273985822359846,147
3.5990007955410253,0.19419980259004427,148
2.553265736743722,0.25307002462996614,148
2.159460179093014,0.27492240742832774,148
1.2131305534638286,0.16048722266301504,148
14.488363408317554,0.060799891817612285,149
8.182543855842308,0.19865030067004802,149
9.955682764484596,0.1718276617545826,149
11.4562290301817,0.11551455056851143,149
4.108704752017824,0.08694768832131455,150
3.411317775278034,0.03896135875130135,150
2.4538283926697533,0.19495408622148372,150
1.5246843919667545,0.035564813407751535,150
11.917352342548796,0.11052817545094235,151
12.571918195172966,0.056073742015557176,151
7.813238256812677,0.18871740578932533,151
5.495211686942664,0.168490871876422,151
14.19397851664237,0.0648682263182426,152
12.835177386513198,0.07752635172287116,152
7.723428466976608,0.13900475976188767,152
6.415827493426779,0.34225028530922424,152
2.7032194054451,0.02330400861687167,153
3.9340176683626895,0.18065347399202614,153
2.13463866645995,0.21415616383752595,153
2.9780069985930795,0.12914879904544135,153
6.67334346893588,0.11736068901978373,154
9.07805468885959,0.037784812210156754,154
11.299065980219336,0.0646871731057751,154
14.705528394254507,0.0742460433480354,154
11.563883075308482,0.06938960512495997,155
14.80187303745649,0.11383480353744203,155
8.800151777907729,0.12490328982153401,155
10.427612770257033,0.06686052784606267,155
6.445172036588094,0.0656153758756826,156
10.786596938241654,0.16988814719842915,156
7.492718224626431,0.0717465782645206,156
7.478443631919279,0.1435220806330597,156
10.398679812756333,0.13020092642040695,157
12.058130228856,0.17998124090068537,157
9.223184949345761,0.19542480924581976,157
7.233416023289891,0.14966999219301386,157
4.100285788031627,0.07562535712812636,158
3.2196754486431334,0.12786963662813067,158
4.032897601975106,0.15611905596822737,158
3.055210440448057,0.1380678220453955,158
14.69633972476927,0.13235572086933567,159
13.19818863001573,0.29748838091334484,159
13.597041088306518,0.03377523506893441,159
12.828221233235242,0.016208671589493233,159
10.121546892325737,0.08259558584256857,160
7.541850639100201,0.13888626371693225,160
11.228718406378253,0.0525476187645747,160
13.049236250312463,0.047200025556851766,160
14.021645538534562,0.1027338377923215,161
13.868357096656993,0.19154618770058476,161
13.814638328417205,0.16428879328135665,161
8.707604978416889,0.20683563223578758,161
3.06822003083311,0.17942509357324718,162
1.5789420468738675,0.19536617142087803,162
1.9308549656920884,0.12744189938109016,162
2.197740398184313,0.195127070982019,162
10.47400892739844,0.2880133711950313,163
9.713979524668515,0.16979865767517688,163
11.098706615013047,0.2927301228180893,163
10.994447965646316,0.043266508047695544,163
2.5906479469571733,0.17232924436154035,164
3.4794763917288116,0.08135781096761925,164
4.693877905431459,0.046129998173858724,164
2.7505928762311482,0.07235300045115903,164
9.356808552571268,0.2749968605284062,165
6.536089007038896,0.1439292671421889,165
14.096456106889349,0.10381199388820633,165
11.640837525853241,0.15680915290619993,165
4.006433473509824,0.11440432225065897,166
1.3979354408018954,0.18201797718779614,166
4.008003882290844,0.10960149209376825,166
5.286932436420828,0.09834902422340353,166
12.750530160954638,0.12311035369672084,167
13.885736759425116,0.11650272082499319,167
12.533010695498598,0.21549276726533592,167
7.495786288934621,0.0924809647067012,167
11.63752290748843,0.14222936058445665,168
12.486923213623545,0.001719331172751403,168
10.266399501173726,0.11504561581286646,168
11.879830942797597,0.14796460437993647,168
13.641463477738219,0.12366715158438506,169
7.3012711484325985,0.01814238350871169,169
10.446520277825668,0.28595156085834456,169
8.549315882701695,0.18960427178982237,169
1.8118850012438488,0.06833975184503134,170
2.6741178244212063,0.09880200686671142,170
2.7496095340695366,0.0888547802406616,170
4.705538448786025,0.20865575985719678,170
14.028623876051393,0.011679431998770194,171
11.734100322254697,0.33200104660806484,171
7.852695400547684,0.16707766941651223,171
12.483281226037926,0.1500001310529396,171
7.8315027778251185,0.1368424983254859,172
7.766680544365967,0.12414640878897917,172
6.939224277412087,0.14275802112347627,172
6.867041758005324,0.10549465661664433,172
8.287337025539742,0.11310191325204251,173
7.738913053072292,0.21099763459108745,173
11.20461957432589,0.02054412583997305,173
8.382937970746253,0.15725242168066297,173
2.949529444831593,0.1211463411799336,174
2.2762916006213376,0.15347427519886284,174
2.3836021618519156,0.030661184754257283,174
4.846547650673485,0.11578327231670517,174
2.215347828022959,0.04458964944819897,175
1.7947211674848718,0.05289775640446226,175
1.630190785457255,0.04935119648776871,175
2.9390546152897445,0.00633255042192396,175
4.095983858620936,0.14088986652077615,176
2.974020005713298,0.12552381169426075,176
1.9771623037730208,0.2147838627638075,176
3.3305446551894504,0.15702443891786821,176
11.67980777331668,0.10538150261631331,177
13.30819038438307,0.006439622578058152,177
13.187648033109728,0.18091681237732296,177
10.157097866157645,0.17848800567411624,177
4.822028167057118,0.18811225677414292,178
2.04573243182011,0.12260393412558954,178
2.2097025941795176,0.06160718043788447,178
1.691079950295089,0.09497567546906234,178
4.917657631062776,0.0958186873706925,179
4.0695600947235695,0.07169971597751214,179
2.0380195363347533,0.14156403977239207,179
4.48440140362472,0.04042639283522935,179
1.1081731287658383,0.15330505204570746,180
1.117349761166891,0.12914976900322103,180
4.147001994112091,0.1470610754746236,180
3.691922285557951,0.1366236660479446,180
3.7589968207090925,0.08398729743204274,181
2.9096948717405473,0.11498972673039927,181
3.2169486877760622,0.16228598970839547,181
1.6116708856932378,0.20082601589563356,181
5.5157927627380055,0.17000828704547918,182
11.408020882123912,0.26475917886885236,182
5.5746020380679235,0.20880805357595086,182
11.791988869621699,0.1752830841516595,182
7.271461486290283,0.1074570314508505,183
10.713789223505746,0.1316173826010573,183
12.321525498001707,0.09669508331223907,183
5.627519678684376,0.11973701292877285,183
11.051592878567982,0.08956093259181326,184
6.3467876077739955,0.08924269410265614,184
10.075654148695113,0.14220809592579847,184
12.336656804727026,0.09881502815124323,184
4.501551069054261,0.11343684795826378,185
2.5693558145041546,0.14088464661880942,185
1.8394360090703776,0.12108393430539306,185
1.987240476282469,0.11295611273511122,185
3.2574297325684887,0.28036338261240484,186
5.011985174277481,0.04087317537745376,186
1.1853233042752047,0.07652263893703513,186
4.124971915885653,0.05349259662365104,186
12.71790033971213,0.20891915541840653,187
12.306511731763234,0.09894671484195763,187
5.929237992914494,0.25241833540592207,187
12.868623251790533,0.08560958983430288,187
3.9635618376162687,0.07137700602067937,188
2.9656229341157148,0.1457557255733815,188
3.257282658672621,0.07306652150622933,188
3.237529601285115,0.07733699116156789,188
4.2738499325091786,0.2840335508253933,189
4.1673932384172145,0.08899581423683194,189
4.444733973684438,0.0947954727291998,189
3.1632690819778,0.06879256965962416,189
4.058025061603128,0.027414244369004425,190
1.6939765285159536,0.058499714032902,190
2.9365940699748427,0.08919521131727809,190
3.699186758993943,0.1091357013260355,190
1.1920964530185625,0.24694608423272293,191
3.0796113453104,0.05232111058818801,191
3.372637698549842,0.037844200674142764,191
2.3306005054635617,0.08919271313989016,191
3.8374729940990435,0.18169010145213424,192
1.403417366483844,0.24268912709823448,192
3.676556721741333,0.15183910469879874,192
2.5930490459296993,0.14344176117008103,192
1.3284045180694024,0.2426059228909527,193
4.90964508947353,0.0713041168790665,193
2.7914503212836013,0.2684627109581799,193
3.247315604918645,0.1441083354525732,193
12.329673535135262,0.17953873812336807,194
5.38410140531649,0.11940942893958544,194
8.60041165087993,0.14031691316529038,194
15.232272403605663,0.05660926472362321,194
9.449352159726574,0.10596815417360485,195
11.999086334515926,0.2187868570392213,195
5.379205819845374,0.056743440978337056,195
11.767658529614321,0.12329906303428603,195
6.405702575588324,0.038101531376360694,196
13.29631952861965,0.14260190642494927,196
6.901940825980353,0.027848824433308515,196
13.57123397773911,0.1657898455147914,196
4.146211794399777,0.1527868833982563,197
1.7589918152362625,0.12507147033925908,197
2.2493667277429057,0.1632957644667131,197
4.4348160533287775,0.054867780521496524,197
12.081028687489368,0.1725558045885588,198
10.573859378302554,0.04067221391373915,198
11.468762872142857,0.03878042922053508,198
5.241155057480532,0.07359375015740323,198
12.032713635790877,0.14566406847390476,199
9.538687810765664,0.1306912030430075,199
5.215828220375153,0.08111818133495363,199
10.13737182816104,0.1777054735675067,199
