5.530747338495263,0.12038970865187411,0
8.03306425593415,0.08350879623702753,0
13.616657239964656,0.239536085475941,0
13.987430507267765,0.1585029347471759,0
3.229577711758171,0.09923541963617684,1
4.832563760001121,0.10432999055398423,1
3.6920079251093716,0.1798995547627348,1
3.155217904190238,0.07105477435799497,1
5.994709005558493,0.25361705849351934,2
5.132953117365051,0.12011692311397525,2
8.08183586080204,0.04667274390136617,2
12.341441443466978,0.1051407801016181,2
10.171038517340438,0.06228647640439472,3
7.22827812757005,0.037909715165972996,3
5.831721927475512,0.1724017383849074,3
13.330236647029063,0.09399705663868282,3
4.233267600652392,0.16964521486221967,4
2.5591045782561563,0.05196078009035702,4
3.663729271848188,0.1365154661079908,4
4.642665711876705,0.24231738269457714,4
9.934328181707292,0.1067838449670386,5
8.992605593383995,0.0070624244301744086,5
9.08346801286082,0.08329422736268273,5
13.519925180627597,0.12850573221969303,5
10.843083084775522,0.20623185528097598,6
13.158549383271527,0.177144099594694,6
8.615366569575476,0.12345025145444256,6
7.691991512708022,0.14817335630837608,6
6.520222823757675,0.05433856344156243,7
11.23223670091849,0.13088714793793024,7
8.902054357329426,0.04234073069475936,7
9.914808429832682,0.06211771515211089,7
5.892712206785221,0.11983807397052328,8
5.307487958642799,0.12485129426715434,8
14.481628551558615,0.046221404298802685,8
13.407745144400343,0.02967160990730402,8
6.596460897696184,0.17010502031900887,9
8.929512877315105,0.1647936173468718,9
8.931887593113885,0.12289923214703317,9
14.647023709736285,0.15371513365476216,9
12.110865937156259,0.10575420272788497,10
6.960491876129932,0.12047397820302277,10
5.732337132547104,0.1410579593616291,10
8.114894548628948,0.15629614213257756,10
1.4200341375954668,0.15096128509531226,11
1.5828252610946885,0.15032228231509467,11
2.217848854483477,0.12249992754547132,11
4.8627477640965395,0.0838034826439737,11
9.31576874755612,0.2790495683852925,12
8.401642831432788,0.15490289798277188,12
10.544906915746916,0.004081757340697655,12
6.416013276241036,0.14225729972708362,12
2.470891045910536,0.17255255802374822,13
1.5682442640393275,0.2138121521399155,13
2.029114317503071,0.1998413232529856,13
3.416020517123745,0.2534344261287151,13
1.124795632907715,0.08541915222889311,14
1.5323297869911365,0.035970698245698055,14
1.852716835927566,0.010750102792269898,14
4.430109654718403,0.17331821168686112,14
10.082107794929282,0.15271743155929704,15
6.369285734937673,0.015664010588012166,15
8.561791310075245,0.07698029057517704,15
12.602971875265359,0.2663210796336453,15
12.311473286975042,0.21367286322440923,16
7.577537129813282,0.21678894390055709,16
14.591223692505785,0.06984553576083563,16
14.851162190127978,0.09434634380569719,16
2.3635448788275726,0.07023072580246431,17
2.6515807565023675,0.22262544876475024,17
2.847026286420383,0.08419660028630876,17
2.9279189957389367,0.12123229637059862,17
8.320188568420235,0.1401562055393604,18
7.215057066634575,0.06863827097847848,18
8.532147266047474,0.039383429476399265,18
7.666324477198495,0.23161949412050814,18
13.094360261599915,0.17552933328332895,19
11.828283926898917,0.07443879712134431,19
10.717257534044126,0.011206783279107822,19
5.439886740071553,0.221308643241236,19
3.7293310650287244,0.1551231917554089,20
3.2845212663215793,0.1612499610973215,20
4.377243154594859,0.15531600157014305,20
2.479760861212995,0.13411933673090395,20
9.807211036311479,0.28870201082414254,21
8.657049217888249,0.13837680502418842,21
11.890942312946956,0.19636399615169886,21
9.626353439408312,0.08233831627524468,21
5.89505146759206,0.025129341453168794,22
6.65910304236971,0.0832243488224429,22
6.524505836840796,0.13077995232462328,22
5.788035417236226,0.0867997361863845,22
5.8613000559622,0.05356370279199191,23
8.457218089520424,0.11079474749887143,23
7.160517984009917,0.16322192248884762,23
11.949755716245548,0.166066807002562,23
1.6599479998181554,0.1137255111909557,24
4.639341526883548,0.16161718663330543,24
3.162845535356417,0.08112885946127123,24
3.796398662052694,0.1256062436498841,24
3.6566936946360875,0.07342547335279268,25
4.294667885887327,0.08708738940870919,25
1.259327005235018,0.12071174150797477,25
4.510089324955171,0.1140255054531401,25
1.5033611697483176,0.09648862820831805,26
1.0120912227546692,0.19984979745447817,26
4.0329473747887095,0.12857892843854465,26
1.4061490081750956,0.04797777098334456,26
2.42850520874513,0.12427119240835369,27
2.427319888707153,0.26974057085092495,27
2.691989244838593,0.052494410733708044,27
1.4312631438928187,0.08955613996178134,27
2.3255092638400066,0.015881821644108535,28
2.4435869067954847,0.1460791095266133,28
3.3201676878403457,0.043830899101670026,28
1.1917720136407288,0.1228081733909804,28
5.493988036142796,0.0706706687040245,29
10.376729789609602,0.1645184373337915,29
12.040709100210815,0.177210035025119,29
10.203930617092475,0.26729445176263994,29
5.159435454360151,0.19400020229041623,30
10.151256036132251,0.021898853882103674,30
9.839216212032127,0.02156188110062493,30
10.81710822535921,0.04752078513970775,30
5.390182362527154,0.062266184030528915,31
6.344768064866315,0.15577451258120867,31
7.092540884197169,0.09650677205931743,31
10.464574828891125,0.059542375383447387,31
1.2819235013759525,0.16670461066097145,32
3.556695180967037,0.08431926665909845,32
1.5321521675607648,0.15134483040598937,32
1.5101457762044457,0.13882351555624503,32
12.627928073928691,0.1554624283854718,33
5.486197378845618,0.11386844688165611,33
5.84288968028256,0.0875945860449373,33
5.924821824477988,0.03393527498481108,33
11.81493319454954,0.15679964903816895,34
6.181977627661563,0.10877862823558804,34
14.539120130548556,0.04705427777615747,34
10.711986924918165,0.10007861858148503,34
11.285983329016645,0.04616526103389237,35
8.105899215372183,0.08190848097197408,35
10.211720246131753,0.22101621721710255,35
11.977939908151294,0.14559431168183468,35
14.15510009206558,0.10166220590876668,36
14.923479120130505,0.16799142029155556,36
11.016849212881684,0.14510087207676775,36
14.689889872940451,0.09426116150235558,36
2.9179105960772564,0.1237348980971987,37
1.7187806189776764,0.15524337045485012,37
1.417488503065393,0.02999741079508102,37
2.2833430749806976,0.08323406763443249,37
1.6470073111320387,0.09752715618863515,38
3.0817475437813338,0.11694209466057928,38
2.828107952922403,0.13472127640385423,38
2.452475391059454,0.15554013587815207,38
1.1645160326893331,0.19247284961659078,39
4.27009447072286,0.15727443541442734,39
1.831454587710791,0.2146750693719215,39
2.691102767962228,0.17420715033964787,39
6.0259858707499925,0.10739620639384771,40
7.603159235560891,0.2593818554304368,40
13.324569068813984,0.2809814366696065,40
9.308223114368634,0.06033786912839199,40
1.4902769784637304,0.16897678684828343,41
4.604491643617041,0.0686869775229937,41
4.7442560781719,0.10477008271196893,41
1.8524598897612978,0.04545229657784905,41
11.842167878386523,0.2429678621372139,42
8.569966617977785,0.14692463193305272,42
13.006245638453978,0.10194880820431836,42
14.468121957885156,0.14069101544865098,42
6.762589166591489,0.08558600444471273,43
13.937110749730687,0.1228794907003825,43
9.43864967020819,0.041643955971339804,43
8.523352060762779,0.15808544387088858,43
4.212455644849264,0.17918211305536833,44
2.8663477320153716,0.11878457377997674,44
4.922235963290494,0.08018368549259233,44
2.418145219420001,0.05475926571424683,44
14.368136728498738,0.12303374359237602,45
5.924676208018286,0.11998016213534145,45
8.442773947945643,0.04072835490867257,45
14.167844565034317,0.13774575487919785,45
2.54707169471589,0.07093286986796693,46
2.6303375825708897,0.04099152478846252,46
2.5413790458029806,0.0976459461068127,46
1.1933974143595754,0.1577243165323246,46
2.5280439784292246,0.29844022820902955,47
1.8932445304916266,0.0274826487470158,47
2.0623606332753446,0.13443725854308547,47
1.1371062407525439,0.1075912461192299,47
11.316674685947536,0.02040312261031448,48
13.425301315059611,0.1268270291644228,48
9.824946457355134,0.0404475099237662,48
12.76402907022271,0.19227651860994044,48
8.7754951008624,0.20649875535669673,49
7.341684922413562,0.10394828702587422,49
11.724395790809204,0.06567441684498883,49
8.909079994368794,0.0644702671406454,49
4.211645232522688,0.1326475961892067,50
4.363959656160433,0.2045953558814129,50
1.1811791367531745,0.16539223498320554,50
3.5923087600448826,0.1098761681130111,50
4.210589942159735,0.20439196645505883,51
4.801981124283265,0.141988262483424,51
4.851626373004901,0.09081839360340478,51
3.6039117240261347,0.12122278615791587,51
1.7054271416722377,0.1251842337661433,52
4.797003213924697,0.16046534936384876,52
2.133370372245673,0.0862110542217879,52
4.150367144975952,0.13251198300012051,52
1.553878787780781,0.16224188842740533,53
4.590925258484961,0.20309659766347135,53
2.0574402338781352,0.10591313062746589,53
2.5951904209235077,0.08096890954537159,53
11.55513253427612,0.11216377508853594,54
14.939878937681929,0.26788568562200543,54
5.199564618256504,0.07363541884045828,54
12.42141938716776,0.26169393520273987,54
4.60081510572841,0.04315343535386522,55
3.682060113556705,0.10546202749618094,55
1.322441726342575,0.07130611648160771,55
2.9706477039568933,0.126773740264517,55
11.933591796848216,0.07140499037893905,56
15.014922528850349,0.2759461130376619,56
13.247496265353298,0.2174943143991416,56
11.319011611980814,0.12992646192862675,56
11.408223435460968,0.1485768694400657,57
14.081223477140767,0.1677052999452737,57
8.354303955882168,0.22705184195748623,57
9.778489912503238,0.08368265091643462,57
1.9334052394655874,0.013438940851102834,58
4.23329258961564,0.06810847167157193,58
3.255735869917032,0.16382704313443577,58
2.1103528321342395,0.057104129093036055,58
2.0999554367090063,0.1619775004956888,59
3.938573598817452,0.20082704644625807,59
2.3753973047992107,0.1316957820211191,59
3.1235483491766383,0.1410517328082323,59
9.798747387750328,0.17825466240474322,60
10.380588529630959,0.04503471375396967,60
8.245098036837252,0.15544132689103166,60
11.297029378341037,0.1870183638989631,60
6.427957961940953,0.12740411762491474,61
12.243774691707513,0.19180485460529892,61
14.466018479020118,0.17860680577318577,61
6.907960461815106,0.13517839686820202,61
12.665362661456003,0.03842821194494106,62
7.987779718917044,0.16334561627813013,62
8.730116250475445,0.24434418409315567,62
12.915139336345483,0.021536904367476746,62
11.65527482644196,0.25145136602275303,63
8.09352660853927,0.1972320772247797,63
6.437271884466177,0.19851174623608453,63
12.170695236750252,0.1310764996252356,63
4.426588568066721,0.16235473030281136,64
2.0782462101110677,0.052026702176764625,64
3.7489742031230864,0.12933214592438366,64
3.178993143222051,0.11809736576690744,64
6.392458761616223,0.11552596855319129,65
7.783233011179453,0.07533540243782735,65
13.698982823673521,0.1388592309535072,65
12.372166361334104,0.10393793437023205,65
6.8319384919170165,0.10148426330132272,66
9.186061172331884,0.14848549592117902,66
14.42511141990074,0.006114181950301629,66
8.954964652265149,0.07472934367999173,66
4.501300140564773,0.12772647466407774,67
3.951581409526869,0.17314959998170779,67
2.364389665615514,0.17559146908195444,67
3.724064862177733,0.22516931180478242,67
6.446337708755252,0.1455470776943637,68
11.274693277752299,0.04458098304030771,68
10.783626071190518,0.24077022268485224,68
5.989321827517388,0.13448386962022638,68
2.669434823140798,0.12696506882210332,69
1.2651672767579298,0.05387358925948038,69
4.2970941160741365,0.2278810162081528,69
4.940154024730556,0.10122860193117522,69
13.360105264012368,0.08245900627589257,70
6.141661068018649,0.25108315316410723,70
13.45658812273375,0.09598887209054859,70
8.19506977264079,0.127742618131785,70
3.5163831859046017,0.14433939037236335,71
2.3028034956131425,0.17497331052535423,71
2.897596340114894,0.18563918961052298,71
3.5031126426956063,0.13999249055104493,71
13.990662564474425,0.16701222851371428,72
12.076008057033127,0.14443461702637303,72
7.0884922807536626,0.0970774071727961,72
13.093611618341875,0.17506258596908691,72
7.455811210915376,0.11011639727249811,73
12.341773492806809,0.11447764197740976,73
6.951798994974559,0.1400311669450911,73
9.944966275253877,0.10129812941356163,73
12.867574670808649,0.14407649682763532,74
14.42253671180384,0.19664312908005324,74
5.523017753885828,0.09695558866923629,74
11.900016034883778,0.13775655166667286,74
11.723103223237434,0.14188146282693095,75
6.822964595277094,0.15833506100087194,75
8.197327831959424,0.12914559568700493,75
8.691042994875602,0.12047458278308418,75
13.400689701656892,0.17642300847791298,76
6.092678932607854,0.11416507092125963,76
6.8469587037747965,0.158545103616832,76
5.779766123442813,0.040990532834481175,76
13.798186873815082,0.2202639949002771,77
6.5070270713672125,0.03022576639821097,77
8.6582375776998,0.1808953241085111,77
10.950415766553121,0.11061419582472304,77
13.568215584678656,0.1786630188549827,78
9.489943306178969,0.05883523881582527,78
6.746724588471094,0.11319866259390131,78
13.738180202248957,0.15095392810613223,78
14.102042913732685,0.1733605781456542,79
5.316263735584493,0.08880686172335668,79
8.486467248256972,0.03960167566890267,79
10.199887315672685,0.18986250470191104,79
14.262784909593197,0.09534742360238023,80
7.3998586192360944,0.04823335408551729,80
11.935527497648502,0.057567834816735296,80
6.8348947468469685,0.12396461531544228,80
10.981495721971907,0.17863113804289266,81
12.61763745510739,0.13020384741233057,81
8.618190474055384,0.040646913465006144,81
7.940323376817901,0.21390294625457495,81
4.296002335706804,0.04161124638326594,82
3.2828025436428865,0.15961064890150417,82
3.98280275797083,0.13149104046416038,82
2.1217506597314775,0.06613431740364809,82
8.346737329321133,0.13328540098175995,83
12.790771552816224,0.23688807113721994,83
9.349376359633577,0.1855124356142972,83
10.372044385647747,0.2131877179675191,83
1.3908163724098543,0.1724916134767155,84
1.7293867056825185,0.153631315187941,84
1.8406376912068796,0.1490540583112285,84
3.049790629074594,0.3164327647991329,84
2.3862600286433517,0.093749639436482,85
1.1599447100908118,0.1629282321486254,85
1.2923587955793325,0.17238511379816188,85
4.329851517978882,0.1594767834533151,85
11.392641402574636,0.1499067134725932,86
11.098874279782331,0.15352601018608078,86
5.127762069172554,0.293523104173122,86
7.731502396181441,0.029378030266612128,86
3.5860017480596498,0.11553655485601708,87
3.3306810020265902,0.1285461258536103,87
2.4437617215534666,0.10532705222284103,87
3.06105166722703,0.034250174286481104,87
4.069592249284574,0.04224711621160706,88
4.174740626193019,0.040234662056049614,88
1.0720448509794063,0.1517775790932653,88
2.7836889922002217,0.24760023605239823,88
5.039199651890049,0.15021388903937877,89
9.35012714069592,0.1335902168117897,89
10.086878417543273,0.28681913104016676,89
9.251175261279306,0.019937928224243003,89
9.207268991713923,0.0889144613353556,90
7.512918851735813,0.11804646552087268,90
10.596266196229758,0.039377293582246925,90
10.8539190832694,0.1328940905646753,90
3.672260347238558,0.2363274123353904,91
2.095691496650959,0.2098944177517508,91
1.7774823218616482,0.14636116039690072,91
3.701737723712942,0.08689299147174892,91
2.4658495327644743,0.19474509125807685,92
1.6388586205001123,0.19005952990999,92
4.828359615746502,0.1762384483139937,92
3.9156606225788844,0.08388771132786829,92
7.167784916232879,0.09745531488163836,93
9.784054792903815,0.06925963397964123,93
7.9191805178953265,0.16030499630528786,93
5.620889201997035,0.18255296872457755,93
7.670000961684915,0.13846325110728816,94
14.431668637755164,0.19375777018005222,94
12.846563613869094,0.09672255380517344,94
8.22418362452479,0.14373274505247946,94
1.5384161188738463,0.0931402980129715,95
2.47836214329858,0.0446510953656845,95
4.267186043208327,0.04981219753044363,95
3.468050894640895,0.10786519657575054,95
12.2412148760349,0.1658123259431934,96
9.963408621660825,0.146922455023063,96
14.640985456694189,0.0935391391825365,96
10.260627087133212,0.0800756199035836,96
3.6086508652712608,0.14338911819644165,97
1.4508527189734528,0.10849470550716285,97
4.768992195474984,0.061960165294965716,97
1.6635986980891349,0.30440788570466243,97
2.8120033881727236,0.1579928220190106,98
1.7075412555074443,0.12271418864666929,98
4.473670947648867,0.15435890070946826,98
1.902010267509614,0.22237053109930385,98
14.4447917629277,0.16175758920925845,99
7.925109222284313,0.15340108273262687,99
8.915059500740078,0.06589994234708564,99
10.970983324998127,0.08580937854318076,99
7.334626045811162,0.23469609597367697,100
12.948224770422403,0.016295135016733433,100
7.628996090312041,0.12435218132833704,100
14.947815163531256,0.09247484045107116,100
2.0441389531634746,0.052667437830251504,101
3.3442288163059395,0.09215869663726947,101
3.798855281343238,0.07528458974993175,101
4.9621873907975065,0.14205343573596366,101
4.11277016242104,0.15737366425067947,102
2.162487802394593,0.1467120574480098,102
2.264429044512104,0.1278762792130933,102
4.49522993607434,0.012348693063752646,102
3.095146614220108,0.1104458692867986,103
4.812007438230312,0.043158524242372896,103
4.169604128387728,0.15183772789432196,103
4.463847464522717,0.1151534275206111,103
2.9742112881073948,0.09468262258666758,104
1.035945140437068,0.26913627392799405,104
3.543831939879617,0.08871144161668895,104
2.961152924349749,0.10456995215070672,104
7.472294950577149,0.22025345266177973,105
6.114622239760774,0.11745753847324847,105
12.795959655187234,0.039296477103345835,105
8.379146064325148,0.01181312901504367,105
2.741099109537746,0.01814344598406188,106
2.0782591119281055,0.2383241391456756,106
3.7869984553181824,0.08723332883114712,106
1.5828103797495572,0.09480730003377216,106
2.5599549051673756,0.18726232667065718,107
1.5855514904298735,0.14351499786054428,107
3.2197676616272006,0.12269071161836281,107
2.539730944063755,0.041495308148402806,107
1.3642722628679744,0.12280994811478455,108
3.235873731176833,0.15892850514322024,108
1.8107094023063173,0.03267109611149644,108
3.813256074147266,0.13453860747098748,108
3.700092636836032,0.12288202517414717,109
1.3927431507326937,0.19582657898300035,109
2.3643984549334327,0.2106414236587542,109
4.269544084417679,0.09164808502952008,109
4.176494158478523,0.15192500558279917,110
4.082034420575155,0.10454762844267224,110
1.461392445812395,0.1504734531201767,110
4.236844559394416,0.15400088253774352,110
3.874705895519109,0.09424075079636686,111
3.599799281344255,0.09506239869710405,111
3.8766836966031564,0.04198635189344446,111
2.9937327798606206,0.12766189910008716,111
12.320470690307374,0.10499995376901922,112
11.627402196589179,0.11440393009688399,112
7.6158429227692395,0.16871074198933406,112
8.97994492312787,0.22666668654878397,112
2.7188373386838465,0.21378706568613384,113
1.449740076753714,0.18826338153804295,113
1.2795131043720191,0.1250863638854988,113
4.735507389765557,0.1654359340055847,113
8.440659764329478,0.11115602180173183,114
14.864342046017756,0.05632412046527078,114
11.19781874649047,0.07837131749743712,114
10.660365831355987,0.014772866886330033,114
4.199920708132382,0.3169748174167194,115
1.8065505147193326,0.2089409072356319,115
1.8993896022839822,0.18922229230251708,115
2.204784200887973,0.1388238855085945,115
3.432695865881317,0.04823873338655182,116
3.3935117289830488,0.10836308314673442,116
1.0598516465208863,0.16497118748810494,116
2.2086400161936397,0.10654924682694625,116
10.96845914197754,0.1494667257700827,117
8.119246221319244,0.2151860069483927,117
12.101632258022631,0.08928614224828979,117
7.778415665404558,0.016942655065663243,117
13.960147889573863,0.06341080034230992,118
10.270741786099892,0.21479086647897505,118
9.14551313946147,0.09662988597299217,118
11.003742468169332,0.07080679925890856,118
13.780237627741917,0.16777383514422997,119
12.417364172574196,0.08179532775021615,119
11.076033676308782,0.16862491370130547,119
11.96161357520753,0.05723846830801086,119
12.381989561881968,0.06368464325332787,120
7.1590648267692325,0.12212033420783652,120
12.227424966568993,0.1769403556818079,120
5.8162904499985775,0.074411806764523,120
2.983231477501946,0.09279190357061633,121
3.489535232455404,0.057930311519751775,121
4.991303425119222,0.0553056850522763,121
4.716624090046159,0.10102125925668644,121
11.988220135786827,0.20049650579770328,122
7.1143352352605325,0.029174249143287,122
6.961047551123695,0.12675087212864158,122
8.989644477993119,0.22250583004569094,122
14.353577025585878,0.10850717515031552,123
10.75470239775786,0.08406942044326188,123
10.846960468075247,0.17203280417366526,123
7.259690515508276,0.07869413624941199,123
11.771599801320708,0.11891912484320487,124
11.029581351959868,0.05265729874084318,124
6.609964216590893,0.09677862431204705,124
12.678662722843702,0.07826174762410948,124
1.2194824863228382,0.10272447395033658,125
3.897326155985748,0.14282066316111897,125
3.5590419602349592,0.0670183920160537,125
1.6869171714109397,0.026700896138243384,125
8.157430565573083,0.09468797869299905,126
11.25718529929499,0.05283162495826951,126
12.496126649215947,0.11593660859370661,126
5.986078743649589,0.07874022421330011,126
2.261679845209812,0.1153086798081709,127
1.5234211502063313,0.10463584705304795,127
2.701750904296021,0.19648768829980864,127
3.1054665133078116,0.15514050455194736,127
8.33765758058998,0.12533210251447763,128
11.582252736445415,0.14384084686572177,128
9.842729606097391,0.05248554332388576,128
7.403195722150639,0.20440350667917043,128
1.363492503770493,0.11151160825009408,129
4.52860869598732,0.20352825598931792,129
2.0947528808458533,0.09865669660432301,129
4.043566338025032,0.07317861331209968,129
7.787141677880577,0.09940164866039611,130
8.919977727385213,0.09389012402645396,130
11.166232938465997,0.13573458167725297,130
12.534101845909431,0.030319092634939357,130
2.213953773807983,0.1089652006248878,131
2.1038406631204394,0.07373992225653837,131
2.6723118979272416,0.05315115332586683,131
4.306890796929426,0.10762328160089242,131
4.761926008148797,0.064497091344503,132
3.4606509965499326,0.047112195623202326,132
4.201100720052187,0.06321249158668586,132
4.795363600585455,0.11477031222688533,132
5.094048154686079,0.06518271446057204,133
11.423050433340473,0.11183278934170227,133
7.299473888873905,0.16973661825347827,133
9.932799732909302,0.17712293112234107,133
3.5007593512767294,0.12371635501590876,134
1.6740897674807793,0.2231519813608412,134
3.87769748341828,0.04799303968525084,134
2.7071191744926244,0.19946128825027354,134
7.224237428209169,0.13323086405966372,135
13.942773283486863,0.17338250995285487,135
11.830887199720312,0.07953764990809682,135
11.414853418783375,0.03419194049384846,135
10.246022433113609,0.23107113787347022,136
13.21763675245919,0.13010149458842013,136
5.355816356572012,0.16476142399137603,136
13.93423248022317,0.09181807122346064,136
4.091234139060886,0.07114939060881609,137
3.02257870369933,0.09267594368437035,137
3.530718648788494,0.1973543753320618,137
1.4643657603447957,0.12271150205306307,137
2.727495731561265,0.15045154046232706,138
1.7052097658482743,0.21578123526577608,138
1.5472680828903327,0.050925925504383164,138
4.006146453719278,0.07498053896105003,138
2.217584571105788,0.20880746494430957,139
4.8609100828328655,0.174638247212838,139
3.67813850400077,0.2014115103529558,139
1.2257972814239673,0.11050778544028225,139
7.326272920382438,0.17554595374814422,140
6.897946505880011,0.12160784831391182,140
5.534603388819948,0.1525472169991384,140
10.764358486999084,0.03203705540735709,140
7.496807107344762,0.10618002095429505,141
6.064955603026821,0.08853675286519655,141
9.312366263060497,0.06858450605928423,141
11.352750751463757,0.0736687495546042,141
9.773319793143179,0.13616546074594016,142
14.924465950298629,0.027970997940233142,142
8.379188018203031,0.11259675831623618,142
13.571895682351169,0.08103254675560921,142
12.920090011540063,0.36191790975907917,143
10.208549272483017,0.0953237660582524,143
6.583534031454225,0.09280458133439208,143
13.340556978572387,0.22498281426462532,143
2.0836900418330786,0.15280206499301646,144
3.353868067170074,0.059946465457357996,144
2.108099010238125,0.1132612459935728,144
1.7332522765990737,0.1560156502268657,144
2.143665854600219,0.03199684114741466,145
3.118518338113556,0.11548398841944911,145
1.9595760266232891,0.07192664408557249,145
1.608119477403828,0.15874756223728548,145
9.523670176236736,0.11742193512520054,146
5.9171523858407715,0.058609770067474476,146
12.616562767645087,0.11638224162710012,146
8.04278560226771,0.15576293926433635,146
4.005668902932252,0.20193596759089116,147
2.4545891643569893,0.17511442919436573,147
3.657662063378613,0.1739306714584094,147
2.6910322662632007,0.2737790552404461,147
3.5938989859317294,0.05285788134448191,148
3.671650256124883,0.05516455631083982,148
2.3431402685000378,0.22811045209904832,148
4.7044655471796775,0.21080853549316086,148
13.92221842398488,0.1999018305143181,149
14.0523650724421,0.06021795077627638,149
7.061741246328407,0.1925385859943883,149
8.143635293299768,0.15563649713632421,149
4.3447263897859845,0.42202512415611626,150
2.1688925395187235,0.1311860567238779,150
3.6457647407591733,0.06027688360761616,150
3.6626101194899108,0.18669779786985657,150
10.660230431323598,0.17346208000048965,151
13.01230652270502,0.07473835357526339,151
11.12902354222638,0.07783836779844847,151
14.516127004644128,0.22999105168134545,151
12.609095273373864,0.10586628024752875,152
9.669761631659044,0.023130025496493525,152
11.987870869490152,0.08777041510378557,152
5.351228043220766,0.08541557400706624,152
3.6878344973349013,0.17916345990252922,153
3.94775583501876,0.09878211016555508,153
1.3052761046470103,0.10450608790256635,153
2.5802458554493453,0.22616040011485664,153
7.596717823401782,0.1779230767905523,154
9.513033593136761,0.17942609666629436,154
10.978250485870795,0.07993226554247533,154
12.040119290050514,0.01786802893404148,154
6.463457040119089,0.1545069012445429,155
12.343037087931286,0.08070618628104936,155
7.577211385605693,0.1787039809114477,155
7.101767918020143,0.09702348974322576,155
9.718216159750492,0.10439489322170198,156
13.001993703968376,0.1035108987364016,156
8.24594604501847,0.08416366233399321,156
11.1911967089199,0.04269652355009265,156
6.409855577412254,0.06445358890739185,157
8.750684590501825,0.06638872912907738,157
11.171874332998797,0.23846713552274668,157
10.832714701408705,0.22650229100599462,157
1.761176430148549,0.08367155912893853,158
4.2501170067475815,0.060433582772156866,158
3.932059078957325,0.09178010246466738,158
4.204193374604759,0.05335236207199518,158
10.448280981689678,0.04993460059040966,159
8.529039081277123,0.12488059520848681,159
9.39191186315884,0.0771144284117409,159
13.00967243581519,0.16913573524292233,159
13.667510678421044,0.054780400771127155,160
5.304593867806936,0.12666109079791973,160
13.079127515118056,0.15082299426049148,160
7.5981874303742165,0.2179264523249369,160
6.584329246992295,0.07166054246758603,161
6.211040877808394,0.06916763827283313,161
10.21703548270408,0.2150623819814472,161
6.36103802529922,0.1519193929616468,161
2.929854347988213,0.06383301977276344,162
3.9849070079491704,0.15962297306938109,162
3.212963697869788,0.048094026969116244,162
2.515424604093595,0.08225523256476382,162
7.00380653734094,0.08982059429048593,163
9.702296042495993,0.12101988053599766,163
5.5956938829705365,0.12164712996774056,163
14.44896455285057,0.15002851204866088,163
2.80226347440288,0.13615116019792,164
2.2647621431055507,0.10218002296478346,164
3.4914409578570336,0.13409533023159528,164
2.6273747768309232,0.1268249341364336,164
11.587770905049114,0.07126310114943331,165
5.106603156131862,0.0720980157493015,165
13.604810670207225,0.05111058841039605,165
10.755853670976313,0.11157342999456678,165
4.141000729637802,0.10265213417481059,166
3.494894682179312,0.08533386873534221,166
1.2703768062885488,0.10191295364429763,166
4.664027415531172,0.1310513538135063,166
14.122403190443723,0.0655339861334745,167
7.134905266014836,0.11624611460238073,167
10.499194953576819,0.03866271355023671,167
6.463545628718522,0.20861378309502024,167
10.155736552240713,0.16984486394284368,168
13.53510629951838,0.11251068846311392,168
13.105082673447184,0.2115187403832731,168
9.35255548531887,0.0775985480413744,168
10.56476654774425,0.06908697714575271,169
10.12726023788173,0.12528442668488676,169
7.648218768352919,0.11227030719827312,169
14.795837940252756,0.21465786398163023,169
4.169383169265353,0.12744069877780842,170
3.3890035158696388,0.09068038625351538,170
3.2981771065869805,0.05649164258336958,170
2.9728549582697803,0.017144362915469627,170
14.412814642180402,0.11365316406713301,171
11.217629952465147,0.2116617213509282,171
13.319027515471843,0.029258537316155128,171
5.792738925680873,0.06714063930065034,171
13.013385501761006,0.1730675739819219,172
12.374945659924414,0.04681754096554229,172
7.832907077816159,0.10523976437725908,172
8.592072145484103,0.24976797691099076,172
8.769987614508223,0.18018547295137896,173
7.033869988767289,0.048662881173629796,173
6.695747863759159,0.02907934310987798,173
7.378592269526756,0.17660358220243738,173
2.614654493049392,0.0493025175062884,174
2.081836651801384,0.07419568604653262,174
4.472626976844419,0.12315675940792536,174
1.228679441930601,0.13137555234806403,174
4.929441802621207,0.10548885541162477,175
2.964500048370311,0.08637710853222481,175
1.9899819424363638,0.05337999800146666,175
1.2658067324333186,0.13728093826077067,175
2.6644858754490506,0.1394986644216133,176
1.3799408838877867,0.1343460035577679,176
3.9053338935068904,0.07190664120829189,176
4.572508855610692,0.12064285053433911,176
10.662133447589445,0.046628748229161576,177
11.038906602899116,0.0397030055490874,177
13.189096166889916,0.04906312212026037,177
7.800418451461409,0.11045167047116605,177
2.320724950992761,0.056621885686185675,178
2.5822292647423613,0.11755621388298904,178
2.8918820768064992,0.05102785564163491,178
4.518061496697759,0.11101677887883711,178
1.1850854346256685,0.09536736480517706,179
4.153355448616909,0.1979785861062235,179
1.4927268824829079,0.10919973926552673,179
3.1637968234983176,0.26375726025997137,179
4.842380217736558,0.13479941566524203,180
2.220950914094053,0.23874338359740996,180
2.9511278524681335,0.1041669838937408,180
4.2129767454676355,0.15081034370465182,180
2.437489585002347,0.1796199166757481,181
2.2538329654140234,0.03851489557400467,181
4.824678993789705,0.13101729971759535,181
4.324698337956026,0.23064408644393364,181
13.13458415679586,0.22956581185106978,182
10.212378925909666,0.05281092952560643,182
8.30385071498692,0.1165569811195542,182
12.47849662577526,0.14898542965245168,182
6.467935056204079,0.12787506917269834,183
14.693447084603196,0.06737352642623429,183
5.470322472968873,0.07256586085929632,183
5.206326314279251,0.15507922237451793,183
8.269473030847385,0.044807164610001955,184
14.05637647308071,0.02555115669095503,184
13.753156273210658,0.17335405876085314,184
11.653191166238981,0.054561089117929215,184
4.1555181593595485,0.15373808446947362,185
3.8962984723439744,0.08656407871326362,185
4.751832677128189,0.22733242799405254,185
1.3524341989197266,0.07254967271048804,185
1.3247090210746577,0.18582334885332316,186
3.5875401971244782,0.07855392688668873,186
4.777012395511468,0.056262032667596065,186
3.4889469590830853,0.1551471351213152,186
10.383928957698895,0.13599600715347127,187
6.363447366977957,0.08370252676352151,187
14.495573565921068,0.35735243432159275,187
10.729635941390905,0.05983247320954527,187
1.672530616672502,0.24920662685480982,188
4.656342765571763,0.1274933588355462,188
2.7769506918845384,0.1295123684346861,188
1.228326316414335,0.11621687365249339,188
1.672105907177033,0.13855668450974615,189
1.8080157350648818,0.09624318761483354,189
4.057919324332401,0.2653135149559544,189
4.396681319819165,0.15718968565052413,189
3.671942717727537,0.12418167339149538,190
4.307609667601001,0.28057894622013724,190
4.4441353383361815,0.14761477881814755,190
1.9983646330774611,0.15971897155116538,190
4.059843072731636,0.1728113813371207,191
2.721469562796452,0.1923442311628799,191
4.010216794271937,0.14300515482921375,191
4.514415992416805,0.01851201968445936,191
3.9433440760429628,0.1903210448708801,192
1.7669867438587739,0.15703026962667613,192
4.5868605400604885,0.1248311189040595,192
3.3722669887519383,0.12185549534287123,192
3.0414180425171,0.006556438336407425,193
4.518177390521013,0.18270667184420755,193
2.1321822137082846,0.11053281695301222,193
2.630784343393872,0.09028680894293732,193
13.672496313301298,0.12645322050430205,194
9.322002060133535,0.07528885243701926,194
5.491682220742285,0.06766662080524236,194
8.643327029133207,0.02129387327832138,194
14.909153921514125,0.07264231827444292,195
11.866555705518651,0.05012158238942004,195
7.403601817434358,0.04618092801828554,195
13.605042877934316,0.05123316547133124,195
7.731458638256987,0.05791228643624217,196
13.952298338983619,0.11893318133016116,196
5.692347597139661,0.0449929606636867,196
12.805448685826883,0.04811359215801105,196
2.455368031374863,0.16837972204639545,197
2.0168289908251213,0.04263327577033773,197
1.2600513704281138,0.1199250185052979,197
4.795595763523233,0.1403257562259443,197
9.92181660293271,0.05251296589252527,198
14.590910702251092,0.10359136415943983,198
13.741861577189594,0.22934543732565466,198
8.877536468952899,0.03999921534830066,198
10.987125324902676,0.045374782656933656,199
5.6456530924329575,0.26545623961550463,199
10.522430398020894,0.04500997896607287,199
13.861533540516715,0.03699255699895624,199
