97.4507256530067,0.1757740549368223,2
84.50654378841892,0.030383569548133333,0
37.70569525641585,0.10629000146396934,3
119.5072970775907,0.05510574492778593,1
113.67809470433232,0.09698251698496621,6
88.46105684124728,0.1931671030280897,4
78.61374966180927,0.04818148258653995,7
66.64474278895288,0.11878471941534496,5
120.48780360383765,0.02334953484242505,10
117.88025387515094,0.13801591048156242,8
27.745867394628497,0.1866922557807312,11
37.39496898302357,0.14362445073134167,9
104.41271497674407,0.052241657862219786,14
60.93041797864964,0.14979873832907267,12
35.3815183291696,0.17957717344642382,15
59.549096720241565,0.1045880441297431,13
40.16805324060656,0.035706590558834156,18
44.62077391831497,0.09731277575796321,16
83.04877492345855,0.11107976196547505,19
59.16732958027807,0.005799170254617811,17
47.22488343786476,0.05387768444456137,22
72.71715222218113,0.06676287061095182,20
97.1761326867663,0.13584537084556514,23
39.17963737616553,0.07876865134322363,21
69.288175149193,0.22795631089159368,26
97.31269518189715,0.024487069553214117,24
45.4060491826925,0.07963766600551878,27
42.14594413843575,0.06447145582921424,25
101.20002990792915,0.12284204301542656,30
84.18469615269859,0.11994764811017761,28
36.55807641666474,0.26376623426742346,31
37.83615811944631,0.0450255681625605,29
100.20074966119422,0.15791478494646807,34
62.168035189632775,0.05325112353837025,32
99.26809595115068,0.2194643374374502,35
103.32355213275852,0.2192636276749411,33
63.102427517860335,0.04500666900975675,38
75.11059324134766,0.11520782866235038,36
70.53637716662271,0.14048725073909296,39
122.41117347381163,0.08081414197444917,37
42.04359447610268,0.16682877821482833,42
41.77479143993166,0.1463312455344006,40
93.84452000052174,0.11306380247452263,43
63.892945297357386,0.1760199996736519,41
114.85978818443547,0.2205594070946563,46
103.70368720576644,0.12066927932441121,44
95.68345637660744,0.13373011890043698,47
87.34890885273413,0.09364812710010893,45
107.01154599285299,0.09936338248571876,50
114.88833188750046,0.04671843390455007,48
114.27254250718445,0.03687237629136147,51
113.75259121839171,0.04980406050838401,49
70.58990728365045,0.2437209843611714,54
84.66981952823423,0.09061626733153494,52
101.34466929135355,0.1741642906407839,55
64.40803106833671,0.19677347859967811,53
71.04060640398353,0.14216599489285905,58
25.283925677029206,0.14010314285101408,56
107.64757987281816,0.17352430009746303,59
123.16713344668356,0.08983804500111454,57
67.53948449527434,0.12347883869809309,62
89.01161602703509,0.11900972483731008,60
25.020523617687452,0.06597873409991264,63
97.94654121751883,0.07659838678990286,61
39.22684722568455,0.2237575033679022,66
25.618566485610028,0.18707497701371748,64
28.325124717728567,0.07429506519521649,67
89.65375653988006,0.18925309409958618,65
54.81771494395878,0.03953555944231903,70
25.415519509278784,0.17061601232172457,71
97.99541286190355,0.11288026455529819,69
120.5990289292523,0.10009627741004093,68
109.18414670726087,0.13481662021567362,74
102.7855536496357,0.03988923954562107,75
76.03510718520765,0.13808824918632798,73
118.28521900168263,0.13787067533616781,72
114.47233739843595,0.07924391796151051,78
103.80138671964868,0.052440819249342865,79
89.91572025796238,0.2310299957399,77
67.63963001766561,0.0868856635303319,76
57.06110501662328,0.14413795343307367,82
114.09997398285205,0.30139584118119195,83
101.44210107098985,0.15455803572154136,81
62.63610007108782,0.1877314934519584,80
41.24530556766881,0.12928771186814556,86
110.56402633008092,0.08713710001719785,87
61.12109397073755,0.039886665643818,85
48.28249015025828,0.12325391350752637,84
123.732528823314,0.06779648795728045,90
94.06580143357027,0.06816954579739208,91
83.54880854850876,0.02639137882102391,89
44.56847088097731,0.07330644630280207,88
71.08746794982694,0.09548469211159287,94
37.624042871273765,0.16550767208928482,95
113.12691780141455,0.0894160768640025,93
63.92519948720054,0.04587878620242905,92
56.33455859002253,0.18558370666761848,98
40.015369934904314,0.18929761340069992,99
61.112876909633954,0.04042078132765585,97
67.31752202693792,0.041806459435536035,96
68.21847126613157,0.03226112201286082,102
42.600932259725155,0.09624864272291489,103
70.8047359191831,0.18429332387760988,101
90.41656471869258,0.1169229420205268,100
36.77687831414232,0.12972216290906127,106
112.62222940476335,0.12222898177118274,107
118.88465967007846,0.088397864719227,105
107.91097387060721,0.3144885793786747,104
92.71806577175659,0.14622732189531504,110
36.85679009621698,0.1947870868855316,111
104.73425406903164,0.1633474697645963,109
52.91964848768174,0.08950767683672906,108
108.57571806722692,0.0762600015839905,114
119.48345596734562,0.1459697719590259,115
122.80895081438776,0.139671313673097,113
117.4734784758335,0.07895546938730869,112
29.978145073560103,0.08845200835871425,118
74.5631726332316,0.14479069432290503,119
59.86677145588658,0.10270372821053153,117
72.76797318214543,0.12050594319346003,116
111.54957604549243,0.021002829932316693,122
29.88786171897575,0.1991329109843436,123
53.46581596282515,0.1272631167442921,121
123.32599165978372,0.03125710454015697,120
41.03164063466427,0.2066772760263744,126
72.19804601553037,0.1501817278272692,127
83.29668498177764,0.05218565599248747,125
116.08092623520038,0.19306108874221084,124
65.00267685108071,0.01358873126323498,130
100.68392926704274,0.06460948308599693,131
114.92639038242886,0.22660456341526103,129
64.92067892293213,0.2819682456719215,128
73.01537561807709,0.11763170126526246,134
71.58848056322753,0.23711072330764435,135
89.9787618595662,0.256938858494184,133
26.50080927213081,0.11356237515674204,132
68.09543175522278,0.16601054411937036,138
122.97518292298797,0.21168508000106226,139
67.2706199792506,0.2221141036987432,137
46.0063853172517,0.0756233427299654,136
43.24873449401008,0.19402229003478455,142
86.21579651562803,0.07008849123165146,143
74.12658586269907,0.11993282107912653,141
47.05079864054335,0.13874843683825921,140
79.43167268470644,0.16198127396385142,146
51.970705823384236,0.11264431481415632,147
31.46337637570894,0.17571074627142136,145
39.127601076018934,0.17164723456205797,144
37.824859676989604,0.12350081709448502,150
120.02052951935379,0.20098545079563285,151
80.03122523388812,0.20607219948646255,149
122.57624360700639,0.04759238521517051,148
121.88165796790729,0.22710661080954087,154
35.66702882670189,0.022070076739189412,155
116.77202485305615,0.19230760003462155,153
114.59710227844528,0.181865944311343,152
90.30278657042848,0.16575692873057865,158
101.4751309854703,0.06888156081519421,159
65.96304386358503,0.04770106681069209,157
123.1643413867241,0.09982814575578047,156
79.60594547051204,0.028478536765521985,162
41.25763080677104,0.12450098819801957,163
117.23185651332423,0.17147310211696803,161
30.28135066433457,0.18745797719703242,160
105.30634514840307,0.03635529412980947,166
116.67272257802514,0.17814275773823043,167
109.9142842973813,0.0963030193872038,165
67.88403198790377,0.10633629448847791,164
106.26738095175125,0.1416325322862267,170
73.3198265015129,0.1507721994641168,171
44.76766153239346,0.14597277410307138,169
122.47295531330884,0.06307102427072668,168
113.86593465205074,0.22007000834934073,174
31.422172901941547,0.1391699595684053,175
52.291568587523116,0.1468142337548713,173
106.41222353308952,0.12066049931721859,172
29.500071498537217,0.10882981615654302,178
62.52145030289997,0.11257427894779798,179
68.5201369340656,0.08547764277127637,176
25.7021934478039,0.06963816561366404,177
120.19823609312319,0.3090909617140276,182
106.68767852569442,0.21815117205714532,183
33.38873648526939,0.11500851957523013,180
69.37665745503546,0.07701914456623511,181
59.49357731559621,0.08477765476609574,186
37.84629373259213,0.1102597035812726,187
123.00847110375742,0.05414573058752791,184
57.75606757169982,0.10688014777393194,185
100.64252335280676,0.23289944625767808,190
102.71177687263994,0.1729474939503567,191
107.18909602657575,0.058505391124574306,188
109.87250871278408,0.0623974835519036,189
47.156940503826426,0.22552399274744606,194
67.59109808496476,0.16808815918819622,195
116.67641081385423,0.1362913800250136,192
46.84141843735324,0.12388347999534484,193
82.06214824743024,0.12478845039414421,198
58.08090349689154,0.07982730020809371,199
90.97196525968839,0.059457410683122006,196
83.16054452278101,0.04077568620089912,197
88.7881007646267,0.14532522843236026,202
72.41897942073749,0.27832549124981737,203
42.01789386239979,0.0903156170579673,200
81.95294103771141,0.07476901328203513,201
67.58185579742428,0.2040382076044025,206
63.51859099420398,0.10841475357857269,207
90.69830744031256,0.021150347605600875,204
37.38403111030283,0.12554616122000017,205
83.71085309885498,0.12977946519969788,210
88.48492855941677,0.08992159930874283,211
51.04301436020388,0.07540334229364232,208
109.03671748752572,0.17127964715954747,209
38.01463836381728,0.10233495661217254,214
87.5729188494081,0.020710971999029527,215
110.92268629710911,0.08514542256362606,212
56.255535412600835,0.1574161486703597,213
111.34913056381943,0.23987776908012737,218
123.85996033611237,0.04130568543643227,219
104.81865677708653,0.12388201359329797,216
37.54276642898928,0.15863530409802673,217
107.64070760405812,0.2150710467280355,222
35.69396458434952,0.1415054639776598,223
59.98408972222777,0.035932099570504784,221
83.42501434979258,0.1452122825181698,220
42.317655810625894,0.01080112858694606,226
99.91740942317489,0.05612279948459723,227
76.03566850332398,0.2684448232076532,225
82.69994766121651,0.22518477358371378,224
45.58094636591515,0.06650689826481136,230
86.01325390908343,0.18999248952627984,231
41.007801298065246,0.19388883221598574,229
45.28145578161944,0.04739006227667186,228
49.01138378670724,0.21850230078531566,234
96.13667342912652,0.32404643734101174,235
99.07121417124709,0.11663775087854851,233
50.957884777601514,0.19174701437209712,232
31.989727567679548,0.01931442371402422,238
49.92866903672992,0.18417156059759782,239
90.43619605117289,0.05855498380085682,237
59.4833420810731,0.16629962582324345,236
64.6441529453732,0.11283264285668998,242
86.6919256637568,0.06797567980363271,243
123.16230219674529,0.2296611558914269,241
117.33022064707332,0.08663605671858336,240
107.24594437416086,0.11876965331586489,246
69.81610023007289,0.17601798511514682,247
42.17424829466696,0.09429820599506866,244
84.75531126333246,0.13052372649670488,245
78.6330086935439,0.12083322513909014,250
99.54233618270122,0.07299583739569715,251
98.29612308139491,0.20133845007213838,248
70.16410064707622,0.07780957923790038,249
100.77284996745985,0.18949399596014344,254
78.13035696026031,0.08973666090441111,255
61.6407952343885,0.2792212848481157,252
63.65995866183785,0.09812131934203182,253
88.36295927976454,0.2875695190912621,258
79.50705145778609,0.16684674149943343,259
75.83651302748666,0.13431411095204512,256
109.52198421294949,0.07270904696835101,257
88.72907675394802,0.10816572404238778,262
77.57058291839644,0.0798108468905644,263
120.61638550797615,0.15046228461857647,260
110.81868254949377,0.03841209809905584,261
46.31131579585998,0.10144070074765826,266
49.0063286868605,0.06405622571719505,267
44.52405305008749,0.10093793991381704,264
30.400505609355765,0.15883945121404708,265
90.59197170816302,0.17250759385378356,270
122.52126169816472,0.07884360771766509,271
31.02906097755077,0.1030440454249836,268
79.84664020381256,0.11137750365512254,269
65.92989638995823,0.13264360777168516,274
106.50550577482106,0.18463844658589368,275
51.4404905887039,0.16704262114078927,272
90.8288230486694,0.004015753157558287,273
100.01262136444625,0.16089624557892507,278
123.56372535739831,0.11991987666847406,279
26.27726172015369,0.1613668425720372,276
56.91380963021676,0.3253798684383048,277
72.20885390017403,0.14854336968530674,282
36.20774539307602,0.07301798196644264,283
29.483810449592383,0.2080461965051293,280
72.5602786653869,0.2457660737044043,281
78.57259558227429,0.06601819779621744,286
39.156227056895986,0.04877869234001206,287
42.556627692619855,0.0732189069699528,284
120.67082336677402,0.05243899780677472,285
30.365518265815805,0.3358017363062011,290
33.32240716538914,0.07767260021728148,291
117.09243462385983,0.2658250004935357,288
113.70052508118073,0.09605578940097059,289
28.818557237490595,0.09094538389039289,294
46.546663240474516,0.15597860044137024,295
32.59158371068936,0.02633751397229129,292
78.21154428252834,0.14733261256208324,298
36.794761598123856,0.14953413562232198,293
38.9722479126954,0.23831654923720433,299
64.64139278294473,0.18974145769571402,296
71.69133969507439,0.19368105409552838,302
77.2230015727875,0.1298509608754675,297
74.95308239116466,0.02074617972759825,303
36.826826928784655,0.10672126576270631,300
74.11048092490353,0.011187611116890176,306
48.022854540992796,0.022439253234830203,301
29.227891498156655,0.08353054475139643,307
60.391479338781195,0.0326790032165739,304
33.88507884872071,0.13209523998469935,305
39.21082172649367,0.16853013022175722,310
111.43420838699257,0.12281546962801054,311
47.32988767753967,0.21315051875777713,308
84.61190020413432,0.08256837738896215,309
92.2026711059979,0.08261524240069269,314
59.77379207358287,0.11233791031433658,315
68.62322842515321,0.09471275371705878,312
30.763075029165556,0.18027999140626538,313
86.56743167022779,0.13169795657943512,318
89.77058784632133,0.026804614623791606,319
69.25280499189208,0.13713278296156725,316
85.57440725821507,0.11564371107603029,317
54.54492622941227,0.0788261985775672,322
63.211159202211306,0.07016671597931785,323
119.34445518175045,0.21863950669678323,320
69.36073700667718,0.10627371222133382,321
58.10825790476455,0.03584980526483595,326
110.86322705554609,0.06968316144201588,327
37.72286835287687,0.2064421640838405,324
71.21396330161613,0.25058706504796785,325
101.10687266562758,0.18055150997166364,330
34.92459878476231,0.07925336640798189,331
44.98516817242879,0.1221299191038685,328
33.66409501581854,0.2768478108340834,329
81.02022618176426,0.15600182254964146,334
45.82762667242237,0.050086377601517296,335
112.50208332790149,0.17145974744128725,332
66.8532449194388,0.13994696757907632,333
40.28443561491029,0.0783360028625234,338
54.084853985919366,0.011713407961888448,339
69.82778500669984,0.2275354024542053,336
34.23584222574404,0.07655732426304568,337
62.87190892806067,0.09114809836669088,342
95.43934708673163,0.1570566855786074,343
90.78422971795692,0.0676410352050066,340
59.55695752043526,0.11798886882902693,341
106.04701093566379,0.09774147983043653,346
62.4743149057548,0.18495268156862538,347
54.424013514472406,0.029565830664934692,344
94.47202084055507,0.008666453750631218,345
57.265545965847544,0.07876638968064635,350
80.24015030063018,0.09910589588886341,351
92.15056992646767,0.03233131913466621,348
78.2970116200209,0.22700124787485218,349
56.848767910319395,0.10269445363771881,354
61.72597023488153,0.20812932279888285,355
43.16449116399042,0.06343195082507949,352
60.922119814568475,0.023845402925525283,353
42.58029006091897,0.018952895654392395,358
64.61722311714652,0.05035486675551494,359
35.460332358680375,0.16069418076710634,356
123.68665880513818,0.14882774822430475,357
78.01561848274,0.07773897076805143,362
118.60140680029217,0.19074859336074415,363
62.94598155696958,0.12870354610370205,360
64.06271207609915,0.11689578014640925,361
81.84747262323359,0.0651982549030485,366
102.36292287615082,0.03663686865929077,367
25.754710318338812,0.09031308361104454,364
78.93915189240141,0.05348570085504445,365
70.48837800261205,0.21615348634442158,370
47.638720967233006,0.12807374458619536,371
48.817306201558665,0.16318452395861638,368
100.43858489008967,0.11090809333486579,369
53.28819466233101,0.11059298748805582,374
63.32373081054698,0.13130660200940583,375
53.66490990982008,0.14407548641993315,372
84.85136185284179,0.21852640995112502,373
51.58506574664445,0.09443594147288997,378
77.51426569146122,0.09786427556416463,379
60.093513892420944,0.1344756516280359,376
42.44666829614934,0.2144860172383834,377
25.50618908268908,0.05185038603957185,382
38.069813526993144,0.019002093581777825,383
96.16311939749906,0.1302573240656753,380
26.142302337115662,0.06886604402809461,381
99.25153594276185,0.103982624044985,386
48.942332496512186,0.08394037919866418,387
32.165077571221424,0.05661120488928953,384
89.60046185964846,0.12226838953486918,385
43.4743653795129,0.0802936974797311,390
107.12686224620472,0.17576120670267836,391
114.43243169766991,0.1420310787974143,388
50.315254594031174,0.045868644784845584,389
79.50181765387481,0.24154684065423956,394
101.287189697826,0.1538542196029839,395
70.47726812851491,0.18960099913601813,392
34.85747002620592,0.1651580661791006,393
33.753175878427896,0.031948550031326683,398
38.43577662086243,0.08485859991119399,399
87.14003660909587,0.08673801018674077,396
39.68556912347787,0.08815875211031293,397
122.2624594171981,0.16217754286563285,402
84.2871323841095,0.177318197108186,403
44.28291717296199,0.1590222056170779,400
123.53092296244571,0.08144794930118032,401
119.99625130020549,0.0715208411693916,406
29.064183290078905,0.20908341639808856,407
71.90616279970271,0.03446956152267921,404
97.26252946337624,0.24173268865955821,405
121.08384094203102,0.06627384449472679,410
85.92197613376287,0.17405588614150358,411
82.62695055203201,0.1299321422130716,408
70.93300775647464,0.10251990335883981,409
76.22920662180445,0.16534851863955552,414
43.13155292774189,0.12675955657290314,415
51.59771851295808,0.052808778065204204,412
46.602611689016896,0.0839320273899337,413
34.086359188916525,0.1863924250389429,418
68.40520158394473,0.07478152165910755,419
58.03345998839975,0.08356261706821089,416
68.73082201047323,0.08495430241275398,417
45.10591808316579,0.15340652632727203,422
30.583555789214003,0.11501411687068014,423
96.29837554210118,0.08693303628584097,420
117.53311899121302,0.09188790542429684,421
88.40269628347137,0.13389203133479338,426
42.37417520721732,0.16499489528595856,427
106.04093542289533,0.08078551310330995,424
64.922928463918,0.12172892805021505,425
87.32820794696438,0.3159698627469838,430
42.97486902055518,0.23251419078636162,431
64.87155391150341,0.1383293775800916,428
66.53391127796746,0.04591090056382704,429
65.3328156223242,0.22110130758297825,434
59.0129485115931,0.07807996460223518,435
31.71313344053417,0.13724634897547502,432
85.22384272117682,0.09086706135455029,433
119.21058071677116,0.06159986171918302,438
75.63756158398667,0.2339340096844248,439
74.060995498096,0.13086536013773664,436
81.9987017674729,0.15816738780433023,437
101.70686197189988,0.07977422550019614,442
49.808511329374056,0.12926890560494983,443
54.58855883818522,0.12318573613812228,440
66.26594927100962,0.04039388978160298,441
67.78194974779564,0.0628547704901542,446
54.88631174461821,0.010243094845319586,447
77.08589393015141,0.2054892737264342,444
36.63076939382395,0.12641525882243274,445
33.169063421151236,0.07279759686053237,450
56.52272941700909,0.10121802157818693,451
52.08568116168939,0.17206777373268825,448
52.97737775664876,0.09110152878629682,449
25.48321575184609,0.12725945937483776,454
47.7993887371256,0.09162012072381387,455
59.455902109322714,0.08190699973546295,452
106.23365742198004,0.048573668262519354,453
29.79553564821599,0.23776473613774815,458
42.43299113605514,0.05673190182162751,459
107.89010539886797,0.03931811662801746,456
33.837393695185725,0.07037363593353499,457
78.90184278133529,0.054961098200301,462
123.5152821259908,0.14520091202555818,463
34.15001177493263,0.05809874830601162,460
40.857810732490094,0.28643855153117,461
88.7726782149653,0.03771701570736277,466
69.97480869003275,0.002766880907669786,467
34.04501968435849,0.12567063381672897,464
31.278620154162073,0.1694701239514461,465
41.74440267360619,0.10407326020216034,470
25.226029003032647,0.08460112041296314,471
97.39221171013156,0.1438457343184398,468
99.83406048874946,0.11368287238631312,469
105.44416687700249,0.04224641941906502,474
113.85630452167528,0.09242035582157965,475
25.518867359024576,0.07870515389566922,472
38.9088891143907,0.03187468311622831,473
117.02450586659118,0.19054760587560912,478
45.53299653676355,0.15494258237517988,479
72.24409271087758,0.1756095197614602,476
120.59503498287148,0.2128726271490039,477
25.78083516366727,0.054800352839461046,482
35.38954061698368,0.1383402796453866,483
55.74939452686931,0.16509297128653133,480
85.68982001327004,0.045933388917364794,481
91.1184100367278,0.1475003215179802,486
64.91170711872434,0.019512422850542804,487
119.88059094829579,0.15214053220340462,484
80.11808998524094,0.1502582297496322,485
29.258223037934037,0.05374019504562031,490
108.8092917522923,0.12121259622699528,491
78.68664897609162,0.048929761083142835,488
33.98986099713394,0.09090627760116383,489
29.00749747301472,0.12508818376749747,494
65.25095451256504,0.1297922484916382,495
33.454043682852586,0.057929237416826984,492
77.00099687223991,0.06638846600029245,493
29.94840355368906,0.053738455809264854,498
112.97620255441282,0.11063753213463051,499
48.57437418349572,0.03724267166351178,496
78.55954894872437,0.2025509467270013,497
50.828813965863574,0.07356741226538618,502
77.4331214374416,0.0283839001862842,503
118.01761022221203,0.18752699403709558,500
39.969738016784774,0.10969171892296542,501
76.42202671904259,0.07144561646778036,506
50.58913119812125,0.0221980142949871,507
121.17285046837844,0.13544750017960344,504
58.469102193656454,0.1864765448279113,505
32.41766897468749,0.08024024611157339,510
55.526663546640044,0.12561098276642782,511
101.83112196566412,0.05738734784010635,508
111.49624411245875,0.055755499786330404,509
88.91244597265663,0.1630062484078467,514
70.31717714593344,0.03227184615558542,515
90.66302173532604,0.11377228757943066,512
104.26033057857099,0.034045140510012666,513
96.45636072150508,0.23682218458980683,518
50.803394252064805,0.10969706995651232,519
90.26977581889557,0.13485220529110206,516
91.99857246235457,0.22384112594844044,517
93.36598235221038,0.20390549908304006,522
100.38798035908644,0.1123120830877523,523
90.16109378974734,0.17769276337759582,520
40.625501520919215,0.11903612332233326,521
94.06044118579925,0.043130317128732575,526
88.30343755703456,0.11571074923815752,527
71.84786776072156,0.13639980721571504,524
76.17838144912366,0.14974648353333309,525
40.700762752611354,0.15099823998053064,530
40.28750288142871,0.16025244824714915,531
55.94629104681,0.11197198652573087,528
43.43458070784602,0.10478250976116735,529
28.780890562013017,0.04248446307007229,534
124.79552602353726,0.0978343566748843,535
102.21231328400029,0.11356625379027015,532
32.843371267685015,0.039354312816439016,533
115.06510608929302,0.1527323723302887,538
111.91384881846619,0.132594382659834,539
47.19016666622624,0.06393394479931352,536
119.53615124628485,0.07423786802060978,537
117.75004789190749,0.171534954758226,542
42.39359563363435,0.14592153907390282,543
100.67090353216327,0.045414099625868364,540
62.40826162482595,0.012663750013795563,541
122.25770845555066,0.10378111209132224,546
36.8197063148113,0.1055767940471064,547
40.09095571078883,0.21924892175552851,544
65.14048533782395,0.05148468065930272,545
42.14874369965361,0.09486509184597497,550
85.30460547816719,0.1925059056025439,551
92.25482662812395,0.057682297255135406,548
56.52641560755384,0.04424820603776835,549
105.06869695788306,0.12656098661608206,554
61.61753346428374,0.05954958583286976,555
83.73232254598133,0.14812692882776501,552
105.95493524188193,0.05269949419804796,553
40.98928120635189,0.239159808922576,558
97.1090232659048,0.11086227744091187,559
50.65859053151054,0.2414914246863171,556
100.09156818735265,0.10845271638025347,557
48.53406309324606,0.01600977401444379,562
111.63039207170006,0.22400235173727762,563
60.215572879078735,0.22102317967529528,560
99.00490129649314,0.20913664641159282,561
113.48214042315205,0.16057417478276773,566
93.0864833633493,0.03952417925964864,567
83.54649310775318,0.12439696606658357,564
121.79740551538326,0.04433634096445829,565
29.556791551971717,0.09195923475786269,570
93.64843338095471,0.11004834519908875,571
87.60128498244734,0.06454965863931388,568
91.35329691146949,0.08362012238573413,569
94.95889818702172,0.13281774167062715,574
66.97403699683478,0.11036784886179225,575
118.43604772259671,0.15976218149846566,572
31.65728709330544,0.14513358507384785,573
113.2731738213771,0.09928861048579114,578
70.73730266819312,0.02164656410423429,579
28.768591255065722,0.12791857407202856,576
55.501347333277266,0.022002978453216332,577
57.34856809196981,0.10159092292002941,582
44.23355774555545,0.10479795960316672,583
69.22662874185788,0.047270972730362806,580
70.24553799361932,0.13358254589012275,581
27.756228306493803,0.318381083687421,586
74.98629188636379,0.19942801834125473,587
67.50020326209611,0.0843546734244143,584
71.6581191899435,0.05250706657828744,585
90.6727139562481,0.10363850299638562,590
120.85388089630324,0.20975564060727267,591
38.62856172507077,0.07355715721246513,588
49.08619068004886,0.18372503471778645,589
72.24782527593263,0.23020736007953668,594
97.00817901981009,0.1654159383623791,595
96.73223332924854,0.0639382568284784,592
116.76601448650273,0.0379481047377718,593
94.70393598347827,0.08262605276289367,598
85.2894871849229,0.06398640132945546,599
117.87403801590978,0.05184436068201346,596
55.83720254185474,0.0559227591813118,597
106.19447837302404,0.041634334193268806,602
111.22134159597978,0.01642847521353492,603
93.37368135285402,0.20764639951295438,600
73.02239692667843,0.17172357589025367,601
42.971874694665416,0.1796604775972546,606
52.548980191332184,0.24313401221455108,607
94.28995957654735,0.1328450233181537,604
75.09101294495949,0.12700153878993067,605
70.05455829248325,0.08188806442852811,610
35.258591939900654,0.009578904985387542,611
26.88089636295665,0.12075205905552433,608
109.67185873247162,0.21394639330301557,609
124.78001737230375,0.13739998065879874,614
52.47138180506684,0.07337086028100717,615
56.42402169927565,0.08402586529601053,612
117.48677757446056,0.17241459310021784,613
123.51582553521881,0.050653015425813,618
65.36780810429923,0.2718539669162545,619
40.313425225366096,0.03442723424051885,616
69.94861360304071,0.28439062177074753,617
63.915118206901646,0.3003311060509615,622
118.11094246095473,0.10038007989579426,623
86.90830246393004,0.14972852551734614,620
94.56492066468381,0.03887473464131708,621
64.10363132545586,0.22070280450230895,626
62.96860393148539,0.11197987974980655,627
44.97994206302212,0.10221175284780791,624
74.85049109127034,0.07411798265691028,625
33.20790077527865,0.13091677929270995,630
59.30016046676382,0.076892757927975,631
116.6257556204399,0.09501870886548552,628
68.11196185666317,0.2347422245060352,629
49.82154607982609,0.14273485567639238,634
74.88703839140499,0.05504538803219822,635
64.20336389347065,0.17384355307700058,632
37.639773454284395,0.055923942528729426,633
118.31535513372941,0.19374696822086523,638
78.32542518860899,0.12183827439977093,639
92.48862021532486,0.11271002151327968,636
25.21558634798142,0.05333595837689196,637
121.8495837018116,0.0719457168599159,642
34.791710817889374,0.11820433308865991,643
28.298074972005438,0.03356729591020296,640
102.09831043964974,0.05489717460749606,641
44.10157945951144,0.2006604136329099,646
25.161081512451688,0.16470905500498112,647
86.83881916169813,0.19819026027532205,644
84.54542995018274,0.12559640924518808,645
36.12592613568402,0.026632356326904097,650
40.0217480411308,0.14301397002056943,651
73.17612699272718,0.18482410097643756,648
57.14624043994423,0.15286974841789747,649
26.41893879628967,0.039887196957149984,654
99.39124966320175,0.1184001990510712,655
100.59620844658784,0.1849673585917251,652
93.4775179724865,0.11869762804838713,658
86.21760955670715,0.12211662517166583,653
82.26152986476885,0.14918454592080846,659
68.97664695464357,0.16555195064821046,656
116.21141168908528,0.09902497166246155,662
71.96426566516382,0.08621233867636105,663
78.0458131998129,0.1826896725280386,657
58.54616836540748,0.1257358168889344,660
97.53854881269787,0.16446368596161426,666
96.12389858117903,0.17574851878229442,667
105.80221745580096,0.043984278690682034,661
65.87507391430265,0.008361294680299816,664
37.072626636956116,0.06000136269470996,670
109.15856178335028,0.16412837806321934,671
119.09452903557,0.057168815523608335,665
49.41254041372902,0.034780881185552386,668
123.55583824033125,0.12068181372937968,674
80.28455308344292,0.2364910562700136,675
40.18419617695373,0.14673398271215798,669
58.480808644039875,0.09906569820588337,678
107.14654276038414,0.1188049194301297,672
82.70515530669252,0.21141796931473367,679
121.66746566110966,0.056176502681054445,673
51.25079853032345,0.056958731840030564,682
33.23039693253179,0.20998414239306962,676
103.01756077011169,0.19165658784870607,683
80.77579397868831,0.09275310484403411,677
92.30872789394887,0.01599890127613794,680
91.04553841555126,0.24798007340966288,686
88.07501480163431,0.15473143147747193,687
26.95572121945361,0.16070424961380647,681
92.06484143526244,0.1163603238940449,684
71.95966427640501,0.08235303617286333,690
49.57623529945836,0.08762722050999945,691
71.38616812230231,0.0442736927275611,685
57.98783985545399,0.13405260968019012,694
119.30546487355262,0.08376010343691098,688
78.86916941341131,0.11004677894195668,695
35.91464257811161,0.27233642924738305,698
89.46689869457298,0.06688475662044745,689
36.81276852099634,0.162940792972038,692
26.767046222965373,0.0845058892255296,699
47.161636057038024,0.05969773886040261,702
59.96390731057155,0.10665487821936559,693
103.63440302506677,0.1465448605041968,696
102.86002922111292,0.12802466925344255,703
104.89152602344885,0.19829594389641542,706
111.70012273294539,0.09231677525924016,697
120.89415094203932,0.14858894023315067,700
98.90824847031834,0.27422854282696474,707
56.99666285257912,0.10668632797581719,710
48.23605835583375,0.23060137148016607,701
60.87236844664423,0.15602727707738792,704
104.28238623022743,0.030506376995822683,711
38.72614994425575,0.1502120480020077,714
115.85538152637632,0.2506337986402859,705
122.12264923351448,0.23578521099010558,708
122.61825074659953,0.09900470105741406,715
112.63067190464078,0.06328504071199799,718
91.8009626587549,0.07947227674802483,709
61.14792809351775,0.1769933613063768,712
67.07207873500103,0.0038856800769353247,719
61.14757080111768,0.21408071695712916,722
38.5900001598452,0.11081069309398058,713
102.95508046539028,0.14223539156554676,716
119.08835799544988,0.24672787597884352,723
50.10020016947967,0.26086980543377153,726
45.49268354079858,0.14362374823720062,717
68.62132163924264,0.08089458109669123,720
63.96942109683906,0.13568861705688445,727
72.9679075928407,0.21238096497366327,730
25.781820188650993,0.09242752615986005,724
60.943214463352525,0.06802729370972271,721
68.30030653075633,0.1749427322792991,731
109.8577202257026,0.1460693107885485,734
40.34219463013594,0.26837791539909217,728
33.09724536312575,0.07283815746648852,725
29.940168426055493,0.10026672021067971,735
57.63692382718653,0.12565422032020862,738
105.4714243834585,0.03549963668380701,732
53.32396724285042,0.11277396694367502,729
74.67124917943167,0.200304203509537,739
68.63340289988068,0.027697123519146657,742
91.92866772844239,0.18153210839269956,736
96.62967454389883,0.056194507103055624,733
110.58301787981,0.10028020102187499,743
68.00180904832868,0.20251313121733602,746
116.18861730265364,0.019121950373494057,740
118.54115146767485,0.03687362452298842,737
87.52283851440478,0.1457620101032251,747
118.16885837339512,0.10803273289865885,750
27.918838900696596,0.03356843062802017,744
84.82180639625803,0.08267905582754072,741
67.99652132812966,0.2052483658918023,751
113.79083427261534,0.16161248775317544,754
36.66490677502632,0.11706390144213596,748
69.85951090857883,0.20569819208131046,745
109.65845868212834,0.1592693400237989,755
92.05702289166638,0.2570021961062809,758
88.94108239267177,0.25098401904324663,752
90.86953097207083,0.07192945310848091,749
47.1498257132394,0.03703643782734472,759
50.20524172490492,0.08200990317428403,762
71.08724579376495,0.20206506258974744,756
111.09173800440702,0.1693143084054654,753
76.09159118707039,0.07455911174798412,763
35.47628618340508,0.11580501834876418,766
42.44649424117392,0.07036774511792347,760
113.18317611940255,0.06683675894621784,757
101.18194383424401,0.12486828192364163,767
49.89331826839022,0.16699754539499723,770
25.863761417794006,0.1143306636012883,764
36.27259298088019,0.17206401388823003,761
72.63905153224647,0.23630035017523354,771
91.13680542220243,0.06296408762834181,774
32.81010311941296,0.165120586604799,768
49.746131199817,0.22055371344259425,765
42.19115829494159,0.12166225364422308,775
33.425938176929705,0.08540163590631235,778
56.945574490931115,0.24709316985128016,772
92.9326623533038,0.0708497961211189,769
105.04123797922004,0.03188204491307031,779
75.07046775542021,0.08967821435879599,782
56.08270758955641,0.1656560947647683,776
70.89370642576387,0.11419882056656068,773
101.6417049190998,0.08882074307077448,783
51.04783229279659,0.035380996808178126,780
45.74977246254753,0.09982480036654251,786
121.30882089362748,0.0849785561115652,787
46.47772222506707,0.061707833488737845,777
48.261993478723724,0.10778906609128372,784
109.18946868360399,0.10075256203117161,790
25.686432033048234,0.1061170022783688,791
91.9968135674442,0.12044627323129489,781
100.77358669832726,0.08077140157905195,788
37.32683406397239,0.09838426120789343,795
121.9848825613213,0.16400268151932793,794
51.46469502121708,0.11007561663692814,785
104.70456221550353,0.09473559125471398,799
26.251280233115704,0.14814942643480344,792
26.69768478959166,0.059616308163705146,798
109.20818421965456,0.053795467962828296,789
52.91605398161949,0.0962261052195347,796
83.35568151793719,0.14823520298110968,793
67.81444310299307,0.18555019139274762,797
