1.2954742096802523,0.19279005587780018,3
1.9962783244105415,0.23672777336703654,1
1.1895084022759836,0.08077626942563759,2
0.5583441854905724,0.11518090677644853,0
0.7344867227420546,0.07388017122821394,7
1.9179791023944444,0.25768594443431897,5
1.3006643111655225,0.02775698950040946,6
1.552552407899317,0.17160212292269672,4
2.197757026490192,0.12228151927333138,11
0.8365232852250504,0.12522152184719482,9
0.886288135124313,0.12993082245549256,10
2.1131957290586647,0.11923596248447128,8
1.7547046336137273,0.18157605847149438,15
2.2968672933452887,0.12368530040336445,13
1.9483036777979421,0.13771180322758536,14
0.9211342394888753,0.10824591471975116,12
1.5444908586707187,0.055547707033513874,19
1.5047103305771865,0.1444096070181924,17
1.0825088933356422,0.16486030232333818,18
2.4404160048234824,0.06936029965102163,16
1.961040675138206,0.04271135699813108,23
2.457189181527739,0.07595658791833264,21
2.326285683851306,0.13747090486471789,22
1.7392977138767098,0.16019059515672965,20
2.420828180172225,0.009814934631766192,27
1.935248630869573,0.19884241655294374,25
2.2792564020011468,0.13721652449547372,26
0.93832702738826,0.05703500098618908,24
1.2873268118286276,0.11264174324811699,31
1.2035652693157897,0.14064604164310143,29
2.373399102287645,0.14333769358275023,30
1.7424911800466887,0.2147702370012573,28
0.7740121568199414,0.18562351066638894,35
1.2602519795329876,0.02535906423778725,33
1.6868123493298441,0.037469523886740456,34
1.8432606866389882,0.05531931831142949,32
0.9731699648266963,0.1082152317157525,39
2.162074410991698,0.08641721772956161,37
1.5705743862091228,0.1421713108922781,38
2.41944234842593,0.09247866836406,36
1.792021590076649,0.042777387848857824,43
1.7187350733413878,0.06734969255132837,41
1.9977462277023859,0.14479074388221558,42
2.3168682938639646,0.08761780663483143,40
1.868167705530922,0.12697303014155645,47
2.1761047646040774,0.14243124011849176,45
1.826942129335586,0.05311883814537206,46
1.01785254422594,0.16080575037321518,44
2.114193843898062,0.04931747040097357,51
1.7996112070044064,0.15933936108878657,49
0.8266625918384565,0.09776570888109923,50
2.159270520590399,0.13894567055896553,48
0.8665234674577174,0.03973304002132585,55
2.186523604065558,0.12936482456658763,53
2.4540836769059284,0.0820884101222068,54
0.881830752099469,0.18804831636592967,52
1.395857895789173,0.0887654986579432,57
0.566030914344676,0.11730728892618754,59
0.5961568019203165,0.061359932744098726,58
1.2920329198721168,0.04400672193185104,56
2.4238765949540904,0.1387084697788127,61
2.091499333468002,0.043010405085705555,63
1.6538290902690083,0.13722151037991118,62
0.5886162438353002,0.2335074044729724,60
1.9327826839330613,0.1223085449630009,65
1.8375937282438632,0.051928716826996915,67
2.4777743947768256,0.12064269030438307,66
0.8414696557169896,0.16185552133619796,64
2.2186030173297793,0.1656904638860526,69
1.631327596291687,0.09003107707726096,71
0.6090055318572261,0.07755919794124161,70
2.1977605907255757,0.05080540812545231,68
2.0408804198583863,0.0834293307315794,73
2.14416259614587,0.12155482093932557,75
0.9940302366290699,0.21320118808694677,74
0.8156355324460749,0.2197300310067638,72
1.9429101472561767,0.10736386241929632,77
1.4644133263216417,0.21860455349207017,79
1.4123489044103634,0.04460365900010751,78
0.7015990884977494,0.12713849520691098,76
1.2549078489144398,0.1728179194592979,81
0.7963087345380115,0.07598292550471797,83
0.5216030906047686,0.156146623204059,82
2.173739696613541,0.2980253532483021,80
2.2142011678553675,0.19902412743770315,85
1.9649378775644464,0.09279027012164578,87
2.367282984859055,0.056480081813352415,86
2.185681583563578,0.04547083459951071,84
1.8756897966811479,0.06939196964830041,89
1.8677956118008288,0.16007635385843821,91
2.201925239658441,0.1337073393800239,90
0.9025823228530836,0.04553344893755688,88
0.9433492950721445,0.07890505014734334,93
0.9403678194949945,0.18107248441788276,95
2.3268254162465656,0.07935572096653588,94
1.7105288731974646,0.3429280762282255,92
0.8684792419069469,0.08351054993020099,97
1.662632181410636,0.13397541065372,99
1.399074840239545,0.016087281552628504,98
1.7100824969526447,0.052166321089151105,96
1.3294902084320768,0.09637386519214086,101
2.250456903034069,0.361224832985308,103
2.2862746442205855,0.2256994042607274,102
0.769520616952921,0.07941021851644418,100
2.3440811457453643,0.08372521536821631,105
1.808754134006609,0.1186353044795172,107
0.9408094009299088,0.0419660523714818,106
1.0523461581393538,0.07179820192751428,104
1.7971485888849104,0.06316499699671116,109
1.4829190667793999,0.16307175974731247,111
2.379225525113492,0.23874615958340142,110
2.0895874130636694,0.16564795106373456,108
2.436868382153447,0.1421336793868086,113
0.7185627734190956,0.1526022256977824,115
0.8053640783354221,0.07581523020122666,114
1.07573786950874,0.08320573209011639,112
0.846122234812688,0.17349998754045795,117
0.6490823003921202,0.19531216690569586,119
0.9180627798920964,0.05757967175588901,118
0.6489064508046971,0.21811667234715393,116
1.2086144106976269,0.09219828464625282,121
1.4463470973062325,0.09765454809195473,123
1.4631770526171035,0.05833047820019244,122
2.3395273552373204,0.177064995903069,120
1.137643588576089,0.12040500295850443,125
2.09296630424592,0.041167065861351174,127
2.2671149667778208,0.17199234182595263,126
2.159468820273715,0.10766679812732216,124
1.9252702234937171,0.13729290943703903,129
2.4124534819180354,0.08327297576111373,131
1.2434441982605586,0.20204990817810098,130
0.7767187706597085,0.06382988366018234,128
0.9738901708190013,0.14574481512677737,133
0.9001064042889328,0.0813850229354043,135
1.4052657289004473,0.10558380035159623,134
0.9797799309789839,0.25283258150358207,132
0.7805670980338371,0.078223033540233,139
0.6164730693188427,0.09816105943525917,137
1.4184635833746189,0.25875186779487275,138
0.6968247874804008,0.22082899501118558,136
1.8387205193056675,0.14179817035692696,143
0.5650300351217075,0.09798009007103928,141
0.6332986813655179,0.16504078041811396,142
1.8834421789834206,0.20016540297319724,140
1.1764163289251928,0.07600532739767236,147
1.3659271133348356,0.15344160661321224,145
1.6182978871000202,0.17618237613966733,146
0.5144997987833064,0.04307652141362397,144
1.8401913254236113,0.12801635402352854,151
0.8443356066283227,0.018394821556147682,149
1.0198718055213276,0.08245125476550505,150
0.8504373668597986,0.09353335848011579,148
1.001332851133617,0.16395958706661862,155
2.3097017585952426,0.07572241213863712,153
1.2914650277084945,0.22517422243849805,154
0.5768518688205602,0.1288539806388219,152
2.0264496328099124,0.14045522939166058,159
1.3670739952903028,0.20048144193159226,157
1.9487152563293,0.13426109563376212,158
1.978498015753531,0.0427746273530612,156
1.3102619985842414,0.04991971818042297,163
1.2064277750288566,0.10867443040571022,161
0.5946821763713919,0.018819962078101243,162
1.395849701530793,0.019561152662964307,160
2.3661711964835614,0.11005908979756507,167
1.0666423738631428,0.024789567546750248,165
1.677901278519638,0.18034668832231168,166
2.4919419799222036,0.09412687376303042,164
1.302331495724608,0.21644332346824166,171
2.437765385375405,0.10841840033157775,169
1.3017690819893484,0.06451178599394457,170
0.8799623125743101,0.04168263739588443,168
2.077479115813229,0.15956821075793165,175
0.8033009643294116,0.12806058145047264,173
1.0555291097136623,0.04223225103838474,174
1.7535588308837886,0.004528717106326772,172
1.815687453240323,0.14999292079287802,179
2.433291145672299,0.12384197886214013,177
0.5294072042442777,0.06424255718410181,178
0.5750635330593328,0.09170557298100009,176
1.3171639949927016,0.10167166207489249,183
1.6450544540757952,0.15903846114115702,181
1.8768533131356373,0.07326216846716702,182
2.268748578949685,0.12389218326732654,180
1.2714048253553523,0.1473570581656809,187
0.9420566449789949,0.2776495038947634,185
1.3185568014640197,0.1468232791747052,186
0.5861252446456899,0.06426849758192237,184
2.285190369799846,0.09928489963647781,191
0.8776418953677176,0.12294622859364579,189
2.0084403960317543,0.18162825972299265,190
1.2343986671871217,0.23025655877940052,188
1.9590542999047882,0.09483233599433338,195
2.0254279702609863,0.13056286803063258,193
1.0043786926095584,0.09024602041268559,194
0.8359695600970076,0.06667754619490733,192
1.0853222018145654,0.22094222455301413,199
0.7329541364824355,0.19787106377214123,197
1.4514990040574978,0.1818960123080711,198
1.7278420564026253,0.11106257794896027,196
2.478579561411759,0.042479470384498653,201
1.8886724259266896,0.04787268915941534,203
2.295999748130603,0.18690948650636938,202
1.5799356751040208,0.14832210950375702,200
2.102423524202943,0.14906437075709084,205
1.1752636941205923,0.12433500868664638,207
1.1396325021620721,0.06487779304685735,206
1.6601093355611696,0.15012169712586956,204
1.88490661907573,0.09416002914051161,209
1.9096696523563568,0.13828196085469244,211
1.1548700458720025,0.09368762916247188,210
0.7028442799211567,0.21803042275092627,208
2.0761111380450936,0.06519985868966201,213
0.9407885886796556,0.03989724215329421,215
0.8798104820260138,0.07013057291935064,214
0.8777690336596986,0.17458802982678817,212
0.5024277288496082,0.13539975711282634,217
2.1807332400629083,0.11220796148228765,219
1.808208419845347,0.08437640017813777,218
2.340667996871412,0.13287625353764712,216
1.3656819254057628,0.07756986128713868,221
1.8216913540564479,0.1053431156744159,223
2.111749328588072,0.051458107466717196,222
1.525221275129509,0.0753790193323077,220
1.4102466000317089,0.06716825755989442,225
2.111444137951036,0.2982951872504532,227
0.8308830915930645,0.03707805936608598,226
1.5937235098377658,0.10425105248240021,224
0.6487989830521557,0.30990290572248724,229
0.9360835105741263,0.027220052400223668,231
0.8948031635745888,0.14797226480580664,230
2.2091540190741834,0.02595124864466003,228
2.1731880390217717,0.17699724016628499,233
1.525916854855699,0.038434358928352154,235
1.032385021900038,0.09125809353350244,234
1.7575089598196967,0.15265333147016993,232
2.4882897355253877,0.13631212158929723,237
1.7538536502896251,0.25550441826397,239
2.3862853053460684,0.03819794526839802,238
2.0547232896536363,0.1258503460157925,236
2.2102378586138878,0.15744515228758416,241
0.822874977208716,0.047944099570840115,242
1.3717006592501257,0.20958600178645614,243
0.7417737688789241,0.052106587869046206,240
1.013830141346943,0.10793574688316727,245
1.8645083990812188,0.2724539021719438,246
2.264169407770951,0.2085542915462321,247
1.4076103716671238,0.04481006354013949,244
2.165706546885535,0.1520520924184312,249
0.8904663667709842,0.16236060226510307,250
2.2138429783594002,0.06604702420635748,251
1.9206646944095722,0.3759061289048502,248
1.6238487668275678,0.10274244329011833,253
1.2429381291128634,0.07625621716840764,254
1.8757719076714265,0.07089091764786375,255
0.5811833017286094,0.1542738423317189,252
1.1265085738444733,0.08618873342389564,257
0.905389078012478,0.06596544467151876,258
1.2141908644476176,0.13072790289360625,259
2.041672901687381,0.11060543242441162,256
2.1297418124177754,0.11205931533330227,261
2.2289719102767758,0.13489291825905464,262
2.4216844990947033,0.09085114581019851,263
2.4875109192885443,0.12126003450775827,260
0.8401334587219147,0.12166581042388247,265
1.8314567859985806,0.09918184063663935,266
1.1611468125929407,0.0510434903053061,267
0.521063345400071,0.028516315629422136,264
1.3654689578962582,0.08317284091119313,269
0.9582399217504569,0.13832300454776345,270
0.6267497074040811,0.14620634487848438,271
2.038611540840056,0.05750148552980899,268
2.34243355248561,0.053095479479876834,273
1.6952126046251714,0.15043882832481728,274
1.582010088523609,0.20302750585316096,275
1.7479837416992725,0.17337749194612853,272
2.346025650608013,0.16333889552920508,277
2.4267427392120626,0.19141693858919492,278
0.7251741211617895,0.11769010959513693,279
2.227447511071482,0.21818652839407196,276
1.370342553033304,0.18259806918873614,281
1.9361621621395735,0.08663865480609723,282
2.2503587292727163,0.09048242978325964,283
1.6022915442542582,0.0906578213079877,280
1.633859706648744,0.04568799645474445,285
1.9131525225406736,0.1638532618263303,286
1.1784132163920595,0.20771205774097506,287
1.2849261252448958,0.04351178788512695,284
1.0853610645011615,0.023195963473472515,289
2.120134369156411,0.09278585408862078,290
0.5264913949408481,0.11902639368322639,291
2.4312754046845937,0.15396542520939158,288
0.7549269113554942,0.12068372178132779,293
2.479764789494424,0.1411557666255243,294
0.9675334740793708,0.0160651852091296,295
1.3804724284424643,0.14541940504752524,292
2.154132912992507,0.05066560029996212,297
0.8973886604448225,0.19184919869191244,298
0.8892390441916584,0.0658976786610485,299
1.457916108397429,0.11270587059110543,296
0.7148482852442282,0.06677932196710902,301
1.8718397245283431,0.1282480699243892,302
2.41098732752168,0.30049347469457516,303
0.8167209720163655,0.020256110755346668,300
0.8518513173138738,0.15598543325561354,305
0.5978515976873184,0.30522932545924547,306
1.660858114171092,0.119488674005077,307
1.37141105658306,0.15701403131884706,304
1.772522601904096,0.2791505896742758,309
1.4918282784263,0.2936894353464001,310
2.316551681594917,0.09465669711385732,311
2.271645720723187,0.12787362787764378,308
1.6248587811838444,0.11945729837789916,313
2.21241793039101,0.10275405128843303,314
1.3865479077801095,0.2629689356535797,315
2.4828111624014637,0.1507533039677994,312
1.4074878784089389,0.15218486819917104,317
0.9788918031268994,0.1885545212990499,318
1.7890956793170327,0.021829350611185763,319
2.482081474309277,0.11629673536181356,316
0.58250882756984,0.03905310705185672,321
2.208391623474691,0.061808081272126086,322
0.9824805668421253,0.10372920362753855,323
0.5645339263177507,0.0763802912814614,320
1.5041085846598943,0.09883042856183377,326
1.425019330091838,0.06783064427564219,325
0.694450135900474,0.1041108453908185,327
2.1760561920323394,0.13163816692377744,324
1.3358955140219453,0.13677328850632908,330
1.8989727486423094,0.04613908782091404,329
0.8060109064875041,0.15389085597604743,331
0.9090340347291714,0.10810374916436286,328
2.101704394939164,0.1644332436678949,334
1.8169372700257074,0.09344601706131944,333
2.208747075712268,0.2185937336055715,335
2.1109695820712076,0.24042851134780677,332
0.9538945381211426,0.04715003088079564,338
1.9742699666267316,0.14255786667110976,339
2.4370661103106217,0.1750961711662805,337
2.292060800952651,0.14046974481865246,336
2.2552016922011426,0.06460886435456277,342
0.8915502962649637,0.23754121635843872,343
1.939223591827327,0.13071277816575932,341
2.450642771786385,0.07127607908285878,340
1.7653448778108891,0.16370148097779205,346
2.3007309060599663,0.07040988997962681,347
0.5368241576136521,0.18123887185380894,345
1.3203285324345304,0.11585075538665926,344
1.9837015259221267,0.09307315164749891,350
2.230552218153939,0.17492239827360123,351
1.1640846112171495,0.12589717698453973,349
2.2199811222921024,0.1790588184236043,348
2.3028136836484316,0.06151895720016061,354
1.7320036564986452,0.1976297137677,355
1.5940934940260347,0.22716837436563037,353
2.4492950580552053,0.0241293441750228,352
2.415413412615517,0.04462861582902816,359
1.9309564686684784,0.13481642519724554,357
1.8302688666156617,0.12454947581875844,358
1.1877233643838512,0.10245492173353617,356
0.738421667633959,0.13482616736292094,363
2.1330626917608484,0.2119440687557812,361
1.8803272513179317,0.0932751746922688,362
1.3023643446045599,0.17152766335458566,360
0.6751187253972128,0.23838939950424512,367
0.7232994335413452,0.03776582614402897,365
1.738055103056222,0.33734235190749295,366
1.3637102013585696,0.08231977138965747,364
1.03589508812138,0.020752774690469364,371
0.9687734309340348,0.18798673845898195,369
2.2945589981537915,0.06841189693343779,370
1.6912501026736477,0.04149506390291097,368
0.6377497265802479,0.1641465796710322,375
1.23200149078119,0.20035646210757918,373
2.0251358906821206,0.1703939788854308,374
1.281759420858831,0.1427442729203759,372
1.3147531534763024,0.1266254090437204,379
2.260581885746481,0.10596383957904294,377
1.1150391267392954,0.19857909166287452,378
1.4201123119330783,0.09496889820114429,376
1.1732088862891954,0.07803385771460378,381
1.5187744319722414,0.10998523818268152,383
1.7998038981280202,0.16780124545214112,382
1.4751856301537218,0.16484909398701456,380
1.732659384499029,0.05917609007681716,385
1.131650866453115,0.16493812794102547,387
1.7149838781178877,0.04716642163688575,386
2.420855802012219,0.09581147412857041,384
0.781227728999556,0.019477599174861207,389
2.183963048080906,0.03484360371255841,391
0.5729085288161988,0.09502710131412506,390
0.8317981737645057,0.33258085585908664,388
0.8782951977269524,0.0731943024802054,393
1.1863759346403802,0.19385086931206374,395
0.6562415751925601,0.11167775425818012,394
2.3128259917860223,0.23077758569251056,392
1.1931804956892786,0.13802154788036397,397
1.4215098104201038,0.17574445119308207,399
1.9580688056949656,0.08980946349457036,398
1.304488602395674,0.1762928167734702,396
1.6774419261334563,0.21406901226098618,401
1.1972044671365363,0.049982877221057265,403
0.9614534040597784,0.04816068414848123,402
1.669562590788664,0.09299961702025605,400
1.6183755426770392,0.07586927275491667,405
1.5467095464503424,0.07769506788464801,407
2.1655040595272945,0.11858215573189845,406
2.3510602357640797,0.1252009990255704,404
0.9201607563704675,0.20906598320836928,411
2.1495755218024692,0.27943640641438827,409
1.9319326358840354,0.21546201435559206,410
2.217830829083148,0.0969916183544491,408
1.7391959689719803,0.10277615718941553,415
1.0603597062096786,0.08849476864417584,414
1.1074958622861522,0.09805948023173502,413
2.3552466699406645,0.06682193576403413,412
1.1417174883915588,0.10264261582224064,419
1.9186156843036304,0.11167929192075408,418
0.8550842065075401,0.21396303354235152,417
1.2139153983003899,0.15760379563849028,416
1.5336349070803998,0.13667392365808434,423
0.638938339532092,0.09577033235358448,422
2.158985186013945,0.06659987163225077,421
1.1334800073839029,0.14843754350063906,420
1.4202524700362251,0.10108377841358068,427
1.7896673417592635,0.11208965432041385,426
2.4246207374779307,0.12301759144681142,425
1.5146628723324194,0.24913021480180034,424
1.1738315081299602,0.049991210461560624,431
1.6232175336883585,0.11638180534639204,430
1.9927463732023813,0.10622635558334495,429
1.2063998490216892,0.16208598380315836,428
2.030877125561015,0.0985085981083904,434
1.4987222067493084,0.16903600639150707,433
1.7669756968997485,0.0869467157398724,435
1.4301466007792378,0.08536183883364684,432
1.5699467084347443,0.13680425331921686,438
1.7617035898584081,0.1607655803143504,437
2.0263910681363004,0.18511121271117076,439
2.270928251738642,0.11376154299754491,436
1.3924667475490664,0.1008160568887247,442
1.3499827687961774,0.07177274737753295,441
1.8764235484023641,0.16653537438048466,443
2.1576331844848706,0.13676814384547506,446
1.2448275937564253,0.17161600826785486,440
2.4234197530982637,0.15662164179043161,445
1.5045736945597983,0.15311687337950758,447
1.5659197291034583,0.07346770928207164,450
2.0307113444205793,0.20011364633868467,444
0.7188859922817361,0.18754127441742796,449
1.1619687790952502,0.23389697930962272,451
1.6607002385463068,0.05766994543905052,454
0.5139566800324029,0.34554153563451684,448
1.0555975772316646,0.12921154562587792,453
0.7401942251858848,0.16683509823302317,455
1.9543482758710962,0.02299084451930267,458
2.3701403878017917,0.15099547463181562,452
0.7271094860512515,0.13128328804507947,457
1.9158301551036816,0.22294901925093452,459
1.1541188557881847,0.14213486506236425,462
0.6054133058263982,0.03626567315219473,456
0.5175855014497075,0.06576080311480077,461
2.169664000198402,0.18572507292374457,463
2.2398470067612233,0.07257873608703001,466
0.6588161561116384,0.14866103653394439,460
2.4022229474940806,0.15417347793105574,465
2.090156509572412,0.05819826841146961,467
1.465902751224595,0.15235643082859499,470
2.098506397716805,0.1943291034286556,464
1.4968281479947472,0.1380562609527963,469
1.855991405769645,0.07859664877255997,471
1.7143532932534835,0.10120853727222652,474
2.046917486970753,0.09305710785412243,468
0.9252791595593803,0.03870067896478813,473
1.4415555369190396,0.11517401010719207,475
1.7909265366116438,0.11952057557377774,478
1.312588008553699,0.206176523101639,472
1.615095545800134,0.1195848097468594,477
2.156185971354387,0.16002560718481604,479
2.0140945109773667,0.2523729050446956,482
1.0851571591024742,0.19708546263093019,476
1.4551320403841346,0.12084514045829445,481
1.8151109529020018,0.11515378908865684,483
1.4860723822314468,0.06852749730002539,486
1.3825090789696735,0.04465771600258536,480
2.1073935717304657,0.026990504134983252,485
1.2331716238590054,0.05764692940262983,487
0.8088570348779605,0.07070715883231844,490
2.4504010015819597,0.033899309927485355,484
1.6535675863918233,0.09402953556003663,491
2.091177054852787,0.19715905868918202,489
0.5126566326909756,0.13024381922527786,494
0.5531951175267329,0.09228034133184876,488
2.062195788631483,0.22736220450665032,495
1.9096725084118655,0.1368197493257414,493
1.3886036381674642,0.16602740373566047,498
1.1551097723975576,0.2761759698421802,492
2.0628228937238005,0.11754977807076208,499
1.4246737814320227,0.0828326670801106,497
1.212470783472146,0.18835906772712055,502
0.873177439568342,0.09421686722802694,496
0.5303421122030298,0.14664795264902517,503
2.082137065249957,0.2805204378623456,501
1.6361964792830042,0.048305945904845694,506
1.8728247178453956,0.24774799422457386,500
0.9027447544727545,0.060130894800294966,507
1.9419332691503597,0.23273725757743235,505
1.9921060781456525,0.33394270468607923,510
2.2800392084844017,0.0740849435947517,504
0.6891022041361701,0.08300088974593034,514
2.0344417360954834,0.2346120605413766,509
1.3091225232111425,0.10226021908384993,508
1.134785712769829,0.0786041485836057,511
2.3209276106694543,0.1416520772554218,518
1.9965059659238868,0.3064428834687958,513
1.436853511833505,0.06659555687410564,512
2.046969984176908,0.12394150296502449,522
1.1648254645787797,0.06984407368859395,515
1.6134380814716427,0.09353711031602262,517
1.5947025629384186,0.10870801575903946,516
1.5098825459016727,0.04189825542860309,526
1.737301913650148,0.0856794320569153,519
2.280812406429206,0.10942268337166804,520
1.1237923972785022,0.05404681930817123,530
2.1505097036913545,0.13320237729097037,523
1.586949409279451,0.0918703049455293,524
2.3201810398445852,0.30119379927021195,534
2.192342833749067,0.1496785157961253,527
1.6246036765867455,0.09700496509455042,528
2.2962933178283365,0.1955395143893164,531
1.710863021285686,0.20517063352377526,538
1.7610081692271327,0.06845797985207808,532
1.1386505593270533,0.10965619602223152,542
0.8879892370564804,0.16690358271855216,535
1.142291699817715,0.05436905223617634,521
1.5343863897597994,0.04652732091316367,536
1.4162448981550748,0.08609728721670358,546
1.608361727166272,0.11095045865297477,539
1.0510131800336027,0.02729533235206968,525
1.5181222804033545,0.1820044230754371,540
1.701848127649288,0.18227874934141686,550
0.968993313601715,0.22848661562435316,543
1.6115641361124233,0.14838565706368173,544
2.0042187482831504,0.05946240285328824,554
1.524163034263881,0.17891377159047797,547
1.0919584552098707,0.10678420196428587,548
0.6449217963598097,0.17381712812537753,558
1.1922847924765894,0.11016331282874259,551
1.5495704643912656,0.14700749566591217,552
1.617496141453054,0.16171842268958303,562
1.7303578861732054,0.04469216291824249,555
1.0139698279781266,0.2084520825454213,556
0.5830272572417239,0.15159516090612776,566
0.654421813762635,0.1766067446831548,529
1.1542014958543523,0.05017912306036221,559
2.4674132008275054,0.07769118609654935,560
0.522018144230936,0.28951374398042157,570
1.9664133973541382,0.25116324650179817,533
2.148493680749865,0.20036664063629056,563
1.4620979000385654,0.027467145755697576,564
1.1409994430231487,0.14481919296729295,574
1.5175424964223982,0.05228560282954521,537
1.1637066969678909,0.06857092082348282,567
2.217620702993117,0.16735608446158165,568
2.291581165885729,0.16710518953001197,578
1.3368126652829984,0.03821361280759244,571
1.2399352743763672,0.10587093341705572,541
1.4958786892371407,0.06659057119085701,572
2.47545035733388,0.14036768818755616,582
1.0960313282755954,0.1641753856268211,575
2.095323616641302,0.0701771878402199,545
1.7447550351727357,0.2694591166424149,576
1.3321007602550878,0.1673898635055193,586
1.5277052719957442,0.1771218237969974,579
1.067345205953492,0.17156734806695093,549
1.313084408830494,0.23721363767670983,580
1.2363030482500321,0.16931317731529716,590
2.1650711076838065,0.1764517210661242,583
1.4985884263140974,0.07854738462092298,553
0.8233649093964226,0.11361188815192332,584
1.6556338316776646,0.1278165524886769,587
1.1877183273916367,0.1651842722157503,594
0.835370436279945,0.04497583433439871,557
2.2259117981798675,0.2012015459530613,588
2.03898892104492,0.14095544149713815,598
1.1771937446443426,0.2675881392170591,591
0.6226600728467133,0.10374024335145614,561
1.424339968009344,0.18059437901219444,592
0.8112242594244639,0.0735807961702168,602
0.86857044389743,0.16790405004864556,595
0.7951636306680767,0.25352765461539567,565
1.3286839008128677,0.05803114943963609,596
1.63474826232994,0.01304714639943474,606
2.009644740787306,0.08417223275957508,599
0.9614752359498928,0.06857240445274422,569
1.2536313280529034,0.18667673990165787,600
1.7571045006282828,0.3529289541195728,610
2.463460908531141,0.20869573915069567,573
2.4883827076877107,0.05605816073716546,603
1.6463937998887002,0.13495138446063362,604
0.8322908065724923,0.0781661778734349,614
1.672984586989272,0.027511234488121063,577
1.5377559723277856,0.190620224253036,607
1.7963956940659085,0.08973643782152146,608
2.264421928243433,0.14805488338880268,618
2.248449509584286,0.18268743282451183,581
0.5581696768659385,0.13433791917685642,611
1.6584550109167129,0.1015801088478542,612
1.3733527953055822,0.2479506436687955,622
2.304931649750035,0.21807362827600213,585
2.459936185967487,0.10333323662502243,615
2.4788520437203623,0.2360069242007196,616
2.100972418051055,0.23217527425045012,626
1.9920410237973698,0.06416444141742453,589
0.5796862042018345,0.17729770051142765,619
1.8098748236713547,0.1390933294426515,620
1.794218837306885,0.024417112635447796,630
2.4520775984295,0.13064066444770786,593
1.779371059534127,0.09234956176178133,623
0.7296872081792543,0.19537490820320894,624
2.011775711827483,0.1161298240601909,634
1.2928114383778355,0.0931657601334743,597
1.9993863959686136,0.13690671605453805,627
1.6604060407236512,0.12274587181155838,628
0.5678415811901332,0.05435646877982702,638
1.6130218742220939,0.1524936952846021,601
2.158465869803373,0.18017837337507123,631
2.3320292261192987,0.0796728088777904,632
0.6387095834937244,0.08056478732432175,642
1.301458131672655,0.09148751437348894,605
2.400044132276994,0.009217213147721027,635
1.9725599275327081,0.027194053035978546,636
0.9484298893175427,0.02039326339189082,646
0.825745503673998,0.08782064908764707,639
0.575644957781559,0.11426299863834338,640
1.620673061605426,0.062037604964053916,650
0.5800995178933799,0.08183418989265556,643
1.6848319507456195,0.04907476793786577,644
2.3334101424897558,0.21441104580295614,654
0.7833427002912041,0.03500849575828281,647
1.4531723475154184,0.016982251260461403,648
2.4182626998977326,0.022348855534751265,651
0.7790751004049781,0.11757816803680524,658
1.7086215972342054,0.07008247932149292,652
0.8246607483139519,0.18060473479418016,655
0.9048661619682348,0.08033584469681615,662
1.7078292320878,0.03138963211140078,656
2.207436562974322,0.03002078015881668,666
1.574043015411633,0.06550537988218005,609
1.6688658424351406,0.10776028475346532,659
1.523492238845485,0.1480246286870523,660
1.4527249826391255,0.18311448299789831,670
0.5368854448431997,0.20775295328435797,663
1.6875284092257528,0.14012763340308568,664
0.9782515667329361,0.1051849085519207,674
2.4778758966163155,0.10898914035547357,667
1.6277414302034867,0.16917771518778751,668
1.0453029412306107,0.09828387324874858,678
2.015164604450472,0.03424046722568452,671
1.5654894573465854,0.1838746626875358,672
1.705640221541814,0.05599429805766366,682
1.7514666642932313,0.2073637869964188,675
2.059366088556718,0.16216517891680893,613
2.2749114112200517,0.11580437658046568,676
0.9236652354653907,0.07494255953661617,686
1.6348242280280925,0.06615981773955669,679
2.488247720598495,0.2671398616484779,617
2.0396824582583264,0.1261027093567061,680
0.8608812237626782,0.04149096860232276,690
0.7217500693562968,0.12254370746691,683
0.6346294361210021,0.06102779578377748,621
1.625119236734182,0.1277975829418042,684
1.5994203817486137,0.08171060174705413,694
1.2425569498523796,0.21584231349294036,687
1.6440678154028232,0.032898250436333334,625
0.6560033487807975,0.15097045474783213,688
1.5473455885996021,0.03139195334744494,698
1.2277068483540883,0.06792080978776248,691
2.1571145874855215,0.08555011173655003,629
1.874027667268897,0.08367164743056019,692
1.020064688496482,0.191499412279268,702
1.7163459697677765,0.07799934080161126,695
2.470735624522294,0.09039898084189973,633
1.4590660989477664,0.024698306843976715,696
1.3262870011219265,0.08945756281267261,706
1.104103618631812,0.10654809799749382,699
1.1579928563569857,0.06655696488487627,637
1.1937989464313645,0.14505995331383298,700
0.5109552051158777,0.056019288860064055,710
2.1046501624201674,0.08013473591859678,703
2.112742853917446,0.1772634616174158,641
2.2773896365712485,0.16273717186663395,704
1.592266641613512,0.16124748059048233,714
0.7070177359237118,0.13423500661973753,707
1.14341528607925,0.15723359307173645,645
2.3127588664987773,0.09384846561950257,708
2.121971138420286,0.16851260217972996,718
0.5715875162123336,0.10919468891307607,711
1.5321207800164458,0.0999238530688116,649
1.0135658348923593,0.14839344019851672,712
0.6379768315376435,0.060643068723527774,722
1.6906350840716207,0.18132184427882006,715
2.066488975783785,0.1718374529724736,653
2.3862295404134257,0.06019981377001912,716
1.7652684367090348,0.08206088352443137,726
2.1156560308816745,0.06454882109396513,719
2.202705418974515,0.14130123221313826,657
2.3793635704975866,0.29316127813952386,720
1.2479876289458618,0.11305597749172423,730
1.4717828103149735,0.13813317594495594,723
1.6117629225656571,0.15173492555554358,661
2.098702727650533,0.02783731840311921,724
0.7299284522106628,0.14010356707033797,734
2.062797933888319,0.10512390710219138,727
1.5978469735356051,0.04388749410404069,665
1.5997533874474557,0.24206301586535617,728
2.045879220571737,0.020906969411263288,738
0.5874813572841955,0.07602389910184333,731
1.613249937094253,0.0984557473188705,669
1.7698058892016455,0.09665347849256983,732
0.5569398827036351,0.04205648624217323,742
1.64263058663519,0.13002667790408434,735
1.7450363786852798,0.052848050409588454,673
1.272196932150257,0.0717931879722077,736
2.3880945513384644,0.21403520884769622,746
1.9668789509482594,0.06473041860684403,739
1.7522130651147783,0.23521306223692096,677
1.8104230295614552,0.17199783483316822,740
0.6420809159364629,0.07718592370491784,750
1.1480524527262292,0.03219614102732563,743
0.7568808032329286,0.039413899526360374,681
1.6277915332876276,0.1092887794376434,744
0.6550062145129603,0.030685504658606106,754
2.4385504251519388,0.13708715245772538,747
1.600789553093781,0.058873331719573097,685
1.792994693000571,0.048609263044779666,748
1.5152503172562208,0.09961850414985225,758
1.9503350438024054,0.17569178869205415,751
0.5329175374994801,0.1499349769141926,689
0.93872956495083,0.006214212682209469,752
0.5733211039311323,0.0439242566610805,762
2.016955621091527,0.04266426898592207,755
0.5197797363695742,0.0947004898853011,693
1.6013553366863995,0.10618281910377614,756
2.0476795214964776,0.10175100156052033,766
1.2701310883522996,0.059095042778805534,759
2.4510743936040824,0.11190621840599205,697
1.4588176750676685,0.10674009417923923,760
1.5683419601272117,0.08534281904744112,763
0.5146240589663227,0.18588266742088863,770
0.5064843331328694,0.14676672504588795,701
0.9325072781274186,0.09841247943555324,764
0.5029338613355057,0.058698796221686125,767
1.4825889240880226,0.2286700593218471,774
1.6543503961484134,0.13111312301938877,705
0.55915335433724,0.08717959598381886,768
1.6450628940790575,0.04226435075340008,771
1.793475716804163,0.031464439683812226,709
2.4907750221284335,0.15071397853966195,778
2.397044570060207,0.09472711265002182,772
1.2727723005919112,0.06205245523517791,775
1.3435577300481925,0.07666698131217443,713
1.0294867834018204,0.02365231156442319,782
1.63240434859041,0.11126304887857369,776
0.6811359784558799,0.12970694067477703,779
1.539473092320569,0.14519995476675485,717
1.924492321037037,0.09562322444498667,786
1.6303794177135442,0.14580409652010715,780
1.1007502326732723,0.033524337331077805,783
2.3885972267260316,0.1846162368952067,721
1.0390568997129603,0.14737399337587476,790
0.7189684340534377,0.1839696675765089,784
0.8202435613505374,0.05325032516103006,725
0.7424352491190664,0.16451522484342274,787
0.7727509235045136,0.0637038159611787,794
1.6956737396388386,0.11430914414257298,788
0.740665720210457,0.1902892451201311,729
1.9075057878697617,0.2702119330738695,791
1.8694935413295266,0.1930966458125325,798
1.5218099619723975,0.08777252502504175,792
1.5620520260771829,0.10147826993444638,733
1.7759046167294938,0.1357097147137751,795
1.8185473739512314,0.139396221654128,796
1.6324478082446916,0.04345205256846488,737
0.5964691063058141,0.1476517435951956,799
2.315351998282579,0.1414122453888094,741
1.292120506022101,0.14273451432465475,745
2.3941718504511034,0.22802538035236802,749
2.0833430732520917,0.1935440180556661,753
0.5735415854624788,0.08382914617230623,757
1.8658402259177698,0.17787724271620386,761
0.5893217816430607,0.14017252477867828,765
0.8777403283239047,0.10395769496319562,769
0.8287393693619365,0.15417746924870943,773
1.519725318166088,0.027358721276712097,777
1.8654119859316012,0.16457028742650132,781
1.3478671452536457,0.12877863733651268,785
1.5766786370678645,0.16777464655016366,789
1.03008840386843,0.044654858280013636,793
0.6108199434568846,0.042632842429064774,797
