2.076558106429002,0.055521464941707545,0
1.788963393244249,0.22510792196513837,1
0.5936020642495101,0.11728255762906788,3
1.8311150293712866,0.053291769416279444,2
2.3394930141574397,0.16144691172630243,4
1.2847038915774445,0.04716238434764184,5
1.197794041440664,0.045244076653661,7
1.1575519543472281,0.039762209011029705,8
2.2373922670377304,0.09811743324517447,6
2.4968422142122586,0.15183720919878022,9
2.0426451689905876,0.18501222317949512,12
1.1262407453366028,0.04816795555678254,11
2.270844585237725,0.14439244567307224,10
1.3544150830929136,0.0408209449420801,13
1.2983617749436425,0.12461750482411832,16
2.4354490751805615,0.10645780886634044,15
0.5492162338732667,0.07732342232162347,14
1.8063925658218818,0.21068263151143035,17
1.1479429732885955,0.024491119704140998,20
1.6146595181555408,0.15795916745285182,19
1.033522436967811,0.14449936601179114,18
0.7293933246597164,0.1486615849337566,21
1.5898974066113607,0.12360232878770257,23
2.0230098879187617,0.10056728541995895,22
1.3772338193344178,0.1792409471161176,24
0.7376993478441669,0.15043904360189553,25
1.159825101757674,0.03026309355884618,27
1.418431874423525,0.07222446188580016,26
1.729373191083194,0.30970471387541876,28
1.620966346475465,0.1571616204156649,29
0.5424839433243953,0.15605073995876517,31
2.168362559888746,0.14628740015965652,30
1.1314045501232466,0.14075373737485591,33
0.5727702491936468,0.11104284772415314,35
1.471423156570388,0.22981957291353183,32
0.5165516104693326,0.0748619400195329,34
1.0774470078794334,0.12235842502550459,37
1.5086103047425263,0.1461067966686493,39
1.5526719507416957,0.06500299960675926,36
1.7629388600184317,0.03758706289415491,38
1.6591769126926617,0.04030077523518358,43
2.4587345519018635,0.12700463632372028,41
2.1638468650481895,0.08118125915126492,40
2.4581189860236856,0.06287333511339625,42
2.3801118239953576,0.2034822897505662,47
0.8914024340225439,0.11418859580569518,45
0.7310012335175236,0.13061094702280548,46
1.9394582659439725,0.1405349098213333,51
1.9691579710037157,0.1406646669242862,44
0.7477132436896643,0.1557123831496542,49
0.9791419375907227,0.05065736705805707,50
0.5978444607135107,0.08622636897922381,55
2.319451266024834,0.06518252418039999,48
0.505664765057086,0.10876631950347285,53
1.776292161730906,0.09644169137145141,54
0.9024661945828505,0.10710909526286623,59
0.8263316423058562,0.13830242902745926,52
2.103303570070954,0.08861965624870963,57
0.6201945779662483,0.3136714458951173,58
1.1465159601328947,0.06939905189529501,63
2.0782603093522254,0.16699863596170184,56
2.1563054176229093,0.09209586136510856,61
2.019691612596826,0.0642901895659812,62
2.3640605639015977,0.036790464395178406,67
0.539413317500365,0.1190091471849689,60
0.5429403688200192,0.043799566795200716,65
1.2447677318990356,0.12374305953608554,71
2.213201543435141,0.15538552562572058,66
1.735644724575849,0.06508310941211985,64
2.1795975573607627,0.26874619689352336,69
1.1818093553237432,0.06767129365563558,68
1.7437672849399324,0.21652089206988392,75
1.8976479964419002,0.11642781124378006,70
2.080406537590771,0.1303120129805541,73
2.161206056834626,0.14507958345426744,72
1.0006689405155371,0.14578998860125217,79
0.5671811709433003,0.13024994338072146,74
0.5340468182703813,0.0970114591906795,77
2.483630703774123,0.08882310532783533,76
0.8223680563370397,0.19580475192506577,83
1.4434195372680454,0.07966291158980138,78
2.001228031893017,0.08079876538744424,81
1.8383089572048503,0.05737216488250594,80
1.301658445096046,0.02811545358003556,87
2.4652928057634353,0.20096864609451842,82
1.0852930447595948,0.15870829100005449,85
1.0894852807710569,0.21476265682373105,84
2.093859349715522,0.1280918047424887,91
0.7824201883183937,0.07365678237974238,86
1.39359646894516,0.10091565822320653,89
1.2626497703858985,0.061463865845026194,95
2.1803753771527505,0.10579631081464946,90
1.5623395170449146,0.16019033817800232,88
1.1109657913804736,0.04151346623844202,93
2.2836427952630567,0.15762422306722684,99
2.396338934600478,0.11778422005020601,94
2.428586579675251,0.16262551088557026,92
2.1705561184046074,0.1303989786440949,97
1.1109260243450463,0.10398204003812586,103
0.8116463792162956,0.011622915608079721,98
0.9026565835329352,0.06119014452670965,101
1.3962730898074491,0.07372643006781873,107
2.0985359892143514,0.08512124323631426,102
1.7711816893826167,0.1737887138080301,96
2.1729927946075787,0.16365584792469884,105
2.397921214712734,0.10755968290966514,106
1.084946360777373,0.05219978210185057,111
0.8200932653253572,0.1447110366797772,109
2.203399704258171,0.11716753167315691,100
2.2633792425336203,0.10013076332963283,110
2.2280411961139093,0.06462102870538215,115
1.8203616339413515,0.33920270241719985,113
2.3662378050282786,0.11981221961329801,104
1.5902202963715875,0.0654483996654435,114
2.3460941732414997,0.11970941836586863,119
0.9761202691198498,0.14937249862066646,117
1.5827740440004736,0.16977148659317087,108
1.487014293003938,0.07626441342950033,118
0.9372477984454324,0.12736077692710365,123
2.2687436424907377,0.09438343855100122,121
0.7920261915495346,0.09838393505945094,112
1.8066413575472202,0.1134079086978995,122
0.610814082892494,0.03852695819785207,127
0.5961493473292196,0.06930913385193774,125
2.2565508481754435,0.10607916841234986,126
1.3858124201839077,0.36180304595306045,131
0.5610544748954021,0.08050362804436842,116
0.6211435431318053,0.07944325705679497,129
1.6238032887458103,0.12216406139382158,130
1.0703008594235808,0.12376759647249945,135
1.4238329191507946,0.07775359411346822,120
2.007957324147015,0.041949007851814074,133
0.5148697221160778,0.14091390304072923,134
1.6147038731462584,0.12358342846932202,139
2.3417657280680872,0.06181799312464466,124
1.3361249023744346,0.13834113474252205,137
2.419592725564902,0.15244142689985807,138
1.1454343767045079,0.1468455178418731,143
2.4033618973465867,0.12331280006636668,128
2.267124165798575,0.13044949595801417,141
1.533624902297939,0.0808237590524783,142
1.9408073815006193,0.1675838553582396,147
1.182851445277593,0.06979415808403316,132
1.8158495455559565,0.18678485898837113,145
1.7880375853047565,0.07746823220709276,146
0.537509720647845,0.18376823872644077,151
0.5801607970138163,0.10087464290462167,136
1.9934268748285602,0.11790753467098287,149
1.3102474950919238,0.08504808409042941,150
2.4010456333677053,0.1005201297941958,155
1.1858046655306722,0.041611578053817266,140
2.1519882694720276,0.09553238741860236,153
0.9390965073007542,0.0892204734616289,154
1.185594126871909,0.01910316966120827,159
1.1156901877052088,0.08029196486645808,144
1.7682364009845442,0.05017928157918209,157
1.0418499033727078,0.032111045010900764,158
2.320729599938671,0.14747904034532727,163
1.2448755538277367,0.10811179525761816,148
2.158437660148633,0.1485557263177538,161
0.5266959185894611,0.18340130821790102,162
0.504117384439861,0.1172652789085058,167
1.3600068194925417,0.10371962238689132,152
0.5381924531826481,0.06142776206692464,165
1.54841398816161,0.09133399785376772,156
2.343057567029722,0.24054344413391454,171
1.2938319138008085,0.08991072888739483,166
2.2440297632311905,0.07075112610647821,169
1.7106027862626316,0.08107705517994207,160
1.0178554241705469,0.021566151192707533,175
1.9802234786576673,0.1579671229644949,170
1.9674422219249017,0.14684509110873034,173
1.3545108995146184,0.12664208240188193,164
2.2732388229773877,0.1341999022482554,179
2.4697280901748555,0.0792400827495497,168
2.442275682661227,0.030924418201906452,174
1.0723789263445391,0.22710504432899895,177
1.0851734649466505,0.1526455162662746,183
1.3531550118128763,0.1288528412938963,172
0.8131460021074142,0.1926042456002458,178
1.3220020390797718,0.0956145071196322,181
1.7623019735307028,0.1803706578339749,187
0.7939602041114104,0.0631812328402832,182
1.7915261032817649,0.06798522415888952,176
0.8139745550532662,0.14137857641328705,185
1.4574223185386421,0.16987188077544166,186
0.9259933621602539,0.19931022114891894,191
1.5587704097698427,0.13666893404133348,189
1.0139675788895204,0.06873113996504593,180
1.2969541116114514,0.055963345136226694,190
0.6486236990976351,0.1148248769040035,195
1.4069819428213948,0.08161436308845212,193
1.8002139479821273,0.19161834458791577,184
0.690154991667532,0.17891701408985358,194
1.6600134106427746,0.1756916990439428,197
2.229467403336814,0.19643847063696562,199
2.1417646362504796,0.14465093501218018,188
0.886122977525432,0.12921748096064628,198
2.490971953127392,0.11313342320463399,201
1.4326098501743818,0.12910386145222405,203
1.6841749418462981,0.1656008426541381,192
0.9353515356773898,0.19930510159844983,202
0.6391820232985239,0.08349974448230021,205
1.3126209302115341,0.12791571213201872,207
2.322213779385659,0.10376509055540273,196
2.1510868056195647,0.14598218470620314,206
1.8624981889601473,0.08854939347177637,209
1.15141788440066,0.2507621910616699,211
1.939635850093228,0.2140478266139927,200
2.350448052039702,0.27308278040903905,210
1.7881799927858137,0.05084548725109829,215
1.2284921834282831,0.16523309749167228,213
1.9796810328633982,0.12238458595984114,204
1.740012435920025,0.02769481254736707,214
0.9047989880695004,0.14782646689005394,219
0.6207214582705722,0.07938495503936198,217
1.8730724109538175,0.15768573043392492,208
1.66270043534719,0.06808247566821325,218
2.414000069335258,0.1684916358110663,221
0.9583645900306874,0.0782974024153546,223
0.7647265451311804,0.09208110840785919,222
1.1221319182036593,0.12488720155203437,225
1.169888119723327,0.08633434003811488,212
2.2747732490918677,0.2703083999258535,227
1.1031224130301749,0.15067173376698517,226
1.748000197836324,0.09854626904906437,229
2.1270981829769102,0.009843264590269468,216
1.2720228317296292,0.05537157959727981,231
1.3556808218906684,0.03480987102884698,233
1.5141151511197688,0.05063116065130544,230
0.9602176593562226,0.17341081681302625,220
0.6105651039622821,0.12119021250901207,235
2.4951276350264306,0.053683767181292336,237
1.5576422156555756,0.20227405639581103,234
1.1888289342836835,0.21554986672424117,224
0.6318209463629156,0.09795917817305619,239
1.7835412908584054,0.28268653086930445,241
2.0172397160182074,0.04687885284277174,238
0.733753004844131,0.14628461863641987,228
0.6016549322811637,0.04662245675649798,243
0.9246470341251918,0.14213985110611702,245
2.030111925352215,0.2714849503940293,242
2.213120581128428,0.028871705105467257,247
1.870372940667926,0.15096427443992821,249
0.8643008901342608,0.08696098631932908,232
1.0175182614698033,0.1024389116654291,246
0.5797419352661908,0.1492528681248315,251
0.8795295700847019,0.15334730894359613,253
1.8947037478942697,0.2925567079244173,236
1.9073208591173512,0.07762362784493719,250
0.8407085437157313,0.185684007248697,255
1.787105556118684,0.062047268127317846,257
1.665683311415396,0.1730707425537938,240
0.8242845320609575,0.1885899044281465,254
1.2161554994664021,0.15496741606620246,259
1.6462814979136622,0.16455304887471486,261
0.9419641085638872,0.197074388003449,258
2.200888909117209,0.08547893284632692,244
1.1504305926325584,0.05161852548828112,263
2.1073429964662687,0.11773097268894145,265
0.5494182469941784,0.2092246663381878,262
1.9427480863738,0.04002143148066359,248
0.904386617026258,0.07727053108061765,267
2.277311783413606,0.16208708435670935,269
0.5853236305265104,0.05214224243934126,266
1.2040593687565229,0.07705863731512842,252
1.7539531955114853,0.12172814812420202,271
2.278858421627606,0.1714234070170504,273
0.7848352686853137,0.10813329956118067,270
2.12419680075421,0.14865303646659944,275
2.207505792219976,0.161852075320194,277
2.271044621733816,0.03916240394708475,256
0.8534192764244908,0.16979201697843954,274
2.3242848236083677,0.1210866452908197,279
1.2000848805648834,0.06766396852619846,260
0.6511353933496309,0.06161455665361966,281
0.7994383798678828,0.19899198156736286,283
0.7717557488893034,0.050512856992011884,278
0.8274335014539529,0.10445799889708335,264
2.2407720875585255,0.19249442379177167,285
0.5000067488572479,0.038707256081825056,282
2.089835847459365,0.03879425335028087,287
0.6053447068387776,0.04446627853177351,268
2.4086382390976913,0.08324859018263253,289
2.2423030153565935,0.02358367089383045,286
2.293771029344892,0.17212197866083298,291
1.3549260323628445,0.06092764759600588,272
1.445723604686097,0.19411841278597106,293
1.5032543025733696,0.11796231380333187,290
1.0784353123244363,0.17866997616090477,295
1.2726155948403939,0.09488595954019413,276
0.9589972425150466,0.14371632155065686,297
2.291654470274655,0.1392074442802929,294
2.304066524310185,0.11115961799919064,299
2.158638559255076,0.10527265410941276,301
1.6093298093417983,0.1379431993020086,280
1.2386476605913248,0.14485081563164523,298
2.1952766632111356,0.10977602568605516,303
1.8173817018763117,0.12094145626724039,305
0.6322160302885367,0.06201614907777872,302
1.8366583203150375,0.09977401255514237,307
1.7795374431307196,0.07387634227487484,284
1.6674243637229011,0.15662672589393634,309
1.7303815096089714,0.071573149139892,306
1.1856809115312563,0.2497994084989777,311
2.4989062731893235,0.08453382302216553,288
0.8981893979187534,0.09006137783062422,313
1.4090226703411644,0.11006160723018309,310
1.5988731415731507,0.09045693579629123,315
2.2249085313261108,0.08953474203678462,292
1.6606323846702646,0.07948204363580802,317
1.5731553612647449,0.11454914469804059,314
2.1253642180048775,0.24900872343552682,319
1.7342547387991192,0.06812491067781,296
1.383850419019356,0.2258840561273905,321
1.497550479996786,0.09917775927199274,318
1.1054549993695744,0.10265339358668546,323
2.478925776037225,0.05899258297931779,325
1.7403349589602166,0.24726180861342853,300
1.4979312875459287,0.22574604002213028,322
2.333232171427227,0.05254725237192484,327
1.6757077298514607,0.21760934505467905,329
2.136602922711952,0.06884492353994247,326
1.0028504432025427,0.12155953806098285,331
2.349383116915997,0.09393982335310701,304
2.341550050019717,0.19186329590383994,333
1.8248418271706544,0.20416441131395047,330
1.7952282328918103,0.12580503998383052,335
1.2362162388465308,0.14695896321914423,308
2.389446163365902,0.22394023989468806,337
2.4779849963202256,0.07402491150125978,339
2.267651355489397,0.21734909722407167,334
1.269470693400753,0.14604109104431437,341
0.9961683734620961,0.09586386296315652,312
1.6993034926079513,0.11089182259771023,343
1.7001616603521479,0.10631315082451542,338
1.8925787825380465,0.09402937896523292,345
1.124666588388745,0.1288004531548713,316
1.3012504472011792,0.061648834652090236,347
1.5842549497051213,0.09045074584684475,342
1.2646967124825954,0.10700882471111589,349
1.8386283138937753,0.20180861820045304,320
1.422609685330563,0.06769075027467013,351
1.8696269032569224,0.06998265815760608,346
1.4832372395427602,0.17742879575852877,353
2.021075163393953,0.1509232207351809,324
0.5014260340774741,0.04051741055758901,355
0.6106716051054222,0.26356404377811965,350
1.7429615960106928,0.08457248483974167,357
1.7080684576244867,0.11402504596501911,328
1.1609782268815805,0.16896973844867086,359
1.2253458564406938,0.10189619220524176,354
1.7952468818572234,0.14137202019428743,361
2.437496868773665,0.15389667931531953,332
0.8728140968421463,0.21448854235617523,363
1.1668475801104032,0.03434812674536469,358
1.0927343740568836,0.21214304780237103,365
1.886113965662243,0.1698322020143246,336
0.7177139748293038,0.09012044461622182,367
0.56878497787311,0.11748014419521823,362
1.5732046828209911,0.07918656817001099,369
0.5837570805496126,0.08231017163930193,371
1.817930323163143,0.19158879947105786,366
0.9204461073514318,0.05362143715076491,373
2.420758128163351,0.16432451082421284,340
1.834395600262253,0.236540008119678,375
2.2550839758004857,0.11656786297335567,370
0.9376661452735764,0.12883669334655642,377
0.9855622503952315,0.033699486670174576,379
0.6760418887273492,0.15719827393345243,374
1.1857257370092902,0.10113623927248434,344
2.233231494134314,0.06894135906439869,381
1.096603038697899,0.1685795938051315,383
1.9554613170356554,0.11125831648872359,378
2.364322478197243,0.09848719914527025,348
1.2433706466498127,0.11130056393309827,385
1.973260930184937,0.026207408201141598,382
0.7063812611656026,0.07209392500383924,387
2.0381718598016594,0.1282854623430754,352
1.988626290431506,0.3291264504660114,389
2.0599340070825907,0.07649061651742944,386
2.2957722352844607,0.15522032757476484,391
0.9634730809165377,0.2073048197274263,356
0.7428689213124542,0.18177100993942485,393
1.1768654629890334,0.03493284878450935,390
0.847995754140364,0.06864878230222587,395
0.5567203033426023,0.13029680454584763,360
1.957363767694229,0.12729736028385003,397
1.7914455189329679,0.15578066098683443,394
2.4151865943627455,0.13062860495609377,399
2.4133615957992216,0.10026495544933388,364
1.9615559756134422,0.028566070621701287,401
1.7642864832830363,0.12298221130781986,398
1.1938883177425055,0.015790466839149444,403
1.70077063795372,0.10267237440320072,368
2.174152655004948,0.17682193005170718,405
1.426042572921667,0.11100053462061765,402
2.3804788574437725,0.1639491719892068,407
1.6695330982096177,0.1526382112423058,372
0.8803936467469482,0.10879977544287611,409
1.4372818988544254,0.15026794034885316,406
2.2865205901594177,0.09117892464331925,411
2.3159916939501035,0.03695723913754389,376
0.7254783134562726,0.11569710770935718,413
1.3705712166263628,0.22688912922527962,410
1.8798539731073403,0.05855223582742811,415
1.7798250222815677,0.08473887522614328,380
1.7421306365619098,0.1256988848599887,417
2.36371265599149,0.10333397607993676,414
0.8985041697869331,0.04647582545188392,419
1.261115837062453,0.08625809794873078,384
2.4189951372736584,0.0554886112866286,421
0.6960962381568183,0.13875568657624163,418
1.2665241996679204,0.055782440729095085,423
1.764993273495661,0.12153885812667296,425
1.5204927730701978,0.165619412246251,388
0.7653058370816301,0.1731326889013995,422
1.235331696965458,0.33667915050575625,427
1.2131065414860307,0.05344951777023204,429
0.6627755169929761,0.21836017007776787,392
0.97921715658703,0.11135760788798697,426
1.8817525488461728,0.1209315710223,433
1.5212668260154913,0.1566318056996191,431
2.1536585912796204,0.14237830423450135,396
0.5040897936003721,0.04359673447151484,430
2.1301607705019476,0.18726851554304647,437
1.1026368793311345,0.15886354219537632,435
1.275211957057591,0.11545887704171423,400
0.7550214665940767,0.16462716628649354,434
0.5348460421956682,0.11323149167973301,441
1.5284529864536767,0.27386347600023275,439
2.076096204026435,0.14858316621886627,438
2.3844222581854124,0.24160468884557315,445
2.2115984677546394,0.22139235763894535,404
1.968255871380137,0.1439323386116512,443
0.5271305651102618,0.02547295303679777,442
1.0990130108934,0.05302358289641839,449
0.7878806684545887,0.0354464614786234,447
1.1114379934934666,0.025847184327970608,446
2.3822275026173276,0.12622999145114286,408
2.1925048365581956,0.20798542733525327,453
1.455048687594116,0.1349156443718075,451
1.949615096215258,0.16067434421637183,450
0.6232281364146839,0.07161729999308046,412
1.0966509201281167,0.08201690589520322,457
1.3155536993040677,0.1349188498997568,454
1.7767216099978245,0.15351125995436013,455
1.7919151204564805,0.1981327436858019,416
1.5162004661680388,0.13672518775427098,461
2.056904654073005,0.06782408812007493,458
1.146409597725741,0.19707018417304217,420
2.239448984049604,0.09638213912049959,459
0.8412708655900913,0.23976847923520683,465
0.8760215749784965,0.04840597672862526,462
2.205121484188228,0.06977029031361051,424
1.057051041159656,0.18521470399060083,463
2.0445752572030176,0.049917545634554014,469
1.3381712981258322,0.11000548666412686,466
1.7038799499716004,0.07846328212392531,428
0.7136269779769291,0.08742030875090966,467
0.9737929538721766,0.08957394231115136,473
2.0795057295948385,0.05327353514219563,470
1.0136995110067168,0.053087349534067546,432
0.6109748995917414,0.13411409856482628,471
1.2358788761675716,0.12396932767105127,477
1.2067901973841595,0.2017301622686023,474
0.916109366723872,0.05065739952301254,436
1.6057270678935958,0.08369642444730045,475
1.0935349797805782,0.18334615715058422,481
1.6381115720581532,0.06960682660276395,440
1.9462427422148338,0.23231043028272094,478
1.3752070703356274,0.2420873620440053,479
1.000429496432618,0.18416104621659407,485
0.8027216076222081,0.0923031497471889,444
1.2649333324735612,0.24880004615162765,482
1.8131191902273185,0.12531448610455356,489
2.3403437422119984,0.1260047182690686,483
1.755583318831218,0.0314308561779344,486
1.1739422530263113,0.26952820601491295,448
1.337208674630807,0.2242459140613109,493
1.5794823640927635,0.07331501361922836,487
1.684963860401681,0.18212754148498092,490
0.5288419064606766,0.1032501731175205,452
0.9072784488715557,0.18614615629523423,497
1.5499984644990044,0.02079318766464603,494
2.438719082709439,0.10959213898970639,491
2.461282600085038,0.2044311223775655,456
0.686758669466506,0.12369143759570514,501
2.306533467939632,0.15494428118599135,498
1.5742817729549563,0.20015347371101155,495
1.7365034303122409,0.12671672185278884,460
1.980310581101095,0.15802820545729934,505
1.855483758941065,0.12139328130975147,502
0.6075163236478871,0.10467002360903932,499
1.997410953988163,0.13081231385180636,509
2.272955491543833,0.026126364916277945,506
1.8504916783386183,0.23894344364603623,464
1.0592101460471133,0.12385125674515927,503
0.9885254585387246,0.03694469280778654,513
2.4085283730535396,0.010857769831303576,510
0.5283054617599583,0.08796367532881375,507
1.7051370139724302,0.24580263904580857,468
2.0455846245406315,0.1492987976157427,517
1.3841216653613355,0.06512274879707321,514
0.5573410934933836,0.07041848855033488,511
0.6440616929450023,0.08846059658755001,472
0.8414603851252682,0.21643507136023296,521
1.2364841535085966,0.25433221385748633,518
1.089336026860588,0.10363327801613101,515
0.5932672671040877,0.18998370280221658,476
1.1005664119795049,0.16724968426740694,525
0.9529093857926452,0.19140169958350403,522
0.930364361201151,0.08068856756907,519
1.4106062081579303,0.0413296849098724,529
1.732629328633046,0.1632992381692313,526
0.8241031698862544,0.1277780148205475,480
1.658353045998257,0.08614064035735741,523
1.2606898829745625,0.18146999343392148,533
2.430664820248431,0.22366260682363845,530
1.590549564723763,0.0674413125014132,527
1.2033826640076526,0.017635319749070295,484
0.7885184127299572,0.05017557843558589,537
1.793548783979302,0.14025242298399954,534
0.8935588697967076,0.3124919870794649,531
1.41633249097177,0.06517802596657614,488
0.6647663819909813,0.24805283354514152,541
0.7935622949513603,0.066132897906514,538
1.029587619001073,0.16926695021192575,535
1.0065647899391421,0.04484895040345029,492
2.48048830696459,0.1376487502732734,545
1.430082449878922,0.1743020423662047,542
1.656256520068921,0.18656391777401304,539
1.206936839020351,0.0968234414294124,496
1.584367929174829,0.15786378604227355,549
2.0206223317134615,0.12294177272755868,546
0.8257290301817017,0.11924439030466666,543
1.1118970920839317,0.1164920748602089,500
2.03336226801974,0.236465520467662,553
0.9550995758433591,0.031120589758107216,550
0.8276052994822494,0.1570152518144048,547
1.5632306167405103,0.08840300218870749,557
2.379367161208921,0.330844645869193,504
1.4915045936795612,0.13352199312232804,554
0.7588240761330229,0.04088847149348743,551
1.0378164327761459,0.14804059840925313,508
1.0451772546855125,0.03903071864480707,561
0.7488027320333674,0.04411247771112938,558
2.1292673131110558,0.0436353272774079,555
0.8048758902120774,0.20427350878056846,512
2.187702260527028,0.13044263097433492,565
0.8412095098523198,0.12526474438825902,562
1.7999488263129304,0.08394053531501738,559
0.541903506396171,0.08659878795133583,516
1.6846931211409382,0.10427488282350317,569
0.9325951631678828,0.0851071798574462,566
2.1832975726114707,0.10975137061755252,563
0.825416249871795,0.07775882718397613,520
2.3864869019320203,0.13178134394415822,573
1.8712417460494313,0.2146837730330538,570
1.750545950712348,0.10183666744272907,567
1.4837096436715527,0.20768467425428563,524
1.4601300082295985,0.03323120370488515,577
0.9915759833957969,0.039690608310904325,574
1.5515930522300607,0.049455876676774466,571
0.7837127122575587,0.08147044825310473,528
1.4147365304064066,0.13190734093180118,581
1.9907351650287182,0.08992931318516649,578
1.8925200755892488,0.06789570706306268,575
0.6424750221393651,0.06662650746995162,532
1.7821402006703637,0.039193123271366634,585
1.8265286761595239,0.19870356109720214,582
1.4785245029695926,0.16246582687038527,579
1.0548923786620796,0.22883950343395681,536
1.8202459269900162,0.037387278274399256,589
1.9318032234297018,0.33433808020224937,586
1.1436538071405935,0.1238603320250475,583
2.329222475008437,0.15403061214398153,593
1.1286845932543648,0.11443684370477819,540
0.7412206485977242,0.1475609308902221,590
0.6380903028152107,0.20397359366962223,587
1.7377596359969283,0.15879225008716208,597
1.0355616360604365,0.12916997351716394,544
2.0754028485597633,0.09291406308132447,594
2.1199443658015724,0.13114081057034047,591
1.6459998879600404,0.18322750536582055,601
1.795611481177779,0.1656310823366091,598
1.0729503333510022,0.10374939884171686,595
2.416845318071365,0.058273771126042845,548
1.1921103740671792,0.04890439219820853,605
0.847138889804335,0.04154106107403547,602
2.357925619118693,0.15958414167043103,599
1.9084711949543167,0.046129095234662236,552
1.2229885666211102,0.05419266744456445,609
1.3363564212410128,0.07369364699991665,606
0.5924645570920022,0.1719168061025086,603
1.1662895475114954,0.17608126594527607,556
1.1611626210791182,0.03719425020236006,613
0.7146247362008289,0.1838313185005098,610
0.9414119079329601,0.16326515029798172,607
1.6750082763859757,0.09523174246258981,560
1.802769628625265,0.16299447788452945,617
2.3733735207795448,0.08507640652767114,614
1.9769818849582081,0.17484957039679438,611
2.0629420523298956,0.08295319270156352,564
0.5505781715119045,0.1889209691194081,621
1.227661665340539,0.08945220086635979,618
1.6232444288129975,0.11551669276935317,615
1.4186586445016476,0.08263050434051657,568
1.8876623009745774,0.14420577760789452,625
1.0622676567922278,0.08996770867513738,622
1.7550022495928792,0.03844445287264062,619
0.561141251600116,0.03653090791313007,572
1.6646269689785247,0.09400178905505435,629
1.5847056522310927,0.1380763745513511,626
0.8950411721241958,0.15903289664090026,623
1.956215319567378,0.24740246129608448,576
2.0211407480270256,0.1748042959230401,633
2.048126394332094,0.048240401233653335,630
1.5529435867530987,0.21587386114971788,627
2.3260400333800435,0.201720950440146,580
1.692208170369845,0.09748347802430288,637
0.8821329209372486,0.1152961089708383,634
2.2193621003924155,0.23449115607406767,631
1.3093120026581182,0.04174445550336395,584
2.0455492835367792,0.17543028221383267,641
0.9166837430305799,0.062172278150588525,638
1.5052419476828136,0.029961587502425963,635
2.4022893283030875,0.021917298829865487,588
0.9036978292037747,0.1348075459905152,645
0.9408008642476768,0.20606000545502426,642
1.9274026859259714,0.119674333089638,639
1.5118076911871752,0.10341407663405132,592
2.3249837633474586,0.12112946182379412,649
0.6315128770183069,0.2036141967194899,646
1.1683950936283822,0.23197496918750005,643
1.144459696703015,0.0913061367519485,596
1.0462170745853547,0.06532924250054599,653
2.33636964639859,0.2118926355892412,650
1.2722428733589326,0.05085464346645055,647
1.3628661233421433,0.14997515226220157,600
0.6071463757091826,0.06428730055706698,657
0.9166806058976111,0.152796444756914,654
0.724724229575539,0.16512953445706358,651
1.2002124953952362,0.21113524992581023,604
2.3556257571375063,0.1356565349910672,661
0.6562753941043971,0.1535825620235329,658
1.9408602427049002,0.2231462831864784,655
0.9781198992936924,0.043196810292316506,608
1.6822534474567938,0.19934180087723408,665
1.1824566302272923,0.054698514761534124,662
1.3834199062875798,0.037151096108500446,669
1.5998322235945504,0.19522328300553046,659
1.8693216009387015,0.09948487480386246,666
1.1513768413241185,0.053239005527468165,612
2.1675643969442904,0.20514034115925914,673
2.2949409556283507,0.16452361439476987,663
0.7982632724656231,0.16877414335891902,670
1.7894075381330343,0.14353707691973375,677
2.492491128870059,0.10198495772221201,616
1.4222575485275266,0.22592826061390914,667
1.7533604550171351,0.17215255664848939,674
0.9960595303312112,0.09247282308941139,681
1.77874387404573,0.10556536009816089,671
1.7261555351714666,0.07001919002056521,678
2.474495574189133,0.08604501120735333,620
1.2344746723364024,0.1336559441400204,685
2.1711081719702214,0.2390383966514978,682
0.9336356430141386,0.07301279707838941,675
1.697285364500612,0.11134546188299779,624
2.3113363933326676,0.14483400227454044,689
1.5365255928951587,0.11811021510046321,686
1.5874282921815404,0.06735402753066125,679
1.1842610672656704,0.0801375149561575,693
0.7663220779562216,0.039502077214529106,690
2.155683075117667,0.12387239110942082,628
1.203028348325646,0.10387751523866239,683
1.5247194962529484,0.10331497253431639,697
2.1488494228616846,0.11719972321265232,694
0.536484532036819,0.19727792295638003,632
1.668861583677449,0.1678796754221099,687
0.5572529779322248,0.0854926131278042,701
0.8912424600508022,0.07362563135165408,698
2.2672486254525506,0.2406301008720207,636
1.3432681167528693,0.14977745096246053,691
1.8893110242909734,0.12207974088940746,702
1.6234882522913872,0.13352568789052408,705
0.8638656345654505,0.03512342959558198,640
1.8310010720809886,0.059785120735125874,695
1.724167728076396,0.15926998444528984,706
1.9222652161827138,0.2394972883291213,709
1.1333351505400018,0.11378135781548027,699
0.7242718453433643,0.08554297411287651,644
1.2864555995761326,0.06742286650379276,710
2.3428432603965117,0.12948950541301843,713
0.6836498140465854,0.037698222211665244,703
1.535315870409506,0.2021315297932664,648
0.6343940552439529,0.08402665430814604,714
0.8448154827917378,0.05519780979458059,717
0.6481055804906803,0.08246725470003538,707
1.0659130149821763,0.08213807781413694,652
2.4007304225160886,0.1606746018010592,718
2.1929995703650196,0.06997423086187898,721
1.8312731583120363,0.10834221114487591,711
1.912106252366444,0.13978374463949025,656
1.1733997087385972,0.15696885996662546,722
0.6909142324095903,0.17516424856964957,725
1.0286571191641007,0.12382817286514512,715
0.863787468582506,0.09599790743451972,726
2.144892251292146,0.10208069921988372,729
1.4796905667359712,0.08070649110442367,660
0.7680533535825402,0.07048562396326792,719
1.7608969633232463,0.07095006023575298,730
2.328282682163601,0.05309747333192957,733
0.5942552101207355,0.18875197961815496,664
1.3604102447440092,0.09198624961237323,723
1.3739873070358264,0.22936333086767988,734
1.5287456565851674,0.12710276592793954,737
0.9294810961761573,0.02389197852798913,727
2.483754584672051,0.11138682503084418,668
2.079100566952439,0.025236578782661806,738
2.354341374893602,0.2537471611732088,741
1.2130759204472998,0.092268407109705,731
2.4488939227352287,0.15575264160894725,672
1.1470213678345418,0.07405361978765207,742
0.5002593639006223,0.038918039317127576,735
1.9562940028230729,0.09797894859260241,745
1.6654455363683527,0.10373263754827898,746
2.434465468541303,0.08151239777766603,676
0.7708262117036087,0.11039258188098006,739
2.2061614911399237,0.11595763907185329,749
1.5178629167925444,0.11953885557410611,750
2.0687171615325317,0.21730922662228325,680
1.8742908923929984,0.03740303678134473,743
1.7309455104467695,0.10850004700463406,753
1.0280191189913341,0.2208792679242457,754
1.282768516856806,0.04547576093898531,684
1.255422410924086,0.07793692456894541,747
1.5304317990094656,0.1988219419660706,757
0.8033675681398624,0.2628269125718602,758
2.0722525069286384,0.2721310220562583,688
2.4896121386040724,0.15043791991474553,751
1.1258397173916388,0.14273592886969697,761
1.6266426337323567,0.1716122498250866,762
2.3639452406756636,0.08170725211175724,692
1.3335370191591187,0.28464487285958745,755
2.2417414918690217,0.17067316534265914,765
1.1219756277275246,0.15420116685670912,696
2.10092482297377,0.09793928101114648,766
1.818307795129532,0.037728723491969346,759
1.9010646024154516,0.10692893791813676,769
2.022227556312491,0.18190576447012483,700
2.067468174280066,0.08937092106128786,770
2.202060540773248,0.09513125639736025,763
0.8427018398135295,0.08987662238528411,773
2.160147614046232,0.12047513886244432,774
2.3897231718068763,0.24098408849166686,704
0.9461888120863622,0.14378056517263016,767
1.2137203280199158,0.13403917865543202,777
2.3902740447771573,0.1313812612081064,778
0.7797564833266553,0.17984857106236782,771
2.1592118219513425,0.11268265785120209,708
0.7967165436157069,0.1836886676632543,781
2.218063686634181,0.13078666751624676,782
1.1706461341108283,0.06559277311784086,775
2.1248998748188264,0.1737497425317563,785
1.041603110820958,0.12105593533250664,786
1.3925007769290993,0.10764176863347785,712
1.2512673040137747,0.03072982465296663,779
1.0735377866671962,0.07275241830042171,789
0.7093194479051519,0.03129142061534709,790
1.501167695569771,0.07214535018742198,716
0.8177972318332658,0.16821501419047483,783
1.27736756387287,0.1272633603304932,793
2.1988831353535763,0.0907063917482601,794
2.0729992364912904,0.14267458685512233,720
0.6449150964034436,0.23656897576207456,787
0.5255287634034407,0.07089204621982502,797
1.1808606740999055,0.2747120043716424,798
0.5626545844753637,0.18972801577104906,724
2.413344221803426,0.019167831248479164,791
0.8661767504321118,0.09948058679535729,728
1.184496661002409,0.09338927609576779,795
2.3861329435563414,0.026244710910804932,732
1.5515493611792932,0.22762701222916137,736
1.0022999615667523,0.03986612614399498,740
0.8857293405903828,0.07367551300847368,799
0.6753007654281833,0.1822743662310503,744
0.6848329210248043,0.2348611325084276,748
1.8455562678405493,0.29358688045375575,752
0.7066704213295685,0.12035134876631702,756
1.5076919766132695,0.11994378584644737,760
1.4801312734954863,0.2639262658856038,764
0.6234843463560682,0.10803121666069813,768
2.1282842397402555,0.1622479039381416,772
1.3735283620559962,0.1323399379668529,776
0.5361114493273147,0.13476177923626306,780
2.0831498904468777,0.11069029712744011,784
0.6809833069299223,0.026839640519497623,788
1.99429142827968,0.13315676171163046,792
0.9952553150337642,0.11675672880226534,796
