1.9577735433056753,0.0938101221674896,2
1.7766774392836993,0.14709795339961182,1
1.1769543442700932,0.10122583507554701,0
0.9025032402010287,0.03282710619193754,3
2.3330206548157206,0.11408806893424579,6
1.3977882192621687,0.0538282316697257,4
1.2786616641687178,0.14806680407179745,5
0.8232105070163738,0.14895255486086903,7
1.3261071869244214,0.16601728991535739,10
0.7271328337044769,0.24291062189894208,8
0.5963554261559398,0.12466108855428178,9
0.5882764106698,0.14691598095520406,11
1.3727573668322255,0.140405217404716,14
1.7069166009425782,0.17651644149735424,12
0.8808447937115449,0.18696051344703737,13
1.4564697471553538,0.21983282504557847,15
1.7180522177624376,0.11492725860190284,18
1.9910554366838835,0.08107921145136236,16
2.061770550910176,0.08454381942784805,17
2.25871701622249,0.20945039220925254,19
0.5596996643829664,0.045715871762915646,22
2.227033287767689,0.11153686808100016,21
2.020018817535075,0.18888465624651843,20
1.6537969535762251,0.10195501119861657,23
0.8696321377228482,0.09336963003841842,26
0.8875352828483554,0.16333010147398722,25
1.0791589353815432,0.07848658146466406,24
2.488275966253811,0.13737643241704137,27
2.3148235704051547,0.1433758004055906,30
0.6922012770006922,0.09820860547062803,29
2.2866119166754055,0.06175493383689598,28
2.3103423857823313,0.08013196514216205,31
1.3951829723053073,0.11064039245492795,34
1.0771048055647983,0.16045926276511263,33
2.4918475134983415,0.06218434037349718,32
1.1035700358627574,0.2538590932962818,35
1.7069445571244195,0.10550767155333321,38
1.9770249939721047,0.0710535598759655,37
0.7345308098721774,0.07529238268662233,36
2.344585418074547,0.14142333333233023,39
1.7964711202496808,0.07613453838932438,42
1.654474450305313,0.19725730713992223,41
0.989425518324375,0.04454925605649699,40
0.576952992308114,0.12661524634504392,43
0.7460853764778905,0.1119432607870893,46
2.1464952276279874,0.18946917480606232,45
2.1067167458565343,0.3062911441848064,44
2.3113211230980797,0.14361200702066254,47
1.3345626238887183,0.17038023139453382,50
1.2084345075637382,0.16936614157333782,49
1.2225723236864006,0.19511544577404222,48
0.7910589638396686,0.060651779828163256,51
1.4257818638690058,0.3099889775634198,54
1.7170150591987103,0.08199866956547408,53
0.6335889486196504,0.04882294025229931,52
1.7912341402843561,0.10584431616228551,55
0.6605156567322452,0.22203153480829785,58
1.3200784775329235,0.14537913420415335,57
0.9623712768377215,0.12932841052226504,56
1.9247014739210975,0.18894757893330266,59
1.1750766495525389,0.32264789285926615,62
1.0804999685791565,0.2166919895650088,61
1.7121121375558592,0.1548366013403323,60
0.6741040611609712,0.1219992045577691,63
1.0420476378823729,0.21656199859700442,66
1.309808474311788,0.22793051015969015,65
1.6786995813596794,0.10358858485907618,64
2.1274683283920677,0.07477322708461191,67
0.8500003718247227,0.27382153952670757,70
0.9741092900134085,0.12022076338011373,69
1.2147504489075827,0.14548855084303222,68
1.4526979766192059,0.11614520686183812,71
1.1960741143490417,0.028711385033895382,74
1.8571549404781102,0.17016443314918392,73
1.6760025433363033,0.01577379870956914,72
0.5034725864249434,0.2309542916553983,75
2.131968517191572,0.09176072639602371,78
1.6047308336290633,0.1850097572913359,77
1.7537029261789496,0.10016885054764293,76
1.7294077685336868,0.057188877141454666,79
1.3174735875211907,0.08413766253330522,82
2.1246892347550554,0.07384068583013252,81
1.668207258125419,0.16018150582169421,80
0.944969642535809,0.024317365210239632,83
0.9480260162174661,0.08091599140547111,86
1.4400045555164551,0.04554637229891476,85
1.967919169552784,0.27109137384209964,84
2.441893194784239,0.2313355665610271,87
2.1814649524606313,0.1517008416613956,90
1.1794341932450974,0.018841129471730708,89
2.39811255508368,0.03878905478615101,88
1.1950128147032393,0.15381856196173524,91
2.046769338131446,0.057440614206727816,94
1.6711264892358684,0.09824330455398851,93
1.7869258478590957,0.16649608817505548,92
1.5897507386560483,0.13357020462510777,95
0.8212204304483084,0.10480022933424565,98
1.7944943708780237,0.06759580566650053,97
2.271404800810748,0.0577050462713182,96
2.0280196023626713,0.11995421799360442,99
1.1285509578943949,0.20869688147241547,102
0.5884544778550387,0.22392848871268392,101
0.8715794668917964,0.10005096418127912,100
1.3473898982780916,0.2730011389484525,103
1.7825600705693196,0.12704894326279859,106
2.490174445709056,0.18464154028062302,105
1.096170431615259,0.2707048194789396,104
1.4919366445690423,0.222968274453926,107
1.0458314377981845,0.1518449095899997,110
2.341190369544791,0.22558269578782972,109
0.8597907127221251,0.06997886290496666,108
1.2817980546903223,0.14106676994393355,111
2.1636195658279154,0.04703343443298882,114
2.0142032052023926,0.19711822244714933,113
2.0822957128639046,0.07152393738304744,112
0.5713050736187784,0.12762013263994154,115
1.2224916998085638,0.019158752445581108,118
2.1011314649501647,0.1944325312492133,117
1.155732005609181,0.14625203663634861,116
0.501998434493347,0.15666296925626033,119
1.7222453259684931,0.20037874769564265,122
1.0390199124209039,0.07602449207704459,121
0.6810974230871738,0.03453604828397746,120
2.215424993175308,0.22845061958363946,123
1.8745329204382057,0.04521426955942808,126
1.8550869651928543,0.03975816582610683,125
1.0870225290057731,0.058675851695053696,124
0.780347113037154,0.08496668237581376,127
0.6585037508984282,0.10024564492601958,130
1.6439751330302115,0.1737810916987345,129
1.1339704524269314,0.16689132927382588,128
1.4943103756285985,0.07405705537329595,131
1.8927356294932873,0.25403138367743633,134
2.2465760304353894,0.1235596319763554,133
2.2705588883802363,0.1770308877737527,132
0.5380115730524102,0.09027290100246581,135
0.624966942464124,0.08289178793466308,138
1.3841511809697817,0.12384000511330001,137
1.2729784203265528,0.18122882401170842,136
2.121954713259781,0.1302793528443654,139
0.9965371146184712,0.17372632016566988,142
1.1247103576648303,0.11579546809394084,141
0.6865892798678912,0.1495934831694632,140
1.7827971981308999,0.06996332201678966,143
1.8808443401117587,0.03687310271358947,146
1.7579395501398938,0.14070840543175017,145
0.7323342734103966,0.0655469109180853,144
1.020446104691816,0.19567129934734268,147
1.7624883874779218,0.0993953064399378,150
1.8195455984112365,0.03388707733141108,149
0.7654478149465191,0.10205258061771488,148
0.96112765360713,0.07340204152096018,151
2.417700302978413,0.13068417533757834,154
1.477562788896364,0.18471741124388194,153
1.9555396886813323,0.10277609498044203,152
2.1220262486701085,0.29687141862817695,155
1.6183211018687884,0.1390364484939274,158
0.6424106583348725,0.16934136157542473,157
2.2076762717445475,0.05396298378206267,156
2.417967455238263,0.19252112408748945,159
2.197622094166064,0.3034182666775027,162
1.1529222888264299,0.1259788935229158,161
0.945879970505636,0.16504290152596707,160
2.3002025684064926,0.11167639592083023,163
0.9153317207405851,0.209125522338175,166
2.345058521055564,0.02114178016266991,165
2.002409797263185,0.12306752761341432,164
0.9712867531852669,0.15033491226440485,167
0.6946110498880311,0.29428703203592027,170
2.210209254089145,0.17087460552756573,169
1.391558417316735,0.1215980209818976,168
0.5164043970144716,0.1880051687566858,171
0.623829560391995,0.2048819049003727,174
1.5386401598414354,0.15575524212165517,173
0.5977767817592621,0.05652782236598161,172
1.1492580937199903,0.16804353862991017,175
0.6985173171732202,0.13494194546970514,178
1.0334220134134335,0.07416246088462226,177
0.7456554446824151,0.060864403316417515,176
1.069362481316451,0.09444920922028466,179
0.5246850767363025,0.04958215354559094,182
1.5373688890264097,0.14160550087655654,181
0.5209499696075912,0.2592840328622889,180
1.5143367309053173,0.11215018991104693,183
1.8502923372526556,0.2669120886640743,186
1.1709988010314072,0.13583663484149613,185
1.5786373213165075,0.14984930479054892,184
1.6926353594101633,0.05518363459897873,187
1.518336373179866,0.02923006807040898,190
0.5505804352748558,0.07750878885208656,189
2.0412752448208917,0.13038808280282319,188
1.8271514095739392,0.16433199045974897,191
1.591667064225944,0.11633579725852672,194
0.9152380723594358,0.043103344673722954,193
1.7107902354246325,0.13586110017766306,192
1.082127714532127,0.0953763147016604,195
2.3143856525520166,0.11482883319170019,198
1.519695911972304,0.2090386257593756,197
1.6459059484710516,0.10198104760625266,196
1.7138934900562737,0.10641294410295138,199
1.8566507571892323,0.05834028306829514,202
1.857468165464628,0.24634505699469897,201
0.8157751773527104,0.2658098342887538,200
2.2878852487847,0.20112406947802214,203
1.9816651551196038,0.10430499797999344,206
2.376554434473502,0.12783060131186197,205
0.9406033147917667,0.023160783076746617,204
0.9150677207574269,0.03884086221289126,207
0.8034298638645405,0.01206466797658902,210
1.0173301268924728,0.1972691450516526,209
1.9943855579697056,0.046298653658285706,208
1.7083026809905508,0.24621438390095174,211
0.6452085520822348,0.08636250187023473,214
1.7254424601769722,0.22248971091988984,213
0.8319076741629123,0.051012601771126626,212
2.0412363583966373,0.13803650499276407,215
1.130188185062723,0.12065533090799224,218
0.960869642334627,0.1546851792149829,217
1.0880515065894034,0.2214645877602208,216
0.6867251941592454,0.12279747333339751,219
2.197722502239558,0.08888390968231073,222
1.5195061450675078,0.040003419189008065,221
0.6820304309017888,0.050775671028684556,220
2.0841169560921147,0.06064506472657071,223
1.5436512915777258,0.049563948035574026,226
1.0065147988197736,0.11923706900920948,225
1.2141015775245412,0.17558657771362832,224
2.2075431817950677,0.08523423562587257,227
0.9075185321117911,0.18162099062765436,230
0.9055998249729489,0.04023193943299257,229
1.7097077450512637,0.0934971871916644,228
0.505726436127979,0.10775943104381512,231
2.0684509711737524,0.1471409760694878,234
0.6107081540447319,0.015792285236111467,233
2.302065919468349,0.10010435068456061,232
2.3297194422494503,0.20660559905181872,235
1.0712518345795774,0.13183916516304808,238
0.6904518454468971,0.11985583901461577,237
0.6709727938007868,0.0516566411834868,236
1.8485792753627297,0.18603005733551306,239
2.3115506596444897,0.10459791282143152,242
0.6442136916572789,0.1182045988210375,241
2.381069426420008,0.08943718233975559,240
1.6956467333644452,0.09564981652044048,243
1.6477889705706361,0.14613837974166807,246
1.908052920567354,0.11930706354215988,245
0.8447362991443481,0.10618307532704763,244
1.765121416636412,0.06408681542787302,247
2.197454760428844,0.11398886898641035,250
0.8860893323023042,0.11547430853017865,249
1.1773367417807858,0.16331328829040603,248
1.2270021060227607,0.18095009806612244,251
2.2194062999991306,0.08728039630077966,254
2.413231817276687,0.09846794194164073,253
1.9100898264116235,0.04109260089710738,252
1.2358844281516383,0.0962990832739613,255
1.2104506928717425,0.05767880576689573,258
2.4513408515229766,0.052909939105834275,257
1.5019817673330227,0.08040052182849845,256
0.6961013690097113,0.05435216990695893,259
0.806580586093125,0.03128772958215839,262
1.5155592191293263,0.11824986389636108,261
1.9078812588462157,0.24905722477817183,260
1.3104293378251362,0.24587041521034117,263
1.6471719138431258,0.0505539903726902,266
1.7207448707747346,0.31180640812285104,265
0.694649335920688,0.06140724002674325,264
2.139944335721511,0.027721958138020187,267
1.8567405805728172,0.11212392692153013,270
0.5268117888034529,0.07964220550831419,269
1.2683327201234826,0.09627276938229218,268
2.3897282772737003,0.13409478620887058,271
0.9817613639257823,0.13566626128470874,274
2.4254260997759927,0.1469424569215823,273
0.9303875743674184,0.1346626707759619,272
0.8211201811874882,0.23391816985929423,275
1.0674434138204183,0.028051493882998116,278
2.3714866593077764,0.07105270422590644,277
0.7153134605300648,0.05756416312839742,276
2.4761791375723643,0.036966186133022896,279
1.7950566006573747,0.2190815876680528,282
0.8690403788478258,0.0781149341781998,281
0.9159425849026435,0.13120186004909218,280
1.9635471557963136,0.04384023327276998,283
1.110216463020338,0.02261628689709883,286
0.6651053791734369,0.07992459929930229,285
1.336865337264675,0.07663381178494433,284
2.2896304096873843,0.2363283747108787,287
0.7484400051414029,0.05226086362189153,290
2.028998330835248,0.02652430836609143,289
1.0809223406806097,0.08693108319314115,288
0.8506515514955186,0.12351344310191342,291
1.0808424330125055,0.06660284242614636,294
1.112421659629225,0.11001992324206906,293
1.305394330528444,0.21894960571919497,292
2.066527763139163,0.13657251237919288,295
1.4591008251478979,0.11482512054644747,298
2.10203439619295,0.19638047831011693,297
1.7565029166694734,0.23384813101088003,296
1.577405312478378,0.04830297740835757,299
1.4761817630127558,0.030860131210840053,302
1.4952987327625034,0.07429345313274444,301
2.434461946247957,0.06838020397733212,300
0.6129154690286556,0.21055763414024573,303
2.0795900863695937,0.12153420525227024,306
1.2862114517753367,0.18410005504534233,305
0.9085130743147234,0.14748385496725194,304
1.3309896242235382,0.13119880690464678,307
2.4505609993702224,0.06612635062095415,310
2.196947944553196,0.1485049586411248,309
2.4628189949549677,0.14728720139179552,308
2.379721092153553,0.1934734732326413,311
2.193142685572657,0.08278071473865821,314
0.5970941509303416,0.12900539095697347,313
0.6363621199784459,0.17093049579279782,312
1.8392424521728066,0.08010339565191542,315
2.2068134314293193,0.1300734094508472,318
1.1168359400788477,0.1988822739959646,317
0.6741987518530208,0.11111103613823624,316
0.9702374180352857,0.2871858087712408,319
0.71566695367915,0.16441658166978546,322
1.5491614310452955,0.1644206243408529,321
0.9991018280648045,0.09331622028669284,320
2.4007721475023476,0.07221451699142568,323
1.380377435300778,0.14242079315108605,326
1.8830234970000979,0.05127311481569505,325
0.8197314430092049,0.029935491420812255,324
1.5619182978150172,0.024265390814897442,327
0.6598322737869213,0.19539290089567316,330
1.9427126380553914,0.11846646206176635,329
2.0249100790040955,0.05001012202698768,328
1.1254716100116307,0.08350004817107426,331
2.295253594548658,0.08370558398563269,334
1.9507232154041887,0.07203637013396821,333
0.9054873375856529,0.06307202007319108,332
1.7243670727438427,0.15722873650514643,335
1.340938484695362,0.09482127028307985,338
1.7730984957173967,0.15445940779902667,337
1.29855439154446,0.059782696947001106,336
0.693908458314225,0.05855200319252904,339
2.08392472503198,0.19814598080642953,342
2.3069821201783176,0.15181031263787015,341
1.851747796944962,0.15627662801108014,340
1.5051767786553383,0.16290510171450154,343
1.4995763498485652,0.07272576498090315,346
0.8174027166219402,0.11493011275388004,345
2.181792404374586,0.05843813034382851,344
0.8727727262218716,0.2358288076224242,347
1.8904448024394682,0.07845279688980607,350
2.3935098857324086,0.24824189633018792,349
1.8789143322580675,0.10527286315982652,348
1.8049719927774728,0.016338175530905708,351
1.986813075360783,0.11800528456320186,354
1.4883049921676337,0.2564890974000182,353
1.8797005024272622,0.18950608767644078,352
2.1239800261539763,0.2530717318957937,355
1.5442708254090336,0.05170876095852266,358
2.0399438821245033,0.08021578332681266,357
2.494235816915511,0.08727300026870394,356
0.6915271642502696,0.04801078666110242,359
1.1761270257658363,0.21872082527005335,362
1.393542054625662,0.13591271088747633,361
0.9276371438500528,0.0933614450463518,360
2.128017446181378,0.03345034257440932,363
1.702507849623752,0.17988173791871043,366
2.341709967877505,0.04679442098384937,365
1.9266456433403465,0.18048334635123514,364
1.1694454855606813,0.126070375740102,367
1.901578113902528,0.23020142167004126,370
1.5105538479696485,0.08895598814218297,369
0.8287153628413491,0.14569247444181962,368
1.0421771588285522,0.07924019211275533,371
0.7492741719798399,0.026357317375416908,374
0.7695435758461675,0.12553976085926635,373
1.5563851130254072,0.2187688591479521,372
1.2494052805957228,0.14696963675845662,375
2.4215219343074628,0.12265204063855624,378
1.0463990448995872,0.15425316011467985,377
2.087694494635512,0.270366217047385,376
1.0436760751672542,0.2359598903677488,379
0.9186357364565045,0.12079816927706451,382
1.1976603695219563,0.17865570382535975,381
2.1200803649709643,0.2502515537023544,380
1.7781829686617951,0.06913616774156271,383
2.4635431800320546,0.11231672112438205,386
1.4781587446454547,0.21874989388523847,385
0.8107985178343033,0.07536427521162775,384
1.1776690950107225,0.09480147615613053,387
1.730103773375554,0.15959498292178664,390
2.2236358587044824,0.11334616860173226,389
0.8768584605780121,0.11645043446661896,388
1.7754241570479568,0.04048371327398797,391
1.5563460888005032,0.11451635312935962,394
0.866597904158902,0.10758678901781527,393
0.6756371741592546,0.17546446597650256,392
0.7113106242636993,0.09996958384665171,395
1.367434515352663,0.2170299234199444,398
1.3455474300885701,0.22538786188231202,397
2.084038682229643,0.17964688750643698,396
2.0335073976713227,0.10540116088525237,399
1.208018544631963,0.1621870283178437,402
2.475354635458036,0.20000156970924465,401
1.654125077152327,0.0568566498526773,400
1.8142921975517512,0.08371371697206674,403
2.1906852365019933,0.05447423088345868,406
1.7935192145064591,0.023996490941351298,405
0.5413274672473782,0.09346010834449847,404
1.5170243276952489,0.10909163610203435,407
1.7777019236120757,0.07857228266677901,410
0.8388760744607795,0.08759425833095387,409
2.055946705793547,0.15939238453388183,408
2.169353423930258,0.22752795692581468,411
0.5672627510563921,0.08109147476735633,414
0.9157505758635678,0.04244147750980081,413
1.590301733024078,0.2197964092522717,412
0.7270187121904061,0.11325636781191213,415
1.3327552699595637,0.15886095499329497,418
0.6054903176238151,0.15748254343587556,417
0.9225043260739241,0.015005270100476224,416
2.333144197062717,0.022319360570001764,419
0.7921977278811616,0.21420215990474314,422
0.9133119755014847,0.13158031827786115,421
1.9762170839313253,0.15795835376655012,420
0.9576272001446737,0.14179843510860532,423
0.9009003548018115,0.10582495219571962,426
1.6045310562997883,0.13363821947070365,425
1.742266141470882,0.13078503038993902,424
1.8929748229356127,0.1565856993596934,427
0.595284134987565,0.07614781305794557,430
2.14636836642273,0.09001988344998241,429
2.0638208648686875,0.21443824943111853,428
1.3184887452300615,0.20325454478357444,431
1.2009578249531303,0.12274756661079544,434
1.6872152722686165,0.15827572999390668,433
1.8761926716392199,0.010123790594488882,432
0.5398736962641157,0.1562177741177232,435
1.036212090588305,0.07622080286493199,438
0.5386912515710298,0.058566264323200605,437
2.2688286142766296,0.12491922572368153,436
0.9101073917737728,0.04004799142940755,439
2.308463588884675,0.06712792951406912,442
0.80484857888433,0.12389306575356876,441
0.8041656278007283,0.08998543625899105,440
1.0411060266444625,0.26799282239513134,443
1.4861600763428848,0.1527541312678611,446
0.9177495190248468,0.053106809860922255,445
1.1409609706502517,0.13650912157674283,444
0.880321065896764,0.02613471506645806,447
1.4404958527246547,0.09759886592382327,450
1.4673522270081334,0.10801420144545182,449
2.056425241648674,0.16863727153617253,448
0.9711173769040695,0.04081737975671957,451
1.717498885400356,0.11132315146288103,454
1.5502230872694551,0.13234579508447322,453
0.5806418633967658,0.13686554955061722,452
0.6542450528876789,0.09500460875165286,455
0.6349815928423626,0.2219492049700511,458
1.8526001238192318,0.10954250047783803,457
0.9672728909185853,0.1045971941777983,456
1.4595318593816125,0.15031257384864713,459
1.1246268178752588,0.07568857846106594,462
2.1064523128259003,0.2026566680302823,461
0.6051827012966611,0.018427095308594234,460
1.2577679380309503,0.13769865710670398,463
0.5718319127918905,0.14195038177236222,466
0.5228792704532881,0.09501002663706809,465
1.2374096478233723,0.17059205471509892,464
0.8126309647895076,0.0419716461930395,467
1.1274831500072444,0.13669002463875427,470
1.6268273421680899,0.10228311306636656,469
1.5829132002370738,0.07668427686339302,468
1.5278338905088884,0.09130112402286457,471
2.146315527945739,0.06765508344748432,474
1.297608251090946,0.05685864194068602,473
1.682754285212085,0.08371766971500788,472
1.008799763442831,0.14720674152120156,475
1.169506809435876,0.11077301111436758,478
2.0899148467357427,0.1718029620874436,477
1.6807318067076118,0.05588318279158586,476
2.1872005405470474,0.11746961645408459,479
0.9200092766099195,0.1574110024754224,482
1.2323729820014369,0.0536055357424802,481
2.280390538645614,0.08081039475405538,480
1.357875968030209,0.06433266113286283,483
1.0271847090435802,0.168596755986975,486
1.3321177934587296,0.1980110477687579,485
1.6604166542371503,0.26684634987100364,484
1.0255586771763499,0.2387179984284775,487
1.7608401022615328,0.14072058940422996,490
1.0571860677048195,0.13793144516056546,489
0.8783887020790289,0.16520843586617712,488
2.209219387166507,0.09883932453724409,491
0.9267533310350711,0.06627955804596102,494
1.1971171532572449,0.13095253467095982,493
1.474808996656031,0.14450858164351438,492
1.4666758277905185,0.09757867908730702,495
1.8370712161064582,0.14666071296325342,498
1.9550978733742952,0.02779582605498508,497
1.8752454919801331,0.10948178410194226,496
2.3316252636235273,0.047514523729665935,499
1.1890685895755433,0.24275190118386125,502
1.1510218635391392,0.18632468573995756,501
2.40576358416365,0.15927888003372367,500
1.7627928177351575,0.24198944177763593,503
1.90398788473721,0.03662291008539489,506
1.3479934836141414,0.05552040118029238,505
1.7899211481083432,0.07266838425680926,504
1.4879737942831697,0.23142908043067575,507
0.8829219731898077,0.19409172561381643,510
1.6264482270208767,0.1090590605159793,509
0.9014345194096507,0.03873416778327296,508
1.5423988424248545,0.08569440560871901,511
1.9073164326615208,0.20206779872710323,514
1.5617029989145201,0.2331526709437266,513
2.3736911667595235,0.03487020862215492,512
2.3176919811219054,0.08774948187268196,515
0.5576414394686322,0.15666092670029225,518
1.5640427779588468,0.12826386422075212,517
0.5343917759797159,0.24286498828322955,516
2.2516946390110935,0.11384070824575981,519
0.8479875275328996,0.07350030979338822,522
0.8761862430598866,0.05160816408254357,521
1.2594597535424175,0.17693487988958892,520
2.36308330781298,0.19375150253292212,523
0.5982666828839676,0.22277391183145503,526
1.0664213991321598,0.2179531062631367,525
0.5685288791374237,0.16719905471630367,524
1.9090482003477385,0.11911765858895498,527
1.736406701526548,0.18483519526008235,530
0.5535685541150601,0.06512731966486819,529
1.5784069145093829,0.07164074211443772,528
0.780911530167071,0.12193614490505014,531
2.460154150734261,0.10067321607576574,534
1.1634259347149236,0.0539320478966608,533
1.2872085913776474,0.17706681416940628,532
2.2513955725433776,0.07107007863202264,535
1.4933872033291713,0.20075536930717885,538
1.0570448352813615,0.14460161950009517,537
1.475582127174182,0.1110306194610816,536
0.7016739325550276,0.10815222589026943,539
0.5573857047122504,0.04378304708187497,542
1.8579486638569565,0.04448467064618848,541
1.9162287542132814,0.14285377078866504,540
1.1857644736007593,0.10958084814184695,543
1.9637249610471117,0.18450256242612728,546
0.9508917433076873,0.14222338031638423,545
1.160373898852003,0.12700850805772282,544
2.240424947709797,0.09761227105047712,547
1.4401579761170114,0.0859905519993388,550
1.8213936056178124,0.14128657951220452,549
1.8700603694637932,0.17303333620869807,548
1.2632764239259964,0.02670075809192888,551
1.8219951139027044,0.08774528539634543,554
1.4578555913794613,0.14829409706025032,553
0.545049505707615,0.08978235050006042,552
0.9818624532499975,0.1292221280470757,555
1.2438307822052697,0.031577966829928354,558
2.3991610606880784,0.059136405892490806,557
0.6287217210226357,0.1814956822032925,556
1.7013717082171707,0.1993032379578998,559
0.547682186443067,0.14676747977028756,562
1.6853813938252273,0.12100349971796609,561
0.5532452122686307,0.18429956276857393,560
1.5813325679615713,0.15778743423191557,563
2.1143204315022777,0.10149682634810085,566
2.0173058664754064,0.1757806407178194,565
1.9368600854283728,0.05509153153855844,564
2.3094896204558646,0.13377907399756855,567
2.227835760703612,0.15879162804142086,570
1.572307675593678,0.04729842573571977,569
2.0512549151510866,0.14696031883965874,568
1.8821811853296049,0.2001240853210018,571
2.163690346352512,0.16492837322896878,574
2.094696852832984,0.08542762548734492,573
2.109335128541751,0.13516486168314393,572
2.1040519163190696,0.1445765462962305,575
1.9699253596406272,0.15544676011075725,578
1.2707631531197456,0.07873775475613076,577
1.824066164672388,0.14286881773961865,576
2.485948546845816,0.04737908397871906,579
1.1640740560841578,0.2206567269070411,582
1.8370018932839633,0.04587759669511038,581
0.6705889907264224,0.15486104174727552,580
1.0812002673569403,0.10496894290286155,583
1.998118857736349,0.05911578824330646,586
1.2424742599375884,0.10239258228743837,585
1.7242202383346399,0.14308526083382103,584
0.5526780139377028,0.06519293992142126,587
1.771122525888142,0.11634554855242807,590
1.8513279008837604,0.10130554570438105,589
1.4096519304751287,0.18047157468242772,588
2.0073345370943936,0.08878531931331729,591
2.1644779740409317,0.17940907272722145,594
1.8567061061864625,0.2290973601889438,593
0.9744183495372274,0.1764167861908564,592
0.5162869438970157,0.06665006624748315,595
2.315382984358249,0.07303132146320344,598
2.2645319998033298,0.21440073349269864,597
1.1009553970931814,0.17350798406908458,596
1.659656475856339,0.04325135681803985,599
1.3311207969006225,0.05464984320324615,602
0.719147511692851,0.02085526986828084,601
2.0072205857590406,0.07351315259281452,600
1.3323570648358358,0.11119113972391287,603
1.323569811912741,0.04537624124928342,606
2.4467469307741325,0.08477684846375204,605
1.9925689391340413,0.06336131243108101,604
1.4335526662739726,0.12360460208265774,607
1.513457764863231,0.21941581047585085,610
1.0464977396429858,0.22808347354526878,609
1.2948293946692575,0.1483116584246715,608
1.47805197974534,0.1314382778750239,611
0.9749495400369277,0.25087230773967345,614
0.7902043750376386,0.3843944118598514,613
2.079768110394288,0.1744514919282979,612
0.5477078565643858,0.06024262517575968,615
0.9674347630211788,0.2738470320435329,618
2.2372472457701518,0.245364426041619,617
1.8128786775448529,0.05889102838308178,616
2.436045104730404,0.1549112681358886,619
1.8042059508860517,0.035479503265541563,622
2.204862834892864,0.05507128221515398,621
0.9289935174176942,0.048270719227682626,620
0.8235610183713629,0.25918749409889724,623
2.1913512211874053,0.07540967151676159,626
0.9089461660247786,0.014805536777016959,625
2.284817792164945,0.06422406755226256,624
1.9011674446204396,0.17181324805794354,627
0.6594329633781375,0.08531574466449335,630
2.273603732530453,0.10026207333203284,629
0.6306195650104129,0.24580068214381956,628
1.3524663888337138,0.22200889574477448,631
1.545390755973461,0.18440667039767675,634
1.3127949262205612,0.2400096273878068,633
2.464054846691218,0.12279244307226678,632
2.3830894997695586,0.22822366909183103,635
2.1449685669183443,0.09289390991434593,638
1.307354991165945,0.1399007381607653,637
2.177135543155,0.013052125987401342,636
2.4111730808161256,0.10139881247045734,639
1.7395194461695904,0.07456397632928367,642
1.6690046548708266,0.17967926662334877,641
1.6750464482011338,0.17457653544319432,640
0.7274647014893487,0.19475103388654777,643
0.7142267157753694,0.23670738311231432,646
0.8869412165264821,0.11681920345092539,645
1.182617275908778,0.12773281052425625,644
0.7207985198240532,0.1839857327997434,647
1.379192013285394,0.20044769320398423,650
0.6481206547274434,0.15371738077816222,649
2.4115562419463323,0.1728188373016929,648
0.8616121141226358,0.1213153480357284,651
1.1709241253814922,0.10965926757950753,654
0.5287405880167602,0.136159998698441,653
0.6511621359302899,0.05381961427845462,652
1.4109083758265701,0.1601333994993608,655
1.1897522649090095,0.08188795311730267,658
2.4273170896894265,0.09506885082392137,657
1.8593211634992723,0.26302920163073445,656
0.8535529703329192,0.10891338052698646,659
0.5895794541904287,0.11278495499394255,662
1.6573393849544893,0.22892793343175286,661
2.43961022467814,0.14548371486636638,660
2.437516695687914,0.08156375810731405,663
0.979376259539936,0.18120206758696922,666
1.0843027976170196,0.18175269252132698,665
1.1576519023757894,0.09897972785993361,664
0.6037949524387647,0.0686047444946311,667
0.5441083860936162,0.16345468147541448,670
1.5369545862027805,0.04699606825047582,669
0.9901263556937672,0.2155202609977369,668
1.9278821041951408,0.07508158722417688,671
1.8692345443072873,0.14568664783851396,674
0.5121803597819117,0.05607911562269067,673
1.558856736026961,0.06515913629312094,672
2.132165792338256,0.037046114610055296,675
1.892816790823503,0.024365696341592434,678
1.9743943621063145,0.06900683954646193,677
0.7324744930074771,0.12864045030108925,676
1.6871874576629875,0.26664453231577034,679
1.5395746533539538,0.11108030886272158,682
1.965331635720479,0.1559962460555866,681
1.7547709499895021,0.18647209452490587,680
2.023112330938447,0.07848580670113375,683
1.193255163410538,0.15241839922177358,686
1.4788507085983107,0.09999757292756636,685
2.3093415925527463,0.033930654807096595,684
1.8549772786507144,0.1576038467062202,687
1.090361080512159,0.11155408990197367,690
0.9931869407985467,0.02805829724761741,689
0.8729000504449951,0.08414455426916131,688
1.0627161965512835,0.2410580938387771,691
1.7326774558006346,0.07453475265659691,694
1.1451921840597354,0.03937432596681925,693
2.2322808975906154,0.07497124997711001,692
1.3028181362384927,0.029879761995620382,695
1.6146983869074358,0.14195536767919342,698
2.233685428270815,0.11897193616290352,697
1.6980197140147635,0.1217587801048802,696
0.7002608395232812,0.10879734182375551,699
2.2808228334019347,0.07837723773499343,702
0.7944098580417116,0.11303964781361,701
1.6872868185041892,0.18607450274429627,700
0.5926802201084453,0.06523691497574662,703
2.167142493404929,0.30780721468870564,706
1.1635657068988798,0.1364683038175484,705
1.2279436661835867,0.10423056494518622,704
2.1531851748063,0.11629724344787357,707
2.2687870733725495,0.09595198966545848,710
0.7689451055484928,0.0806558284099225,709
0.7041400711999148,0.006433950903210347,708
1.8385794453692534,0.11820457218077095,711
2.1346236470994873,0.032586919627923275,714
2.207485912243783,0.1355461088733387,713
1.5568254878718841,0.25560932667354747,712
2.3455489981910036,0.17447651549157978,715
1.1107314136418927,0.1374245131827274,718
0.9544031666365509,0.11810432054398026,717
1.6188185801486203,0.09453120676634616,716
1.4237083689104264,0.14683863272384798,719
0.7128717929467074,0.28053671997540613,722
1.5191298732394851,0.11213076948986944,721
2.2546374003798553,0.20083897088033417,720
1.0420167255709694,0.2821067629015871,723
2.1821394202933018,0.2741099712714163,726
1.3786351360431979,0.03947276788721873,725
1.3962360500126036,0.157070214462557,724
1.2642020053918204,0.033828815457135036,727
0.864271876781928,0.2650389032375295,730
1.898957221115982,0.33347184485758047,729
1.5100864338284665,0.07172340079591207,728
1.3401909438244208,0.13849512045392864,731
1.451411625424907,0.13661120341537522,734
1.9628195869279284,0.08424110959568411,733
2.32231389277319,0.025647941126462466,732
2.0667309433988423,0.18328188326534353,735
2.1629442275945614,0.10267538192231751,738
1.715554860837656,0.09563807073964642,737
0.649652536390263,0.08196180699583094,736
1.0094629571747908,0.1070683389209301,739
1.1160688506080012,0.1388934671830844,742
0.7793490338635252,0.15759888796640312,741
0.8394606714152864,0.1531555102818271,740
1.9907980116617965,0.14243372260691625,743
0.9673112060930118,0.05281238219460051,746
1.6317761789857845,0.04705511792930506,745
2.177447635475783,0.07039067179317904,744
2.313767967753531,0.08950850358312455,747
2.293092374144645,0.11213272172085767,750
2.3822524038226014,0.14147196504153323,749
2.3413868686214734,0.11955849185146183,748
1.4551697073483927,0.1773750811691408,751
0.8422592520983363,0.26869593633233163,754
1.8031150338273285,0.08501500084779362,753
2.1868500752696516,0.09897675081072012,752
0.5372854226766168,0.14057122293684332,755
0.9576692976661114,0.02913703877231627,758
1.264156662882091,0.0487713627515853,757
1.4672289660094482,0.18729042708595664,756
2.4832329560297848,0.07363119755053078,759
1.7547373791332834,0.24928017649463585,762
0.6364712916728958,0.31112288440866404,761
1.5365366088714263,0.016522875423374838,760
0.5000804779322336,0.09938706180354787,763
1.1650783654018704,0.0898541264181654,766
1.1036903639198183,0.18419044924419586,765
1.9080872661990032,0.058618104159909805,764
0.8690477509912236,0.03589063034587171,767
2.2499694419920617,0.08911427861422111,770
2.1838631223755502,0.1939386913678568,769
1.2704368995566644,0.15393239471614834,768
1.7919724451036152,0.12963476517156183,771
1.259532988564362,0.08147974302373838,774
1.2255963908129086,0.013981559902215671,773
0.7808432874853695,0.04195375406898159,772
2.3457136441612567,0.09969999305267208,775
1.990755211427938,0.22890395474304964,778
1.8761131664644266,0.05578383818454518,777
1.7936237247432625,0.12159273848037627,776
0.6875231324778801,0.16881027647985314,779
1.6360909172474476,0.13822623603684306,782
1.1332378826066527,0.20991972839147932,781
2.1677144144948066,0.21208069490159348,780
0.5075185071529382,0.28649044241842064,783
0.5176708462266921,0.19864821422598858,786
2.468673520551245,0.06492312098617609,785
0.9122797809830803,0.12009252273892389,784
0.7365268400928793,0.07445285618852061,787
1.1021538096983552,0.23288055495268198,790
1.3489927728076572,0.062078352273437054,789
1.5109884690560635,0.2121169258884777,788
2.111649645308627,0.06213436785931436,791
0.8542067670930149,0.07279572571144156,794
1.0038390186328485,0.06552163537618143,793
2.4599822727506186,0.1351549023473065,792
0.9536753245468645,0.06792063490586572,795
1.867719358314161,0.10262666006168175,798
0.9967787867168545,0.1137109897805732,797
0.5426132253562381,0.09094475794818735,796
2.0330720549391996,0.1607925857635097,799
