0.9917659234710714,0.07046621221734566,3
0.5064120042624467,0.24562448203344714,1
1.8048555366187466,0.09277563684779035,2
1.3446081658918954,0.04469647944790751,0
1.3806609160808865,0.14106232188027765,7
2.073616838118576,0.1363610164206778,5
0.7715415761944229,0.17571861730204513,4
2.2809897596300774,0.15170283168641324,11
1.2652982078479704,0.24341576575132806,6
2.19382325444686,0.11765449265563487,9
2.2518092532440583,0.110383654080207,8
2.0079074667605274,0.28609363818117145,15
1.6583273043510647,0.05104794184182959,10
2.3569352047754903,0.057992589227896366,13
1.0913107574439849,0.07401162557838085,12
0.712927061119512,0.07132230868494491,19
1.9117743694541012,0.14631208159672168,14
2.4547467791992,0.18534606978415477,17
0.8061241770829113,0.06157620223461029,23
1.7341606178870241,0.10313546314786295,16
2.2660574186020352,0.1080228674595028,18
1.2949207970364807,0.17466711643663746,21
1.3022994848497598,0.18636903065739824,27
2.4320298552314945,0.15280281874351853,20
0.9813906911762695,0.059739159640292,22
1.9358410675212792,0.1947209079348507,25
0.6685249901481496,0.1272661777627755,31
2.082544789732637,0.1678882423552968,24
0.6916884895996613,0.14816798184284138,26
0.9024707897625628,0.24598817274006668,29
1.14584313110384,0.09135341333317148,35
1.7991879126888373,0.15115134961944005,28
1.317789063945451,0.15213359255018585,30
1.0756366325245932,0.15993434956376498,33
1.6860402856056775,0.015530931707468785,32
1.8768591521777007,0.2005660476620281,39
1.7413408357019942,0.0827785433591775,34
2.317880567156453,0.22584166393379476,37
1.5018322355045686,0.1622294512485803,36
0.568349703013171,0.20214108686455579,43
1.6602500649299776,0.1406102620371399,38
1.8716993025685755,0.11053667367863798,41
1.140228002805385,0.03574415041319185,47
0.5899988683339139,0.035042258027544904,40
2.195484402386364,0.1857710875094402,42
1.149243406742809,0.1663961550245834,45
1.879009648441239,0.0648226962498462,51
1.5171221204709573,0.08124857819977013,44
0.734764846937352,0.1008747245262265,46
1.819509849067724,0.05810921622000126,49
2.354784243932598,0.08646985709391213,48
1.2025763861728367,0.06161215209319252,55
1.9245162009707604,0.2306940900842055,50
1.7524171798295733,0.08328253359575653,53
0.641589097275846,0.1098683050777747,52
1.1091995942737218,0.13629853770276062,59
1.7966239446622614,0.22761193864466822,54
1.875677402062724,0.14215849274910564,56
0.8900981890046162,0.244541405861666,57
2.3084707019835067,0.04854724967806636,58
1.057792480227004,0.17734234951651892,63
1.8850505796625552,0.12230474110111474,60
2.244408145359629,0.13047264341222345,61
2.1101345933876763,0.14055158428771608,62
2.45204832355276,0.08176557458010204,67
1.4444094828253802,0.2723536929486327,64
0.9718088391635051,0.032476451725466385,65
2.121571738132472,0.10991835466224482,66
0.5652253932757993,0.13095197739709488,71
1.933696625252641,0.12777598214980984,68
1.9700624016779689,0.05751065864455318,69
0.5833532750021737,0.14858890489249751,70
1.2868103969957259,0.2565240603047014,75
0.5418491343455034,0.15836579690259456,72
1.5241858299141384,0.19152327245163417,73
0.8230965757762148,0.16201304254282572,74
0.8958242980160065,0.04089801746549588,79
1.6146382206475007,0.05041020583438819,77
1.9882196672735102,0.03177782632850001,76
0.8201616391720667,0.11954171474628404,78
1.0680563784709511,0.23300278167225677,83
0.9999433820328998,0.24173265289725734,81
2.2650414732922384,0.02392641522759307,82
1.1365313106669712,0.10680982019586543,80
1.4833829766408622,0.15752261216648156,85
2.421088412539543,0.07098960857704495,87
1.6399167182301708,0.17108732693046302,86
1.7284349241473986,0.06130787365921504,84
0.9503981142449918,0.24025926267880462,89
2.1407855644261167,0.054271861382450326,91
0.8249518114476717,0.1410619355434331,90
2.274346570134445,0.14602727036007668,88
1.7335426819663742,0.1432247200878792,93
1.7217925073000282,0.10050514746379008,95
1.486864124932428,0.14800735636059345,94
1.1274517631754257,0.086644067093174,92
2.3042182156410513,0.12383562001549948,97
0.6002487353454482,0.02645193640534851,99
0.8349336465844732,0.09616831948984045,98
0.7883552198283255,0.06276253729081671,96
0.5596084832264931,0.06740383330857799,101
0.6727019422766396,0.18195677607758812,103
1.6812870668308884,0.008679642132484412,102
2.001921387139205,0.17818819887584905,100
0.7240363890764838,0.06541751722120719,105
0.9943545712278217,0.17873913457172427,107
1.4850152496917337,0.08358594364718187,106
1.7974782432858576,0.12435514272962925,104
1.2962980034348195,0.048345529463897814,109
0.5307019608089487,0.1659474132954184,111
0.9038368015467395,0.08081103517899374,110
0.6501741725895327,0.21236434840405127,108
1.0949143093269813,0.14269985743851699,113
1.454212818014932,0.0841780975742622,115
1.7751422433869872,0.2428730432305204,114
2.296686177866107,0.12839431398729087,112
2.2900408008384323,0.15016447210197856,117
0.5458275484707387,0.18719629997486098,119
1.153404892085459,0.12457890129366862,118
1.4600747778316079,0.15292053623866567,116
1.0897386045820876,0.21690732102343852,121
0.610995515253896,0.11762393033278817,123
0.7242180854765403,0.18322123772958987,122
0.9722524709601021,0.021441659543458853,120
2.4857081649387864,0.3115552608108716,125
1.108344987779203,0.2455855718887175,127
1.7557507445277265,0.1281058648511815,126
2.403710887371109,0.056269438024422115,124
0.8640859337554798,0.1033742941176079,129
0.9891474808816239,0.06159128790260088,131
1.8032582644322495,0.048056449080796065,130
1.1051651113692442,0.11567488475693538,128
2.3638288959970746,0.08932173073820192,133
2.2467264225451546,0.13070417852985264,134
1.6367068753357503,0.18867476455446683,135
1.3866244923845161,0.14200555232859843,132
2.249804399939257,0.1626424358190951,137
2.1283171490476747,0.056464728680481684,138
1.8939566748520564,0.22564117396685326,139
2.409995190747711,0.20964666191310855,136
1.8279130880384173,0.18465806096872373,141
1.5651571273435259,0.05616722492667489,142
0.7894252907398227,0.15204577559799967,143
0.9740320076677629,0.1244304970439447,140
2.091798157495263,0.20579031979398077,145
1.9953682989608952,0.11267060134961378,147
0.817141150726969,0.05050888824361863,146
2.373997419122896,0.014749992966060258,144
1.8325006950703502,0.10295212052126763,149
0.772520873809365,0.10602038554018667,151
2.16243416757242,0.10622511145032368,150
1.8335009979098382,0.17511322095497658,148
1.3829986242895247,0.16662534187972453,155
0.9646751114566783,0.26791150138314673,153
2.4308601400030083,0.12214647700337583,154
2.023096731540183,0.0984509496702346,152
2.331550356331533,0.16334272638722844,159
1.9397121397950383,0.22533524595724394,157
1.4480103145389365,0.18170071131043886,158
1.769646430715082,0.05915223720579377,156
0.5959061470101168,0.12663710048121543,161
2.271685399141394,0.018813743327873386,163
1.4242132950559543,0.16314769295033896,162
2.1508800321503014,0.13326696295974647,160
1.451832172133097,0.1863626122366996,165
0.8858116848775484,0.023211040015158738,167
2.46160893732952,0.06720120158648046,166
1.2185772547301534,0.2291513425269176,164
0.7359525319160327,0.10423522492269849,169
1.981091673162557,0.11549138197807945,170
1.7403651035282595,0.052062421088173265,171
1.1171335009773722,0.10360146557933161,168
1.647052461035579,0.1499177921870151,173
1.7710988180296103,0.047596154708915706,174
0.8722961766497044,0.07837252221158558,172
0.9969478671323504,0.1361400051464186,175
1.1972905212628575,0.07877838818312737,177
2.0316189468490538,0.05322504428083807,178
1.9558181608292462,0.10052238831199563,176
0.6773081045375342,0.20530314976740086,179
1.4499675182755238,0.13227530940155607,181
0.8080767883083493,0.1126983325628931,182
0.8163493738637817,0.10807611050796867,180
0.5444156469299841,0.1416643804773243,183
1.8361696273873307,0.1779704610532762,185
0.7440749817331649,0.09582378105067219,186
0.8362494562425584,0.06577797557972319,184
1.773748113681695,0.1462077591924487,187
2.0690413681666344,0.06480880089370004,189
2.2822778972282376,0.08008601142023929,190
1.2745566379765279,0.323132625707941,188
1.53260250809694,0.1510582784199342,191
1.2320351525061908,0.29896600375066934,193
2.3118138809158104,0.23243589169273823,194
1.1511797065175813,0.056179660823879686,192
1.8557774794403767,0.15455249244285232,195
2.010156884730071,0.18222124914873356,197
2.1013052794049116,0.07458907380479338,198
0.5721344912351993,0.1700370533759389,196
0.580452237267165,0.055160338722987624,199
1.9528555134684866,0.01713719098896016,201
0.7672102958864655,0.09137831885189904,202
0.7304037259120679,0.07310847987616662,200
0.8085856891563967,0.17553713759676984,205
1.5600396784563169,0.1386855580185014,203
1.3765846180592196,0.22048553906012494,206
1.7160694352080659,0.1918022119012508,204
1.4155446532720046,0.10933111610565588,209
2.4754943629954522,0.04953026064224516,207
0.6345850578194754,0.048766332053521794,210
1.3401906185189372,0.1590093095803646,208
1.7171967051359975,0.04637859980882047,213
0.8147906175903452,0.023478660520160913,211
1.1680561352991419,0.0847212867537167,214
2.200383482957319,0.14891507308350133,212
2.1368777573471416,0.1178473821547837,217
1.222742701785336,0.16475674308493177,215
1.5943524553130706,0.13616931960952872,218
1.9233730635171762,0.19585053197488791,216
1.277626466750796,0.18641485634548188,221
2.302035977573439,0.05908421899120775,222
2.0347764335481564,0.19559928391006703,219
0.5586477890624526,0.13581365855988548,220
1.3920756595289476,0.14931320027833078,225
1.358465355164358,0.15393890809410238,226
2.225205442247911,0.15251729489436183,223
1.2057095123235364,0.03685922925056747,224
2.0286592329665387,0.12937255753006455,229
1.3598273911614467,0.03911358450007471,230
0.8377536904825165,0.14688617013360314,227
1.7729313499375765,0.07670764462717859,233
1.3908243403698983,0.19265700264654842,228
0.5285938336478457,0.06819073133927399,234
0.6291385956461379,0.05325900413478074,231
2.1768548529957004,0.1665917186325925,237
2.1517927522988534,0.13499926529392833,238
0.7949451996698149,0.12503889342817406,232
1.5678821394343718,0.09367230288577716,235
2.4770455337002213,0.17420980561752542,241
0.8471584983702363,0.0910266756043652,242
2.414290888636808,0.11112704383737722,236
2.3571738120005987,0.14518936132807736,239
0.7450941144034189,0.131820253343987,245
2.1655803852047457,0.084698390717245,246
2.4371858476265693,0.03214028844034409,240
0.8098654382521804,0.10736409698476634,243
2.2681764776703854,0.10105297079007969,250
1.8356287863158354,0.05075268943149969,249
2.366405137010616,0.06877632931190997,244
0.7920032186085761,0.2404854612744511,247
1.219631795418716,0.05772097942458836,254
0.7419315006516014,0.05691923438659191,248
0.7388557320904829,0.07838662833845467,253
0.5726252864781232,0.12027198950424148,251
2.1265317655292533,0.21559595350794367,258
2.4979105396471324,0.15411277896234846,252
2.317227475349079,0.110062720327808,257
0.6387839783002056,0.06180465584127723,255
0.6255473000412735,0.21023377334259907,256
1.8775697610096564,0.20690316732880265,262
1.536507578418535,0.10324192026757889,261
2.4971538728778784,0.27850538979998296,259
1.9138105020344973,0.2883887316210444,260
2.074296944035494,0.17759613069083047,266
0.8179753152885529,0.0919705654081434,265
2.434352373524727,0.15237653714229993,263
2.085346624667543,0.2052242949418034,264
2.0069275644097315,0.1471556832265076,270
0.7988640622605081,0.06633702168823905,269
1.2439121766351149,0.11216790992073256,267
1.6677254785771678,0.11755501047945238,268
0.6803998256408532,0.02795598497062894,274
2.1744113463028487,0.05774297713495097,273
1.7027845825925623,0.11931199474243737,271
1.7959401792823708,0.20139733964967804,272
1.3730400832392107,0.12746747999642757,278
2.148027883734552,0.1144643393433857,277
1.6221195070416545,0.10784014733825867,275
0.5687532208727331,0.05588169056575703,276
0.7685712639025879,0.15514086887221865,281
1.214603494000874,0.089031027383784,282
2.4711720626097415,0.10738222982213935,279
0.5115466070872885,0.18103479161365313,280
2.4328102549621122,0.025016196615379363,285
1.8293750335309136,0.07213659806779278,286
0.6345535373301909,0.21057183563724827,283
2.021648252613058,0.10200501297456005,284
2.4346656693964874,0.11587176784949256,289
2.389226392138794,0.041001106045178315,290
1.378355054282745,0.11522336305489872,287
1.0070010267614187,0.11593651128388019,288
1.7292806533754672,0.11437136005466336,294
1.4422112308586845,0.20808076114436044,293
1.5823976280696845,0.10102650859619958,291
1.9092763906190313,0.026522719367658668,292
2.3697078042882307,0.08976695837729726,298
1.6827502653797144,0.05799006193658042,297
0.6271666519908345,0.09726839185949757,295
1.1578674577553598,0.18694745867364315,296
1.9445675843540873,0.16181854980386565,302
1.5195445991487886,0.10158255557301424,301
0.9514417035791762,0.19167708062255467,299
0.6689206416737588,0.09531406266927671,300
1.8187711003009086,0.04743771147655493,306
2.020584735953925,0.1292935666843461,305
2.3847486541409832,0.12445371285690504,303
2.3528555271372698,0.1360583248327896,304
1.227051896309801,0.13306582431869826,310
2.3959938537548355,0.11514496136351637,309
0.9487485650851193,0.1020871218091954,307
2.082600187567844,0.1876133355111958,308
2.1468323176315973,0.16520954231281942,314
1.3413254811493414,0.103446815319717,313
0.9587521194239368,0.07176466346787007,311
1.3275008766209706,0.1476698388212859,312
2.2463666139343044,0.02474294943106044,318
1.5360381816681739,0.045919002077893484,317
0.9137729927839422,0.09370094545863007,315
0.9392809872232535,0.05245827300778516,316
2.2832329188108673,0.1921842743748404,322
0.7133541147481499,0.05661681594194787,321
1.9563243404404014,0.18804405911693065,319
0.7016251261267605,0.0999062591102699,320
1.8026222805071817,0.11038095637977435,326
0.9052507325319092,0.1993999979820049,325
0.5167444411617226,0.11298960552397617,323
0.9503552067556209,0.11549565733926118,324
0.8528961226636145,0.05067877659736503,330
2.3669028806668977,0.14446306872816472,329
1.6588613983533373,0.1607599600636451,327
1.3158880901021068,0.20191755061155445,328
1.9675113680057152,0.07182938751527203,334
1.2279956653009374,0.04131965264452835,333
1.6314013000948029,0.1914956089980129,331
1.943156658240464,0.17085372318322606,332
2.2113146280804523,0.09629268723068408,338
1.4923824634854883,0.07360440479430096,337
1.8762638396217424,0.08708151061291967,335
0.8920809199639637,0.04295165639332906,336
1.3338233317315225,0.045434331719622606,342
1.7173824528062849,0.1809089129938569,341
1.4501882025650754,0.1809067655444057,339
1.4532615017386177,0.14045274836061133,340
0.8096140389108206,0.10351709533878689,346
2.0806268627459517,0.150304633540978,343
0.5343683434046131,0.1101645575060794,345
1.3732349166879663,0.1332176317829014,344
1.2289255745965126,0.05048225227281444,347
1.4030386003700028,0.06811157260163023,350
1.7641559967191547,0.1326569230464269,349
1.5655722552071205,0.05986093522806573,348
1.2921507286614824,0.20844636601186553,351
1.998885461485383,0.1741159118956444,354
0.6068737210435404,0.19921119130091222,353
1.5481139489234284,0.05071137124017621,352
2.4640273336982705,0.04652114311088455,355
0.747123210026905,0.0061597905667915035,358
1.4941917728717058,0.048936982650174904,357
1.818624507219236,0.09822281551185308,359
2.22609294499102,0.10898008967677156,356
1.2510565211084559,0.10482702582854052,362
2.3187165029695365,0.05825670562292876,361
2.3862020981037193,0.07994616206962923,363
0.8770655416623956,0.1594599256479122,360
0.6571799364156754,0.07555189850741427,366
2.2136562482864015,0.059557045842806994,365
2.2933044325841463,0.1700011209400948,367
2.2813506090061093,0.07808443025452685,364
0.8894595062257469,0.13150846348741935,370
1.319039802253331,0.12640577855336724,369
1.754905164238528,0.0656616901050035,371
2.228254142255665,0.10672507376186971,368
1.6078115276084417,0.08529838750660042,374
0.7470855689532174,0.06301116411198061,373
1.8948863066944688,0.181462044793223,372
0.9633954148650679,0.1053969843606447,375
0.7503913032730258,0.07123409650051685,378
1.73077717107878,0.06221639055481788,377
2.2299567212761904,0.09141050099242413,376
1.0911716672109482,0.21183883954808796,379
0.7809043290815239,0.18890685623952377,382
2.4032379162978224,0.10554935814674932,381
2.331248144974709,0.11476230691754821,380
2.069142658561682,0.13292123848114135,383
1.8584082162914197,0.11837285490354853,386
2.22988559412459,0.14331582168158502,385
2.414988854974471,0.03369970879667693,384
1.0960957853285125,0.1196158306213714,387
1.2886150354444914,0.05638481972110481,390
2.304634283658804,0.1444164384210235,389
0.8122625162921782,0.21380741021336866,391
1.9580407484917968,0.07838277446593783,388
2.2775879975209095,0.29023875147402317,394
1.216022093661808,0.1379800169366273,393
0.7744863236462962,0.17006121547840666,395
1.6904930304924362,0.14130984668568922,392
1.3070574630862068,0.15387128263477576,398
2.0857545818250935,0.03745979989996512,397
1.012123616458138,0.04871276153850795,399
0.9976762004564299,0.018526577039742465,396
2.12428776981959,0.1795352844517465,402
2.4532018222896768,0.05935274045261777,403
0.6295974439146919,0.22942409657795784,401
1.4156785961028635,0.12345007532514896,400
0.5320716076178837,0.272094802072132,406
1.2654952999105915,0.1708518292831515,407
1.1402741683703692,0.15098419507096772,405
0.5932981867992508,0.3049738241961625,404
1.593130380122168,0.13400295722697309,410
1.0635479837017752,0.07384615763434488,411
2.144392150417609,0.01710919614786991,409
1.6701447403531382,0.2044427563596162,408
1.908512400375802,0.12620119466415688,414
1.1487906255335982,0.19970697030399948,415
1.1772903486730044,0.12509551908094796,413
1.9736508083050022,0.13092422181742444,412
1.9092967175277071,0.13596355749928438,418
0.8406514927654478,0.33917578421238176,419
2.496760961457467,0.014274126025569751,417
2.4820754473055278,0.10509514577453041,422
2.2084339972758125,0.2168961303144421,416
0.6288649183382524,0.07049941188460335,423
1.1996141569992076,0.1291132261830779,421
1.8085614034968454,0.1869370743485808,426
0.6090410616750064,0.1566919704359124,420
1.6688158868869325,0.11618389942362271,427
1.7158572634249967,0.1327229466015822,425
2.160506973785842,0.06773748242818063,430
1.8813968098138047,0.15491600497962732,424
2.284715238864287,0.11101212781671971,431
1.3791783937939897,0.06911253804868626,429
2.1569963737638327,0.05171549462280183,434
1.3396860326443423,0.18045243102414413,428
1.4316662546282375,0.06482010019381447,435
0.8219526183635766,0.11783989296865623,433
0.565282797933556,0.07935141417319819,438
1.0116596413730963,0.06917870876253222,432
1.8608873772949333,0.05252600080957104,439
0.9169129056556884,0.2353239364252927,437
2.3760636815579774,0.08045001191272122,442
1.4715577451606736,0.16725371474891135,443
1.859076878853242,0.06910614939766764,436
2.334045551323922,0.24056081925619416,441
0.9379313395694202,0.16404855080221434,446
0.7938155057728347,0.148659174797607,447
1.5562800254680644,0.18153243912669148,440
2.1878620611894117,0.08190789483553579,445
0.7126628066558001,0.11627857422115775,450
2.067347116031759,0.19199545229118214,451
2.2377676113380858,0.05664506131905753,444
2.4405501256158804,0.10262742114696335,449
0.5151444636260902,0.16617880193543447,454
0.9297432338931517,0.05628347347334583,455
1.2704693340967963,0.21447248346309125,448
1.4174295943109645,0.022997420497679194,453
1.9271921229219169,0.19172091763733595,458
1.8917462351957333,0.2430642672525103,459
0.5648100184823641,0.16634116726814432,452
2.2210674492894964,0.18492461486488715,457
2.4658929322737873,0.05484304595890378,462
1.7421966064591925,0.16153355129227137,463
2.1139872497914998,0.057016874163088586,456
1.1992850321377446,0.0944058169476336,461
2.3567587569075537,0.14407367952014488,466
1.2091669184856892,0.11663522920442748,467
2.1410332190823373,0.28111185596979155,460
1.607454338908094,0.10169231739650375,470
1.191205415483374,0.1768209487517054,465
1.1279813359880198,0.11904355267124803,471
2.3568434007829744,0.16815731826452787,464
1.4029487310487303,0.059966807362406394,474
1.2307450871437122,0.07260511457170443,469
1.5736386744484983,0.09090491726977556,475
2.4997549519215054,0.01169570985506077,468
0.9034752652587723,0.10398741847351559,478
2.4647451836028855,0.08511488593638518,473
1.3004425347899808,0.1500905377180233,479
1.1700307598001713,0.09882783950662662,472
2.1318349439809037,0.08206905866619263,482
2.1253580463648984,0.07910187204651074,477
0.8694990415896702,0.1266227946111864,483
1.4333733973175946,0.10497671572879685,476
0.7301862601644045,0.13768703038724514,486
1.541964114022703,0.04623069990212063,481
2.4728183053200867,0.15208377967302755,487
0.6198286074919517,0.19572757049738781,480
2.4609200331028243,0.09626110301334044,490
0.5517174409904424,0.15847935974064287,485
1.1083267775227323,0.13390027154191878,491
2.3925679400755344,0.1598619562047767,494
0.7894860857624293,0.1714401955883309,484
1.6860064389415985,0.11824161585824632,489
0.6513615474523844,0.16178318551480914,495
1.318423200048834,0.02435215280933922,498
0.6516941532379272,0.18264313353767833,488
2.038698931929007,0.06527160959276296,493
0.9749751389051933,0.053834424118090224,499
1.9709446001555233,0.10100644234866188,502
1.969383650607946,0.15571337931619927,492
2.088343931135153,0.20430275041713203,497
1.7687589087744588,0.13837088190595845,503
1.652406376642455,0.3485688906846631,506
0.6605222055610522,0.04970679566990699,496
2.07020371017878,0.11606489982456203,501
0.9668306505765623,0.09927304827890998,507
1.6748418012182016,0.1546543671209164,510
1.4258072606318353,0.07133658001714542,500
1.4455799171014942,0.04001644749093653,505
2.1760026342932495,0.078463897340866,511
0.8010604725703894,0.1468110541491432,514
1.6593725583397572,0.09449930803318589,504
1.0745437995701,0.05519508148051308,509
1.3167421610757053,0.043709893045715875,518
1.3413411093410736,0.06417042293625193,515
1.7329098567417338,0.03910732931507755,508
2.4791583270259654,0.05832171579633332,513
2.4594876748993375,0.09118825531935155,522
0.5495877138859637,0.3045499372598584,519
1.9522538361821067,0.07493889290956372,517
0.9741392511517475,0.21203098446424398,512
1.6372030972072407,0.07981701720568415,526
1.6838502418186012,0.11688524182541382,523
2.057102228716614,0.14575601074796957,521
1.742289768303672,0.05546765012803171,516
1.5575900679816221,0.21953512059069147,530
0.9301513627345788,0.16360571231489007,527
0.8805884330903169,0.12023891741783257,525
1.0584691921260245,0.15089769297318167,520
1.2193072999782861,0.13236608483559018,534
0.8900558339750044,0.1610985319715839,529
2.0026897658010663,0.21297066162623685,531
1.9364185525356385,0.11611502675123178,524
2.334704599477548,0.10718640051599837,538
1.5580541042666296,0.16755519248992018,533
1.4671594141172843,0.20902800118951112,535
2.1078176634648003,0.23009043284150824,542
0.7896307432396699,0.031112841266770105,528
0.9006048554909576,0.17526307743723377,537
2.301590786113315,0.2199659786030269,539
1.051760295408889,0.22708750859853258,532
1.5393171228664797,0.18632744333127635,546
0.8586705500248526,0.14964769346056803,541
1.71043311485739,0.241426209556067,543
2.265269870532077,0.28211845884189557,536
1.5572409213121943,0.06811218185440761,550
1.057010605751339,0.128218860108334,545
1.9408824579319266,0.1541550240076498,547
1.4424483793008829,0.08181424042532938,540
1.4388460975802835,0.086393019007822,554
1.5488724344711018,0.23276012307144406,549
2.024851985353526,0.09172133304552571,551
2.377678045827899,0.09740738388269637,544
1.0727986267707672,0.04178712286516183,558
2.018010250494801,0.04073496606199873,553
0.7111227590005866,0.09297379696872145,555
2.067583017253552,0.06965909015359024,548
1.4604457219512366,0.1010444201734819,562
1.5635993815485434,0.0399681044432682,557
0.8806497846435783,0.04318896803315522,559
1.2906618847285236,0.17863458857808034,552
0.8657627618003321,0.030732309244604756,566
0.9422534287514417,0.17264879956489354,561
1.3020872588704198,0.06078984018887782,556
0.8122688854527345,0.15819377445502114,563
1.2939245336585152,0.24964645708032362,570
2.020703169133185,0.05271798897897726,560
2.3756578441368825,0.0819514946671077,565
2.1365099601849495,0.05065199289655101,567
2.145682252773639,0.1901786738060499,574
0.8782035091474676,0.1010087447989178,564
1.9023125237102483,0.03172862523520127,569
2.0336729012121477,0.03281773846878934,571
1.2103991687096958,0.1840176852142465,578
1.53142172115775,0.18340127843287402,568
1.8290525028122722,0.13934872088249547,575
2.1681594849416035,0.05242430822115928,573
0.8676239164000823,0.18651922228719925,582
0.9074888146009512,0.09411969105853729,572
0.6665966270068377,0.11395382310989798,579
1.6012552804359235,0.0807996344743372,577
2.1994779368911894,0.048362674875726784,586
2.3120172656555056,0.06655909346648313,576
1.7346731371176836,0.2765588667043105,583
2.40840458857588,0.2211571635093924,581
1.9912009132120947,0.08856482314088719,590
1.4184325760169607,0.2068759721508008,580
1.909028279238562,0.18586091867644328,587
1.8386249193039421,0.07443935441739723,585
1.4664520766394031,0.07121519089931054,594
0.6519142759771142,0.09364864319043438,584
2.319018167129822,0.15732712761647213,591
0.653328589193326,0.03206451198296014,589
0.7180846401590837,0.15274321237901498,588
0.9014981683591134,0.13653138870456777,598
0.9234902451148916,0.14228948840854724,595
1.3110794097125547,0.10674003672087942,593
1.9560016903983484,0.17771838020461792,592
2.280344420264392,0.153688660271957,602
1.7957690985367012,0.15736894665277967,599
2.1987491277813906,0.08196398808353315,597
2.1628562802460047,0.04395098369584562,596
0.8383953795399706,0.1492560531356506,606
1.5962421311402593,0.11555058827244279,603
2.4500469615594183,0.020194780272184517,601
1.2912369958179242,0.1406569223166934,610
0.8350760050128161,0.18430573187791388,600
0.8824253210578006,0.1227780142624737,607
2.1488396323064762,0.11207641111745151,605
2.4404632750356736,0.08627586239037377,614
2.150029035850241,0.10039501336834777,604
1.1937640589027934,0.06320726833569805,611
0.8848160182857299,0.09445899931351345,609
0.6087093704915063,0.08317934722061382,608
2.242950397580241,0.034732193458427756,618
2.156735858312196,0.16716367283773903,615
0.9437510383472196,0.2099723801029939,613
2.2071605898358633,0.26294559165829523,612
2.1158432264909335,0.0405885873318331,622
0.762018929736612,0.161451501784593,619
0.8878900951957882,0.08927671885619376,617
0.6516517357940612,0.15720505991509895,616
0.9720548830408218,0.13182968869025607,626
1.2463319365695529,0.10091398309647047,623
2.337489020942706,0.2834935865938635,621
0.6883067669890424,0.2519395875490602,620
2.4579119258606568,0.12032896725442371,630
1.8823193237569051,0.14103875729318574,627
0.9538525606194723,0.1643561791801736,624
0.7420374817871893,0.2627470430125138,625
1.5550372003857535,0.10686730801472683,634
1.3109690887621424,0.04642375368561947,631
0.7555456449681313,0.1037087500782161,628
1.1485918134533533,0.14620134202460788,629
1.6881423886242026,0.14151427918568038,638
0.8677371321075635,0.08532519283344986,635
1.243714832685418,0.1209311747800733,632
0.8087859889771476,0.06800594199738191,633
2.1209536858297593,0.1355479794844315,642
1.3821114076570415,0.4412110755255828,639
1.4237839879539202,0.1851195787380917,636
1.9328087786717316,0.03924516134654823,637
1.8303436018696462,0.08954272802265432,646
1.4064926490612328,0.27015670263714464,643
0.770834885756051,0.11716410337374086,640
1.5543151265012582,0.17258618766296382,650
1.0302347433818848,0.16917414900876415,641
1.6762988105560264,0.05588181010198234,647
1.9244525463536983,0.06590366396651264,644
2.0431724343403257,0.05634770832514614,654
0.7474048649208764,0.1644173787572446,645
1.7147372742649538,0.03638344676462243,651
0.9315810247495033,0.2278139154238531,648
1.3715009794116477,0.13885848412271304,658
1.2745700831982756,0.12366739709170625,655
1.2558550568578257,0.09753077098948751,649
0.7435884687734073,0.13880667723890763,652
0.6698368827297685,0.1186837393995065,662
1.0788275367383908,0.2266652086267564,659
0.7750679372759752,0.08803754481811149,653
0.8200133322974024,0.05667501467669289,656
1.4312964606300629,0.09129197071907115,666
1.8543092059485076,0.20393707735210562,663
0.9909009021661082,0.04149702102434832,657
0.6111849724235419,0.14096724073488465,660
1.8192972259081357,0.040151585323129846,670
0.9502616602146661,0.12954845964080333,667
0.7488338227527251,0.07119326955464646,661
1.4739603101941756,0.2766498894402167,664
1.1304844220879116,0.16011082269177634,671
0.7550779009087014,0.08367118734148792,674
2.3984067953579977,0.14088469484946411,665
1.8884636769525798,0.07286109025134702,675
2.389006805100818,0.07779104646926972,668
1.9644522201711005,0.20834042757881754,678
0.9681913242340543,0.11996003620708051,669
1.839924915349223,0.10396610284581971,679
2.299301734627316,0.19675049317854335,672
1.4925519572969193,0.15212999104805613,673
1.0222609703256058,0.07646140758007428,682
2.0785023409135306,0.17485865350276183,683
0.8388946925287035,0.06158312139086548,676
1.3543824196721814,0.04610994868786243,677
1.919882314774992,0.0813777820619097,686
0.5204347168556998,0.20850901926723742,687
0.6341378557618556,0.14773988458204204,680
0.9098199699246023,0.16606237199206184,681
1.1954740811184918,0.0981341721613259,690
1.5728476343428943,0.07052902492432658,691
2.3631591042013644,0.0619176226087571,684
2.3450264454989718,0.08379739063760616,694
2.0183027889380245,0.1147297402613346,685
1.037016965428429,0.08800636294654221,695
1.851990619273437,0.17369437207415703,688
1.9888105068366948,0.15615365848975715,698
1.0301918847376859,0.05349155041927624,689
0.6729128554510524,0.08633572301582469,699
1.30707835808033,0.029273840721473956,692
0.7751141920180404,0.08392079686999235,702
1.2389385819043401,0.09766886177961027,693
1.1306520418253498,0.10524889545450239,703
1.5333497877264928,0.11811408936777244,696
0.8009120757245314,0.22149217945037566,706
1.123835568490371,0.11901210488399061,697
2.3636130032092915,0.13050656571767877,707
1.5074703775731089,0.19303969675888594,700
0.9849677129201808,0.16772654342517856,710
1.022392568789029,0.1988376517736023,701
0.7705904723833783,0.0608987973833006,711
1.47608002239066,0.1095229791020117,704
1.5762335702200445,0.0872329494830572,714
1.7341984673906363,0.25228641712405975,705
2.1615489892416795,0.1243773570184828,715
1.4839701887228356,0.12811914099543883,708
1.6386050005677737,0.12822437897892427,718
1.4755968604966498,0.12713743829547036,709
0.7976403180448806,0.10461340741701419,719
0.6313468420338899,0.26421277163787715,722
1.3723117838667234,0.04245112182012405,712
2.337670809126779,0.12766809486283368,713
0.5689875652383314,0.14813181104237272,723
0.8836533187056936,0.1266718101908349,726
2.1084141696207004,0.16573240000651088,716
2.0413581736034194,0.018079129890911854,717
1.4380095945271094,0.16032875639371358,727
1.3189971354468057,0.12344780471405443,730
1.3799600964759977,0.08878291045842387,720
1.0667970612987954,0.15960782636395832,721
0.7391790538895471,0.08176850130417479,731
0.7622193522505059,0.15853853075557844,734
0.9020907517444594,0.08943497967666393,724
1.8685849896823536,0.08116397845522372,725
2.3951404413419737,0.1914436955537691,735
0.9499711350366462,0.13756664326968893,738
1.1178298671229818,0.145953637304397,728
0.9559549978227428,0.09881508572426202,729
2.4394404358495185,0.08577066278902193,739
1.5153421000312244,0.17764215974233566,742
2.4930067768057924,0.09656808898822722,732
2.202847369901484,0.07467168740484624,733
1.7609020007461162,0.029152089808533305,746
1.1357102599496773,0.037212100497895195,743
0.5174221395834329,0.14355514596040486,736
2.121994966925193,0.18429031977779187,737
1.2605265462139683,0.05560356140940509,750
0.7326261910339598,0.0683285327478894,747
1.9815324150040947,0.12374195214225639,740
1.377261704691594,0.0888814555663632,741
2.2495491737811966,0.19270505576230312,754
0.8816951062218898,0.17353670077830302,751
2.3198788904507213,0.153218328923019,744
0.948039314109862,0.1425076754260381,758
2.441284010688356,0.34902029391345507,745
1.480787166387451,0.04606962128903416,755
1.9699334977718517,0.08951548499716758,748
1.0444366736825708,0.0768034302673083,762
2.0955037862779133,0.1447029051788559,749
1.916332413021173,0.10937952588049782,759
2.364633222515307,0.11915488080723553,752
1.1053948959560358,0.24834600986225155,766
1.9697285967995553,0.22181844739254128,753
2.3788772248374417,0.0903248151394804,763
1.2469227226343664,0.0992609803623985,756
0.864786451492952,0.03541928909036624,770
0.6454552524525512,0.07159892354424324,757
1.017437975075657,0.10590940276250249,767
2.0338464762436343,0.07435427365496719,760
1.715335373122496,0.13372423832765595,774
2.2181701312453814,0.14783515113128495,761
2.3007126030300133,0.035693261850470295,771
2.408099412223208,0.12679350940865913,764
2.3519347545623437,0.20424606931031006,778
1.1981308045571808,0.12973176232463746,765
2.42849164866703,0.14312107214555156,775
2.0063483090976826,0.2143356766594093,768
0.5392677732985185,0.12395774863172265,782
1.1423582116358628,0.058996450835980034,779
1.3999230326795888,0.03934956198840475,769
1.1720527429395728,0.149810629637672,772
2.1829758137835196,0.1586565697045172,786
2.221486647017539,0.20620028130901422,783
1.021809594241027,0.09940445162238591,776
1.3399675958631052,0.10841268146994083,773
1.870224946145377,0.19952838326944877,790
0.7101534314057873,0.2476455896256392,787
2.121797679168532,0.1429429087551927,780
1.328512710249507,0.21393289731268483,777
1.5396689195641307,0.12032243376236765,794
0.6495200900691387,0.05570883333185387,791
0.5225138562051643,0.15054063029722392,784
1.5501031515379309,0.0826828269645645,781
1.23268743509102,0.17768986960730548,798
1.649554398999542,0.057788784773345314,795
1.0277974244044126,0.12203302538194188,788
1.4785656770674611,0.09831652799444782,785
2.2759284117321137,0.16758701261977624,799
2.2933459684091586,0.13733266011113485,789
1.2058078349960024,0.2810255661393543,792
1.218036186016386,0.027563684842819475,793
2.4533776567221057,0.09221489224772189,796
0.878612550007309,0.14060708095805705,797
