119.14489170095271,0.028456105040591373,1
73.86352821763334,0.06780239596211753,0
117.59447305025289,0.0810359098069372,5
56.49913469242457,0.20641595263514187,4
64.54552527024796,0.16562816277199713,9
86.11806612964473,0.09796662821273933,8
71.54613750140798,0.17222036356165632,13
48.580041856898625,0.2833911853839783,12
118.21145756926038,0.1251271633672741,17
28.573360212137942,0.025185669248433136,16
107.01179707231971,0.09484000569469267,21
111.73109010045688,0.13892327867586082,20
103.07160597919824,0.12156538394909455,25
64.8856321291727,0.2112057201961582,24
104.22563956516457,0.18694379959298846,29
53.465435543619776,0.13317044864413655,28
46.45009103922377,0.1154501169031384,33
120.49872681902653,0.04689907233385667,32
116.43413594054385,0.15247591605479416,37
66.39215448860058,0.085364923482503,36
87.51397594649247,0.1274285887176867,41
75.96443260621912,0.2680394856594959,40
89.78390949336428,0.14838901913557548,45
41.911849173056126,0.19746080912015257,44
120.06318838502716,0.09127204276837081,49
88.59073032893849,0.09487180872200064,48
49.16509984019195,0.09629695463903495,53
99.9384968807172,0.11603162415670823,52
53.83545677171354,0.05311828506656994,57
65.45955625953756,0.2085671035117533,56
48.21976236380337,0.10678311242262628,61
63.7197809130992,0.19859017870478063,60
57.687788614995014,0.1183912123186006,65
94.14992399321338,0.05713685108030125,64
65.77304403968915,0.19668401109297695,69
88.10911683736828,0.12079507318156227,68
60.04643942133977,0.13673429833509224,2
108.52278819973537,0.03648554992057238,3
99.01316696250014,0.10557408143028213,73
105.98699274983636,0.0979339625097902,72
31.374583533050902,0.027584414913313572,6
52.17568359097853,0.21694862006417456,7
65.93758275788238,0.2772754034073336,77
120.13560943685381,0.008463913647174706,76
50.836888448462446,0.028861064854340448,10
39.28693186675345,0.09460200887873918,11
28.674272597341943,0.06356706050294804,81
69.60038904726383,0.16820991169969213,80
44.339817324644045,0.16548716226957735,14
65.87389269598647,0.13591791895714403,15
47.95094263292927,0.12031178583736238,85
99.93762417104428,0.1710465818429265,84
33.35863492548481,0.08017571691868652,18
91.36712956527887,0.2826629171078653,19
72.96135200761427,0.1920369657899058,89
57.71482491807687,0.026954946104217167,88
86.37983392970072,0.14786106341105215,23
32.543176465838776,0.0690772482378702,22
91.20351242819392,0.06667860912837553,93
45.528846601857865,0.16026454215944602,92
59.69747260708837,0.31513388435773654,27
36.7801686731238,0.07165909710996303,26
28.125578779581673,0.1925589044782062,97
79.47606376532522,0.0922065224478953,96
46.34164883064648,0.09830035143118261,31
82.9907711605783,0.013451077573208299,30
40.13565580850573,0.04331389088632918,101
49.98484094692523,0.17949367876819997,100
87.746934802691,0.10710210816895278,35
64.84677170913056,0.10929838664766667,34
43.27534890474682,0.05635427025513299,105
72.0488351504404,0.08832757936694853,104
58.58697359170224,0.1777644650373122,39
36.552589133251516,0.1743934565090361,38
97.89715774435723,0.09801955145982147,108
76.72733256539209,0.14798711963081024,109
103.06744719688302,0.15818702660672027,43
116.76363526552824,0.24539047163449448,42
61.86670304140651,0.06947112492233062,112
96.7442608288839,0.13210104635501543,113
34.55206125752169,0.10998655519558385,47
56.77691484116919,0.1556905500092825,46
68.31742098033824,0.14089472558785135,116
69.61757666046424,0.17263813677064802,117
31.998839089131593,0.12993690521191914,51
39.76727104269282,0.24616558702487445,50
115.75237059003788,0.11374351622939145,120
108.59180328982994,0.04395677034539996,121
108.46952449969241,0.15394815375018558,55
116.61358278707836,0.26061563778393265,54
81.54188176166491,0.1152251933323548,124
62.44362724660103,0.366277006519526,125
101.82573570656821,0.2978590934930336,59
63.6083946659492,0.0720672728733785,58
88.96179406506084,0.16041625754826694,128
116.7989067601021,0.1825424779292034,129
81.63565892199497,0.13076836621291058,62
64.91176861799504,0.16122282001771324,63
33.908333968007895,0.07369755765843976,132
64.31531187208779,0.046144390009854125,133
73.44472392244668,0.09514605956783823,66
34.87269411781131,0.2047367433082203,67
111.97350069247953,0.04921894572379411,136
47.76605129222733,0.12248698343656408,137
81.65978730910709,0.0340519880578773,70
27.174109102997058,0.11757910577382205,71
64.68880006985766,0.05320991939271067,140
78.05156251041524,0.09216623749209613,141
79.03860315027677,0.054525595604991844,74
94.58337751156412,0.09849719336664432,75
117.65297862743901,0.19524303708135637,144
115.52237120829732,0.1429040275782003,145
47.638311883085805,0.10880487980188532,79
88.34845845876106,0.19671969014153795,78
91.55586204397817,0.07106553414578293,149
80.10708357630665,0.1876621418124156,148
44.310487029958,0.17450216280868533,83
105.89272037291146,0.03397479741575574,82
67.17998373813589,0.1627774204384286,153
82.17395048439792,0.09887117235515208,152
67.76379165706449,0.16455231419116323,87
81.05379735476856,0.14706251654477626,86
47.48924880427289,0.14386246672929515,157
94.53665781891853,0.09738497462481235,156
69.31491146191651,0.20836198752492285,91
86.1803943449892,0.183541631362665,90
96.79841508710224,0.18059126650134635,161
71.14051194326606,0.34084581884568327,160
89.68932349899723,0.0959826466925401,95
73.18474550890753,0.07001522090118198,94
77.17375210895803,0.15117748710424928,165
59.75369180011857,0.19779441468068334,164
103.35378083279436,0.19459734684673202,99
59.08133139936276,0.010597858243671307,98
74.92269137330405,0.1426420604952538,169
91.91482760952023,0.08283127568536863,168
71.56987233342855,0.22116376177967445,102
123.77698948503284,0.18130476659739136,103
92.42086384838684,0.044315946017132346,173
84.12171768105098,0.07824031213257193,172
68.07066239596116,0.038380447371049786,106
119.29249682475647,0.12166107711128692,107
84.28902667466305,0.18967529919492912,177
53.20322718085442,0.1249567286714224,176
72.5803246800364,0.02520869390823366,110
47.20444217741007,0.1757678900278934,111
50.788184032199226,0.07181131854423459,181
115.41409141467757,0.18425537419745727,180
67.23455219673767,0.08778582180892897,114
47.586811822622344,0.03206649637251614,115
79.54867468571203,0.057014528297460246,185
56.065368394191054,0.32394083725973616,184
51.47167207880838,0.05857544736966715,119
99.11331263059105,0.11517001671934335,118
60.588164204126585,0.1871568238720538,188
47.94502229693705,0.1146868105770222,189
96.21823792152557,0.19979575442180397,123
52.69798600900974,0.08394190200659533,122
95.05784646703158,0.1559000818397816,192
122.49786423276237,0.09021823357934773,193
59.02392225296327,0.19998938431067315,127
106.17469464342257,0.2226600278372192,126
57.36218419088299,0.04708028752573942,196
63.41856249215613,0.10237695491056509,197
33.09160727052553,0.10814230989773971,131
108.68716334155998,0.12028009986741327,130
122.65297585761193,0.14320008059201345,200
44.331281205290125,0.07752135593971306,201
51.59454628124382,0.04875132100705393,135
118.531347835552,0.06941981644659888,134
41.51951817889305,0.14267200501683996,205
120.46300079813605,0.1702390644936488,204
33.579902150049065,0.13126179807719152,139
121.18687129966807,0.09434822692854694,138
80.7267725497087,0.11390172493448175,209
116.93113334844864,0.1365497081151307,208
92.73938939854132,0.07978355169664438,143
35.878447490253116,0.15177270457879688,142
49.20157911661405,0.3031931420215097,213
101.26636000950582,0.07624047339712035,212
68.32988907874568,0.13397952354476203,147
25.421305026469533,0.04864287877509599,146
106.18263098169339,0.12469769771469119,217
53.195109637063865,0.21697176839727242,216
82.16098825359583,0.1935569753901388,151
40.53342559429972,0.0552510993210369,150
33.05563578398721,0.08554764372554156,220
45.93449182163043,0.10203169767154985,221
74.07012963486434,0.16925962656420182,155
52.02958538882937,0.15943281980524393,154
100.51249445490198,0.14865714663407217,224
29.50460758595651,0.03375130165821826,225
116.19830114038187,0.07659706419211383,159
39.406629173225326,0.1598642161680378,158
26.996167383838234,0.12753418156564536,228
107.83516066052302,0.13045713962577432,229
110.85438418759328,0.1311290091134313,163
67.37822956407666,0.07830462677384586,162
122.62527066796476,0.04075595786475205,232
78.43396636418038,0.06140231142991425,233
88.34090221259002,0.09011610528916181,167
73.56046541101168,0.015924390113716165,166
81.60975037631603,0.1362625530299131,236
82.67886147343762,0.03734131372583453,237
79.95129164118288,0.21266199551976783,171
102.69270882066803,0.14139088596232802,170
117.53913319566831,0.10099675405905134,240
54.68772210883005,0.206347224263679,241
114.70837986186328,0.26370132961091025,175
93.18668878925509,0.11911709697287039,174
54.6831168372765,0.12345850185104518,244
38.93870651646485,0.19394952304533836,245
35.91489937553597,0.0833356564590825,178
30.887023654468102,0.261139543645782,179
121.2329762281957,0.09456659894710118,248
66.90908176395835,0.25030378158824157,249
111.33135607373467,0.03538529093174396,182
37.198707806684425,0.14874004132487081,183
95.45904400169263,0.13826632807953992,253
115.58282915375297,0.20527582267878058,252
93.3144298888401,0.22086493406722751,186
116.99221383525258,0.09642235239119173,187
50.9031065264109,0.1276105901021348,257
122.8095501100712,0.08388232435584066,256
81.9838937141088,0.07881045517571822,190
86.38085283972542,0.12269944299454548,191
27.860037366876313,0.14399495447240573,261
51.277075867549726,0.22022837185804642,260
113.8382024043496,0.11324574441311175,194
105.82484483279745,0.11929987467852483,195
49.36589782662104,0.09387916615768288,265
110.22501532159397,0.10763046764281713,264
111.57731250755401,0.15684315636928253,198
65.43169730152412,0.14402585309325697,199
65.65844085894172,0.08509449174977445,269
122.52924126333144,0.1129950554820674,268
106.1520136930503,0.19974624777055872,202
108.73407628835376,0.12711588875377522,203
57.109503126847,0.05740567273334632,273
67.22699902012974,0.03838937143633116,272
59.373061773393765,0.18739197653296136,206
121.038775775181,0.15691775856976115,207
61.50244617473896,0.16688604676390048,277
120.83919721744279,0.1503582166287875,276
74.3552187514197,0.10213537428790338,210
107.29789280514417,0.10859857578236819,211
80.28600850399982,0.11832860079229109,281
78.19746587903683,0.11331838197581195,280
45.65099583326716,0.16116210373770612,214
55.95461405253042,0.015255292436843685,215
79.69079835664263,0.16179205159563037,285
113.92620192922908,0.17373076939226792,284
64.50629904017963,0.0976840984514655,218
64.42480154754867,0.15698450683273543,219
81.25035457922074,0.17635343492606678,289
81.23510349405869,0.09178376262679902,288
54.79192972064344,0.20869202195473854,222
100.16882276003136,0.11369951727697683,223
111.76530264502139,0.20211161260584098,293
68.96889966679547,0.035883504337769954,292
87.1453638046078,0.23661445124779013,227
81.85641199106449,0.018781034646742106,226
60.04421482032611,0.09026227312389294,297
80.75692972472666,0.14574334886718848,296
58.036223048749456,0.14474312252103486,231
69.24703839477576,0.05569811547686653,230
70.40606471031825,0.021511609597091724,301
67.23630819154387,0.08448885515511317,300
29.716091967157567,0.2792412060270838,235
42.35389572438104,0.22684450550156832,234
66.85659833199574,0.08267316864716823,305
115.64543994484514,0.1834955157511812,304
50.504158428341896,0.1552456886593863,239
110.52749480219,0.11216401672672988,238
30.740193353625912,0.155370203991528,309
97.51159148412685,0.24414746209140886,308
118.95539909747129,0.11896959840119664,243
55.26539376046736,0.057154220616977926,242
85.91795622678059,0.1698155280085305,313
32.73935214213037,0.038854480238040334,312
75.21876348753857,0.14048394616538482,247
118.37399249391711,0.255410018926951,246
90.37411305023801,0.11578371837064932,317
27.419600275928335,0.1682482199485271,316
111.34115869518143,0.17805929553653288,251
37.25163836029818,0.08609405962755629,250
31.172233142027807,0.1553107338297298,321
27.734534764380857,0.20210673763709905,320
113.88776374661927,0.08825890908420442,255
30.439277332416502,0.25843623408342725,254
62.252335140444025,0.11777364760022567,325
56.028268155003815,0.10245165899058556,324
76.55389909965254,0.00624946685780207,259
71.53685733184096,0.05081599650651978,258
115.22111979273527,0.10605299872366068,329
27.583637984982744,0.05478327580720173,328
102.76694031640851,0.11056445670402737,263
114.39165544338162,0.1772111688715674,262
89.78001937278303,0.14019151137971886,333
114.64791982883756,0.2804561503369511,332
58.13969321588288,0.11072985922041392,267
111.6285824469777,0.043340252412373936,266
42.730681575577805,0.14868340135195043,337
74.22333102781711,0.196213494716795,336
27.930326363826218,0.1506531947247147,271
107.50587684005126,0.10864169549035646,270
33.34053508094753,0.20392473289763055,341
72.77835233576178,0.13381511107219712,340
29.413611488135217,0.29163974510843593,275
113.1017508790783,0.17410140291727466,274
68.01159517381151,0.27076509432496765,345
56.37163779832329,0.3100564038455264,344
71.43840067389652,0.05754902305743024,279
56.21582751429557,0.150794588511864,278
30.19399347938796,0.011506079748278587,349
84.79388263176857,0.1239161383662409,348
86.99914370435536,0.21547946292179176,283
50.58781307056287,0.2855413167501958,282
73.20016513038917,0.037806750174025607,353
93.91171322181397,0.28558686579139064,352
92.48378310384884,0.03407979081724992,287
119.50904185289252,0.22279565493005016,286
70.39891351745193,0.18664034962562095,357
108.74466821238812,0.15321334495714484,356
88.7904371517894,0.07421638495714704,291
49.01766039613092,0.0908818110669109,290
85.32703730165343,0.12114569968340494,361
112.95462780923208,0.08158503642640753,360
90.45496829413881,0.21179932511866073,295
118.30091890901605,0.20739438061302803,294
88.16994953073547,0.16207923736161084,365
46.462225067538576,0.11629845429072411,364
39.46563600904533,0.08233027525261927,299
56.3274824400267,0.12962747407567196,298
64.46404170282315,0.2401521532190692,369
92.08235473023751,0.2284219295659894,368
81.3191661588001,0.10745549628788437,303
45.54696097570492,0.20086147840923121,302
67.30805989859226,0.11798687350941893,373
45.75377191524983,0.16509537374874278,372
118.71420754765853,0.1626284625410139,307
75.47900015680807,0.1961301128188936,306
44.15159345621704,0.020968838516442795,377
45.016615399813944,0.164063558205708,376
79.1835587620739,0.15379328568587802,310
41.67011106676358,0.11982468805397802,311
72.50858320958136,0.04898977027741808,381
113.49721191895456,0.07812470053102538,380
53.14100135569085,0.10795481116143513,314
121.3188199801763,0.09153509408516833,315
61.09615349223695,0.21443735259702518,385
71.3095285522671,0.05171384998973849,384
116.50773816957688,0.35912107545162775,318
36.99746001879978,0.02764754875406186,319
62.33491118064426,0.11436467373871027,389
81.96732469202138,0.19704385606532815,388
123.36509161328955,0.12353597383466948,322
103.1454195271952,0.168153834449375,323
94.79649083402902,0.1136804587182865,392
71.14090661686052,0.13218880105938965,393
35.64460109470596,0.08018990397819813,327
123.56444438081569,0.30035681466418157,326
65.51935847866115,0.15097342986752818,396
102.929260295179,0.03311870218590762,397
110.8809668475432,0.25291601479212183,331
93.0251420761748,0.12963895823716273,330
117.74388340610479,0.08841794784097214,400
70.79376517086374,0.033316163305444894,401
101.14803546051859,0.04102985499262881,335
108.71825320392368,0.12984118190130672,334
57.340740382846874,0.08484453684184178,405
70.7655585146552,0.07326243753612499,404
75.14479528108112,0.3627771214973627,339
69.91732645951699,0.10061075383611072,338
79.00576765405351,0.05989837805830154,409
30.725507235672787,0.18662800847020308,408
121.39570812331228,0.09103327990235682,343
69.05372102381557,0.17571934946993117,342
117.49918434496543,0.1511271651773243,413
72.44413466953883,0.03404099378011189,412
54.99429522100485,0.03758970389856811,347
66.15919777058213,0.1845946400268004,346
93.56725459174126,0.2606396686804669,417
37.4757242383841,0.09739430227547351,416
97.93933554989349,0.10018288171478376,351
95.27884003218506,0.1452116683593909,350
108.03991234385192,0.1306473413988798,421
119.22211735300263,0.21049722887426175,420
25.599263536384665,0.036584241911422004,355
46.01766383172197,0.0366514948442084,354
110.9152188164186,0.2175938304752906,425
121.70787521431106,0.08340017077852246,424
35.18824789700141,0.16763679096230708,359
93.10257889455927,0.15887051757453907,358
70.14701854142895,0.13052274557950905,429
73.72641247312706,0.14820375671595307,428
94.55733730571703,0.026953063483140874,363
56.83887507068728,0.12375737642019649,362
115.56111669359963,0.1001004642262481,433
28.51345259869259,0.06830937235120198,432
119.25374188148342,0.12711548977709536,367
103.01849403093327,0.18150615491069735,366
59.63657155094799,0.1166108435855938,437
123.21325075350441,0.13192375979235452,436
101.68479584337354,0.049099315126386905,371
110.36022837399253,0.19567634067522977,370
82.09434075426954,0.08220124023838013,441
61.304007232345036,0.13299957369406332,440
89.95762213491744,0.11979801453311352,375
41.94443747666055,0.09865218726434638,374
67.86646006283802,0.06681168939318978,445
52.78190814461662,0.11272023616599908,444
61.79790841277478,0.14331885016772664,379
109.63576906843157,0.1403172146746985,378
93.24901905995156,0.07656424665151179,449
98.55161086207441,0.0966401210716673,448
62.077762637239964,0.13042155527671784,383
121.67035442203678,0.31260171236538237,382
105.3513865424845,0.1632043172053057,453
59.85696808313724,0.054937381922161646,452
25.36952169561181,0.08092599868754885,387
95.89824416090563,0.018263019992265303,386
118.43457761993433,0.051515251715785505,457
39.96092113507348,0.16152924780716355,456
109.17054525043427,0.13734958194869729,391
76.52234820876225,0.11031574128168842,390
112.95759921614214,0.13269988877395197,461
29.901347137756183,0.10833474197246465,460
64.13604421821226,0.05847134187430321,395
42.251828798253825,0.10802820022987845,394
102.623501055942,0.2256531478798104,465
45.331340264949105,0.09365169372541578,464
53.61293078221594,0.01451972350241084,399
83.76775593971925,0.06601312475534252,398
98.79709694704104,0.18864578023309564,468
101.30051217153083,0.24010395188074943,469
115.84832558153967,0.17992500937922365,403
84.46623544486508,0.06968167870384066,402
27.246587335522154,0.2204790582542208,472
70.88377515528549,0.10497408811943465,473
57.6886587802173,0.15786682460401097,407
40.773016302128106,0.10518768511864728,406
79.64399600690498,0.16777146621230676,476
73.90819446412657,0.1031681330651158,477
119.21656257187428,0.1414743482652929,411
85.80156330557753,0.15225270426688386,410
78.44027108302467,0.05190138970766838,480
67.1976022695089,0.18920560573792622,481
86.87383665691145,0.044039214459263544,415
75.20396687147566,0.12393938714138325,414
90.62388514318117,0.09078034595666623,484
106.56336067817243,0.11423884143681157,485
69.44208050429923,0.12987218387580868,419
36.02295359148627,0.10009222472215931,418
55.082784742614855,0.06317720611654436,488
96.26583231428287,0.09405886927157107,489
53.78132705620404,0.08663258028459944,423
104.63767135666451,0.15835599886015173,422
109.11698192049145,0.0193675477525216,492
59.438360266673826,0.05489574478417558,493
96.70410365424021,0.18539471969105448,427
82.64070841796425,0.12970781068501352,426
28.742580309926534,0.14791759577548133,496
76.98685046609435,0.09587483812415723,497
75.98000036081538,0.13039906217756658,431
49.001473840233835,0.13762413204203547,430
95.66026076778975,0.10675869594993903,501
104.87989295465235,0.17318119667218498,500
36.89136457626904,0.06537327095808818,435
66.66482454700733,0.04198236696921418,434
29.05993638499983,0.1897244319350442,505
91.07687453038362,0.09370048650102614,504
118.10490228926986,0.13030971465927269,439
63.909711461846754,0.03443306082540235,438
80.89887107381414,0.0694032120142216,509
122.51158929699973,0.06254053185525699,508
47.56192956564887,0.056896531557744115,443
54.47068557750639,0.09690583910229733,442
58.866395199658314,0.17284619356370978,513
97.80122841236758,0.022882571946947206,512
124.74269333745956,0.24761440468109264,447
109.47912023632945,0.17846761165909072,446
124.26278756671016,0.19599283219599753,517
83.29502658404729,0.21677990911129577,516
30.17903458218897,0.06821488442178374,451
74.38749010268829,0.14154385485466156,450
42.88880754498621,0.09153966620995713,521
110.5137341223945,0.056809669748044744,520
88.48308666488894,0.08817494335445644,455
113.38019143752469,0.20727060578390544,454
36.336286421796835,0.2398914409183037,525
26.75017855536653,0.09642453553002223,524
89.734379502797,0.2619739500103828,459
38.82059463460218,0.2507103541326231,458
41.649546983272145,0.08229984149676624,529
99.82056322094392,0.14989721365752,528
119.83208116108854,0.1171319787973483,463
49.18926377752959,0.10544307680449796,462
62.74819771463053,0.10581088153218186,533
89.59828082271667,0.12640212712346566,532
54.081901926782564,0.2411889290396154,467
74.83517828911803,0.25044732169619305,466
109.07128702906773,0.10453747540728633,536
103.19761194049693,0.11251192794672567,537
121.43032286817014,0.241080187724114,471
64.93015044548187,0.13589962857824014,470
36.34210657828859,0.09297246114736418,540
124.4778597453772,0.14683983531408795,541
115.15366787770232,0.17930403492312466,475
120.85501228373188,0.03366067660649298,474
92.94925013876673,0.062745344870164,545
61.206411795290904,0.19240901683767334,544
82.03731039471316,0.035072543639624,479
115.65108579236485,0.05063470377426909,478
106.17778723408962,0.05472951020658932,549
117.34745914918857,0.058858436211091984,548
107.06114121248831,0.04771446559153097,483
35.42966052388438,0.2190685291045326,482
99.55111956104061,0.15984514536275113,553
76.18558682963962,0.1440101462427844,552
106.50892625046666,0.2037400013545,487
106.73250449487696,0.19179417725158282,486
82.30238683172978,0.128136599032697,557
28.160472533617487,0.10942046157498836,556
103.75352824950924,0.08926902525375358,491
57.016436938488425,0.08919494809892413,490
116.44395944255047,0.098439953892282,561
71.50926564854083,0.2377369057083617,560
114.55559608408353,0.16199339919970535,495
35.85268597372112,0.05862287979519812,494
52.92214285171999,0.27983688254748895,565
121.69513962472513,0.017743733933948885,564
42.7807908489191,0.19737725662805497,499
119.22161298097376,0.1400568317191153,498
36.80300176095243,0.1614574923277713,569
52.39156287442911,0.10682608447061548,568
124.33971207046099,0.07959680066357426,503
63.17090024455469,0.19684411180956274,502
85.15588513311232,0.17193511099989017,573
71.22784537895272,0.21362614900338053,572
124.10708938244791,0.06317351538362513,507
123.81640809701284,0.2102927510696968,506
67.37933768817197,0.1292921343815401,577
42.949038655298246,0.07474072924735232,576
43.10213087264269,0.05123643403816594,511
37.71111472217421,0.18052142828220166,510
30.19533405803979,0.13930725489913684,581
81.1654155127916,0.08170919432498101,580
60.24855644515051,0.095907426620253,515
45.011051019670276,0.11105960506947782,514
47.70212863359144,0.16665391726838,585
99.0598756131422,0.10198101743624871,584
35.142993538722145,0.06112573172538727,519
25.747500160417893,0.15585587578904367,518
64.43038150761839,0.16639973239832576,589
70.1568129737335,0.10753638484294635,588
88.77622076785639,0.19402152874843465,523
117.47101711644528,0.11927278186492192,522
92.78912618999394,0.14548657552568445,593
32.252991129664835,0.15497021513766104,592
54.69054846351192,0.10757501325165045,527
55.932164196941244,0.07985340377870301,526
87.05858151916001,0.18002128753860314,597
40.526836493891004,0.1452476301126321,596
69.43923436775755,0.20101147696367794,531
56.39316304111304,0.07551213945824944,530
56.32731389037414,0.23980499184308784,601
88.68997150054764,0.21985895731902466,600
94.54488479274384,0.09615615726389462,535
87.0870511583278,0.016773080229575722,534
29.28574800624024,0.22121326488146165,605
112.59674587360355,0.16293162737604616,604
119.76828441350676,0.15222888166344106,538
87.93226747139974,0.15956252755695924,539
71.51716192279952,0.1287991397878581,609
92.83313940858623,0.13051995704176286,608
28.40961957682846,0.12566466319783084,542
105.86893312890979,0.2249052217562693,543
85.02411415473134,0.13778724747829582,613
102.86108474940396,0.22165643927316753,612
46.91410809767096,0.08985745362361375,546
119.63551335135205,0.13401252386462398,547
91.78418064401575,0.16204197629945685,617
57.27024431205987,0.12862256868377628,616
71.21226066245447,0.05190547292920429,550
28.602085074314232,0.20678724690688677,551
111.85635087959253,0.13244928812899848,621
102.08734574927783,0.1737348090655818,620
75.64358749542959,0.19947908568989628,554
80.60390731707835,0.24731128330429147,555
111.84742584992587,0.11047395866024455,625
58.15769707259166,0.14478203621139565,624
104.68622732820305,0.08649469626107875,558
54.976726382717985,0.06241334020671333,559
31.721386024615363,0.1484801103518756,629
58.72828119027527,0.21297648763704152,628
25.532413359303774,0.21632664799503298,562
31.290084545351647,0.04883551136588915,563
56.44847379830161,0.11620062760405102,633
96.1281363619179,0.08201697146472316,632
88.17111704463568,0.17280047123911335,566
85.20455292021273,0.06222714303579396,567
31.058549868639684,0.08917347790945154,637
29.98395152703347,0.07604027959444133,636
26.963747109010484,0.1624073826903161,570
76.81880699453194,0.17365943315286267,571
49.375523383217434,0.049910143631573395,641
106.4625623790421,0.10505905092621658,640
62.01861622347153,0.3286851161451102,574
34.640894828291245,0.12060871158565037,575
98.07533073652836,0.16914984833299238,645
45.92878807981823,0.15228698434179658,644
94.2061156760736,0.08751199626204,578
73.49877372263461,0.08730621548774684,579
117.91139303384536,0.17360835458371685,648
61.03143979312398,0.12041791578033836,649
65.72569792713014,0.02166830272466979,582
46.10504528486146,0.06839840010050537,583
39.63045126085388,0.138396966105408,653
124.74636387074372,0.09001729105522588,652
104.28103057425058,0.20983914423036173,587
30.74060873752856,0.1314252697952629,586
89.97901592114907,0.10481587904314826,657
105.5948660027409,0.1329657171345302,656
119.80590974632712,0.060706121798811574,591
120.85798665841287,0.1202088296340582,590
30.9584632993393,0.19765665589573747,661
30.56101360124427,0.11216970421683684,660
103.16500593416053,0.21162729698395566,595
80.9139929355212,0.07154062928597835,594
64.3272078205921,0.13234882241092802,665
31.72163933358314,0.20759419098881848,664
35.248733787288174,0.07957743019331094,599
86.56060834608019,0.026648115145907644,598
104.28432708466998,0.08238095029039454,669
27.50460588190823,0.08679168643737678,668
93.76867340819001,0.017977890124982274,603
116.83242461574595,0.12612218397834551,602
31.655484515455633,0.008162615661644666,673
99.48611186577959,0.07520676946543126,672
26.21898574455024,0.14841746938876954,607
104.91592384995595,0.13409305075702177,606
98.87058173449496,0.21211329647604776,677
90.47088457541298,0.17835095277683877,676
26.800146117854396,0.2700518714642159,610
106.985251589491,0.15511040155979156,611
105.95051048585452,0.23155861878308726,681
67.71458021531964,0.020956963307232335,680
35.203639487164224,0.23100209029177168,614
94.98203876169113,0.19831035919645468,615
42.53887084051702,0.07325233064182433,685
109.58233381524438,0.14388067480259956,684
55.92525767824994,0.11398270681426437,619
58.40826200303996,0.13498193149591575,618
92.08562911804425,0.14557093994464235,689
99.9571373050032,0.011938383140126317,688
68.54816805556113,0.1966062781534181,623
91.67431457646349,0.09263944232509852,622
33.3958635258106,0.11960835303454283,693
69.38909834699535,0.06730128970499251,692
110.93945729153272,0.07123953969324291,627
64.04969501196456,0.18784309508734134,626
72.57726794117096,0.05836215483809665,697
116.58524706002781,0.217763815148896,696
96.7060166025012,0.12123158080838688,631
56.547512359958645,0.15219595983189882,630
91.72013412077592,0.025297583822213966,701
76.98677395683953,0.14467255156536726,700
33.450123924058076,0.05625259483408244,635
34.694646656221806,0.1275677486927295,634
55.85334470603408,0.04544750165300254,705
75.48919179466144,0.23459585334638594,704
64.9925912018962,0.02982299327803044,639
68.34879353003649,0.11037760708993181,638
69.8683252161866,0.08197114186921398,709
104.59815613135548,0.06978505684626213,708
113.61758452478354,0.10086411349260366,643
86.397804494661,0.14092294980616984,642
100.84157299920476,0.16675786939775356,713
44.49818088239075,0.049136059513034236,712
69.0073812203212,0.12602232085384277,647
109.08757810837409,0.13077963239584273,646
39.077940053630215,0.03807091904780692,717
71.73399954756303,0.0985976462901279,716
29.228520958862813,0.11302929961683006,651
70.05753469505693,0.11873375599230174,650
72.70673613245802,0.10112448155906734,721
86.49883580944382,0.0800639543620493,720
102.27986220670857,0.08750641198370425,655
99.73943339195571,0.019189076014033673,654
114.2266891364735,0.13129750536656598,725
66.21097204031426,0.19636077126564838,724
26.43736830462603,0.0568860310786313,659
80.986391869024,0.15549327854009243,658
89.002930388464,0.19898035731037164,729
110.86210251839115,0.04916698574684927,728
85.72572107190132,0.1142781229973537,663
111.07310683975943,0.09234056145938506,662
54.10022025952621,0.01892856744497523,733
39.69187254717813,0.13404162175827422,732
88.49780415538629,0.06544657026393133,667
73.98392043027017,0.07010267966343525,666
108.5450394252796,0.03668561549984988,737
93.91893550000397,0.18009717794753782,736
42.508152688137926,0.1292465963323911,671
44.7946378627215,0.16040305738304317,670
106.12648680976955,0.09863246843363327,741
45.13984590491474,0.2626998553698091,740
63.08683316333534,0.13863333386626306,675
49.09903689731668,0.10560439412289689,674
99.99157932148131,0.0401664646651939,745
58.64400180844307,0.22102952404204876,744
89.63396821951942,0.020375606027730107,679
97.9701685739573,0.14111382498964922,678
102.40970359348567,0.10922235666516994,749
103.4260726648883,0.06460530177389907,748
89.99833294249099,0.045788442162653965,683
113.62068506624195,0.1693431983058214,682
56.41655636119709,0.056676936718176786,753
120.02775328793443,0.171582153766652,752
63.19623247218142,0.031836682997933824,687
48.64563964661044,0.2021208385334334,686
49.131538359444015,0.14365336666806713,757
105.03894468781561,0.12685458202404729,756
56.08636577246018,0.035789350854939624,691
59.74927056978325,0.1917474806505712,690
84.0432946587186,0.07710478526401678,761
89.3235098289872,0.20230540315248613,760
74.33470433916952,0.17932402719103613,694
103.6269359761462,0.15378768597908077,695
46.27496752239209,0.14424129389736817,764
124.40344907826884,0.08881494732310091,765
42.37503327728939,0.05809726107428226,698
85.78882332451474,0.13414275847442267,699
100.86870233510271,0.04818311262462905,768
95.81463391930555,0.1989194408283278,769
64.27153212342459,0.06182985035238328,702
38.75149742442075,0.241423955013914,703
30.544823984944102,0.06324935589542667,773
35.83378666214038,0.14956362413733357,772
118.04734839399184,0.12922894104682164,706
37.90641838751927,0.010732682085190369,707
57.27826880729281,0.11424175763131697,777
50.73648008604118,0.21766654407820718,776
50.75756259042339,0.07898355116404186,710
55.42010342553909,0.07290849692938459,711
56.277562859219515,0.15425955497482316,781
31.33558082719742,0.07981011013602417,780
86.28681782606668,0.04736221692336284,714
58.61122089301344,0.05238529978208011,715
121.81919793505278,0.24697036881424675,785
56.7133350116081,0.20381934568238158,784
48.65343549114229,0.15152620251536408,718
42.037027244978354,0.0346081874717256,719
38.84704627652281,0.12797112089459337,789
119.61552393081791,0.10575112116817885,788
90.86672138548712,0.04617893877401647,722
115.67409411545306,0.08677026532130296,723
48.09301824014959,0.2984391155403955,793
29.027307522961145,0.14306431443743267,792
120.60559207686671,0.10370389730284849,726
31.393490743103204,0.15485746634671962,727
100.58443523398508,0.11994051242567266,797
81.9726259306857,0.18179521965024215,796
40.92672024860823,0.07923976246036984,730
48.33390258098995,0.20401048115003226,731
83.89093304805493,0.03375412313947398,734
84.92317313547763,0.11355288542325409,735
29.44773585946161,0.015754150122733117,738
114.53437915266801,0.11117064301878453,739
109.26715195398118,0.06052446116101871,742
43.0369263030285,0.02181414772258922,743
101.87415165351717,0.016810349776491217,746
51.29510943447458,0.04457734973916403,747
53.55414502218959,0.05069255822037964,750
39.972241756188076,0.09015961402569357,751
118.01594817790942,0.11978533284368764,754
36.41806234801022,0.21910629625714081,755
89.94981302486586,0.11957296836678687,758
105.98835808666239,0.35057881842381,759
51.28128455551424,0.11860343078656262,762
88.90145930201467,0.15171521977829122,763
37.07262384430204,0.27624426504024696,766
120.12795286083843,0.1256379300963257,767
106.19495566527036,0.04838643002894733,770
47.578940685047485,0.08916531536013525,771
66.13454273314647,0.11926712318469573,774
29.92573998867094,0.09553526524283287,775
37.58764391433091,0.0829603089185787,778
71.94156517581717,0.03914023638949751,779
72.78348219955534,0.14895468682466845,782
109.77675311961197,0.20181470476106914,783
91.29456932282972,0.10387480590053909,786
105.33693356338941,0.06480693961153736,787
77.25569272462141,0.0761318014010033,790
113.13010432261459,0.2262910747184359,791
37.656564391285265,0.16000287825642714,794
77.25246326256851,0.11154831594341552,795
122.0817196528894,0.07388829657029469,798
51.07111461024323,0.11386109268914552,799
