98.55649011944905,0.2950862523214473,2
110.16797544257156,0.08961484945595909,3
81.57858070073169,0.30343113240344266,0
103.35879692009797,0.16452921137622845,1
38.42936326287077,0.17003399796494617,6
30.39882883450007,0.20843203004595862,7
70.7158683659995,0.08307537730585218,4
88.9904561884793,0.11505027473444276,5
50.123747213546935,0.08963443196582037,10
117.41391019164011,0.04818545337342731,11
47.233750873053516,0.07437632002650324,8
123.1142668711329,0.012915670745027627,9
103.30883662988808,0.1956105221068893,14
97.874670279542,0.2028814820397271,15
83.68453221231383,0.06860741356212205,12
73.30802827044741,0.0234322506144067,13
47.29939221659563,0.12421551156403653,18
38.230343201631634,0.06874374806008082,19
38.77304450077324,0.10856492885650365,16
123.3367887483839,0.1619833883878079,17
54.13303384297666,0.1251343012974481,22
31.923924249938818,0.1953971519403522,23
105.34624890345677,0.13650217559560082,20
95.30989840219664,0.13293086638717833,21
118.40920781819435,0.17137866468843024,26
66.73794482051099,0.08462177765485683,27
103.37148919046452,0.18302550225158098,24
53.83245395678775,0.08317778774323192,25
93.36488230810684,0.08572231682511544,30
82.07723348401251,0.055636788513143645,31
63.08656491336946,0.08088256431243288,28
64.50291484648662,0.14410122941161105,29
57.89035257088143,0.0468723786865751,34
43.81319850718482,0.0696358637261072,35
25.83796933884016,0.1727893904292549,32
55.17080749086051,0.09150583808238996,33
109.3002259695932,0.17401438484513457,38
110.20550808169423,0.2864439211824655,39
81.29067731323511,0.11688715772593011,36
55.719379114254785,0.2578506747095776,37
67.8992308527178,0.19468281801538795,42
104.41753914039664,0.28153584892604266,43
96.03493561798993,0.012917950234447459,40
47.152803737495375,0.05886822332485245,41
99.17274591802179,0.032032538993759484,46
30.296758645003507,0.02292860179551209,47
74.22405531857068,0.0782839433897694,44
46.34623925223722,0.12784977712526133,45
116.58823543127905,0.0932714084988942,50
42.490764640745184,0.03428029749330829,51
122.98700881028365,0.10794349043780099,48
106.4287947155648,0.1500209616515284,49
103.32241589879912,0.1735262312717862,54
88.21843331485513,0.20967044144270439,55
62.20423706223175,0.23959631232735093,52
74.42907244207437,0.130419973780121,53
28.390620375791865,0.10499928710302196,58
28.497510985175822,0.1920464576121784,59
54.217313763521105,0.1273142129902047,56
66.14002666897952,0.14658725597072964,57
101.11795555873535,0.25322744869975555,62
87.02290339592813,0.16492507171863238,63
63.48030390023689,0.1728827070124919,60
26.495793976997795,0.09324627057096883,61
123.71171008027936,0.0990317415717575,66
52.038338361946956,0.06008428659065961,67
36.090205641162164,0.17468266753970027,64
88.18366048573691,0.1050447132853821,65
110.87512133533937,0.2425071268132379,70
102.79479262021749,0.09588921513011563,71
57.45719580849442,0.16245330383851153,68
80.63713445309173,0.048466595806026566,69
70.17445549162404,0.20805665849875501,74
54.610351193472496,0.055462330315716436,75
101.21399420231751,0.15285132968260193,72
98.21101502064053,0.15724775658344514,73
36.93619993874121,0.2054238367631046,78
103.61221024219786,0.18928356772761915,79
81.16334156851298,0.07011110154929649,76
30.44242336361703,0.13959480741371147,77
110.52309317688544,0.07699414741633481,82
29.7610591029866,0.24018010568057196,83
77.5746985991745,0.2577403085021814,80
108.35515407149423,0.18770970699861522,81
124.74325410267869,0.09791157963543354,86
113.61086731784602,0.31786788531765103,87
73.16978529232637,0.0918838887939142,84
97.91686847502064,0.1892984909573432,85
124.41597050222583,0.07511102026549023,90
65.87794247085223,0.14004903273492714,91
95.4635972585799,0.1034151479304047,88
29.8394880230468,0.12183717602363818,89
106.20654686568676,0.20463925655964277,94
103.5301819913501,0.12371829879197199,95
120.08907795645185,0.06238844344436047,92
49.515310006925475,0.17137666204036503,93
92.71415825365648,0.061697821396835134,98
80.68320044482962,0.05460307778154036,99
97.19383452453432,0.09662764819545144,96
53.09165016063455,0.02912605532351837,97
97.65697987206636,0.09607489707031737,102
44.622740140681955,0.14584097694093234,103
37.55488819240933,0.0981442787648043,100
63.85543215430655,0.226494645577889,101
116.86331724158941,0.17891749079032315,106
76.86398330576614,0.22813151675040794,107
66.4585118362811,0.2111674844578988,104
45.678522174289085,0.22238230356261857,105
91.6082282918503,0.1453831244540703,110
44.64889682678863,0.13906385527767914,111
72.84582746424763,0.139361365272566,108
120.50806201749289,0.1630349951620731,109
73.56988080564173,0.14447964208984126,114
90.52735343909131,0.14512243156876894,115
38.16940292827418,0.26499382224475543,112
78.45051952912003,0.04870700181403667,113
41.6337939556507,0.23194776739312123,118
65.88399406068783,0.2326147298071534,119
116.27359216419607,0.2252922374205183,116
88.68468395588229,0.09778787299653151,117
27.757000701117086,0.1426589539524082,122
54.44903814664023,0.13527391435341057,123
90.62720367782894,0.07612187908699153,120
55.4702416471858,0.28969550044511133,121
38.782486129713945,0.22017511693299402,126
41.90413139151863,0.3333483356756104,127
120.14609176408413,0.17195381199348794,124
117.68500188566465,0.024674043879927325,125
94.92480741140483,0.16758064214855217,130
44.56564256379491,0.1938472698750361,131
34.968446178396995,0.15373644818197352,128
49.930594404105804,0.22103036823565125,129
96.24186531577931,0.15680832773128903,134
48.76806235757285,0.0283534272855593,135
97.76157275846818,0.07021610815981132,132
124.36857109624776,0.07948097150387146,133
82.6402209029177,0.07112436983985022,138
119.25552421166185,0.26538822352813873,139
122.28496119496543,0.02631689465558758,136
123.9042217319377,0.09498624618255536,137
47.195238412559014,0.11450830540230086,142
47.79854207794469,0.18949797697198115,143
124.84444888036906,0.1216358515448403,140
71.44938567744211,0.13222578897609402,141
103.92462154439701,0.12650969163094217,146
89.35360624161753,0.06542875925673818,147
103.02868413226555,0.2825889077783127,144
43.4953691855539,0.0982502512740483,145
31.16360469370271,0.040907056859059376,150
81.06203198586843,0.15783760285221146,151
123.45216861609669,0.19261337115711738,148
28.091534774186634,0.1372326013515193,149
84.90320720626032,0.1134798656029928,154
56.11886180095037,0.1898407172995817,155
85.36300552655325,0.14764502773122543,152
37.95232250985244,0.045552092523757755,153
42.493091104903314,0.15752183924803176,158
40.57822980938735,0.1488823154530565,159
31.3762754664762,0.10243842622148498,156
74.64566211832681,0.12798330939210992,157
58.43890489516904,0.11292985221884827,162
79.1674584651305,0.09720834961466239,163
47.28302416527418,0.12035131123763831,160
119.18640397397027,0.07765280533621104,161
66.5575924922535,0.05525881085944743,166
68.4225374082728,0.04877294692385343,167
42.19852379897411,0.13773353638111874,164
64.42476087549461,0.01698295840406634,165
122.53898410359959,0.10283637370955374,170
104.82085688927758,0.12332159231773265,171
78.35891683889139,0.09507926310922556,168
95.95688722241015,0.06106261265843038,169
119.20430713737963,0.3466970797394897,174
115.38846527714216,0.21070735597942236,175
26.96733365224313,0.12024828846544332,172
61.42369511383306,0.0712165109298623,173
65.27536722003478,0.08549070026519157,178
26.244585816058564,0.093454221984942,179
33.06974024029621,0.0773970188784454,176
107.5572890048789,0.14921496873563936,177
116.93064663467747,0.11286158234576249,182
104.35667946352204,0.09950816264200242,183
31.762989166958622,0.09070494029405435,180
37.7887712885863,0.20231041148807624,181
101.91455681204252,0.13570309869439984,186
104.73049278158341,0.027061650503347207,187
85.4875446253943,0.20186915428708693,184
84.47960601861035,0.2805420433367114,185
79.54186241628136,0.18874569993000664,190
111.13221666144507,0.13458727348610808,191
45.67580296073268,0.1905013462222457,188
65.99214028081715,0.057743617516145984,189
124.49078411925373,0.048405817698831885,194
32.52290311782849,0.1610939948705058,195
38.02304872920516,0.06443350146064489,192
77.87871252014575,0.16232525016091398,193
76.86759864659783,0.10875679565581808,198
91.68965630588498,0.0949314470059708,199
119.39193644797996,0.036810796818616924,196
44.419958816728396,0.05767570998991624,197
121.58443733151782,0.26454826152738387,202
45.933842543235954,0.1193108040879741,203
51.059139689236275,0.10315499182171622,200
88.0944234625734,0.07798826488411179,201
50.33362660766729,0.05071480349932064,206
49.855660111055855,0.19674703700622298,207
94.78421200929132,0.0493596257132154,204
63.47793569560755,0.14292508276184232,205
93.27195902409191,0.15262612625796063,210
46.56522323464897,0.094060607118003,211
109.08380957157142,0.0971028957563802,208
70.6105135897474,0.101886912998154,209
104.14728913987028,0.18101084814098498,214
121.2492551684779,0.06764193560030368,215
113.77091286469904,0.02750067247650232,212
105.25838025423747,0.07970802244094946,213
30.221751529380292,0.07166465422188002,218
72.37945493094986,0.19776520737952338,219
81.7666316210662,0.14694679713642267,216
97.46979953712655,0.07644571075069245,217
99.08157783265332,0.3228316570582811,222
25.471777167042276,0.18560743294525495,223
47.742775660838376,0.09638997779637375,220
105.26547417865952,0.15892304390173595,221
68.76831017023568,0.1561289625030908,226
103.18301975320382,0.07926488935748655,227
72.02308341079674,0.09613495992519593,224
123.47489837577386,0.1294318604792875,225
123.68926627903532,0.11338535425728745,230
80.8499263120112,0.23164966135593132,231
27.260067306553548,0.25741600160559064,228
39.34026515018654,0.14670884886960442,229
86.82493443007988,0.1255396674168216,234
61.24959419733946,0.24124728132579656,235
55.360254575138086,0.07784934779821649,232
59.47533493017271,0.1701513711016484,233
79.46372588342572,0.1082960217004294,238
61.00544097814863,0.08647869355647397,239
115.66578532190728,0.14445114550237398,236
79.82564896274162,0.11866943840216947,237
62.77040551673254,0.16914324455511226,242
73.02245889165192,0.06593034004151482,243
78.38470352627729,0.1000628770991058,240
64.58256572760425,0.22443284241096229,241
123.0911088422261,0.09662509396348784,246
109.89761618222168,0.08535788832690529,247
83.81988987228074,0.06960003728793987,244
118.12056375610655,0.0551276991819831,245
79.60591359333677,0.11924999398994558,250
112.41556826648849,0.0991672663962704,251
89.83097436502328,0.14209190023944981,248
83.72475921696208,0.17058820568442662,249
34.874958087260744,0.09564076774449691,254
88.52904856640924,0.11416716168012041,255
113.44122551767303,0.0726657245425275,252
55.57677563432317,0.1502597882993513,253
82.0256729137262,0.1511185410776199,258
99.50160466946235,0.06799857626970345,259
66.75097693473317,0.16915772834416318,256
67.46586559204016,0.07797577802185142,257
82.70721615465422,0.2021015337883303,262
120.5504944954098,0.1434295855439016,263
73.65976751533347,0.20492890961485807,260
104.64166270463217,0.10917455830816075,261
89.61717665806465,0.09999784469083141,266
54.34165627945788,0.023364526885939388,267
39.857022182847615,0.36298312995878135,264
52.89114851696655,0.2952508017708434,265
44.63398949858636,0.15136945227235263,270
65.98013091988236,0.15650410231325693,271
72.5843472530967,0.13615624117439526,268
34.86881647812983,0.10074750897082914,269
114.11853545068792,0.10183406992763949,274
75.88977948266842,0.09312101299278541,275
39.514999910986624,0.18063989896052324,272
41.62762310061687,0.1693378386268971,273
81.63529114092341,0.12677455261860635,278
122.0039113231417,0.1011015857185985,279
25.761380163609495,0.16760229373815994,276
83.31880341439461,0.14519371565249486,277
43.07301969000254,0.04216016720305821,282
65.53619438352388,0.17454483152383515,283
30.816557017400058,0.03658685894822996,280
117.80159845784118,0.13796744433499383,281
100.17148297400091,0.282222231411635,286
78.56460804334253,0.031592863961422295,287
28.007592948611602,0.16969761328311952,284
85.9176163846142,0.16541195425500135,285
102.53725572323685,0.13889189503490504,290
100.40457491661658,0.13618994841083268,291
122.41330708630733,0.11810311095037672,288
45.21324203431077,0.1770867493948409,289
80.42020271042847,0.07917177090072708,294
50.07025467123142,0.1577122021136289,295
68.36494962580821,0.1419080426762249,292
110.2880521861641,0.12265493865041954,293
25.979549926751478,0.12851047061383614,298
120.63897654651466,0.04950617547668598,299
39.99851695535867,0.10921908557032885,296
29.180953906135688,0.07819917246463493,297
40.32812938379301,0.06563795310263287,302
45.16641594655226,0.17434768936686662,303
31.127094811902488,0.1613968513476003,300
42.90366341497666,0.11604208681560935,301
78.54225274712805,0.1985614421158061,306
77.94751153197987,0.10095202356765849,307
122.87716347116567,0.09164091269901165,304
28.017114179701487,0.10989845163600567,305
124.52013322607492,0.10367663737983604,310
99.70180823923724,0.18152359925288533,311
122.13948456154186,0.29335990643091975,308
86.39753069473551,0.09622857374734287,309
60.56129075107104,0.19204276356859376,314
62.980551906808756,0.17555252780515518,315
102.56501346501521,0.05593846314591157,312
61.777608341314505,0.09847524476623133,313
102.57550641963978,0.07036685774563936,318
32.64049745989195,0.15268956366145364,319
70.0186371253117,0.20287454780398617,316
29.134663074564806,0.15530305626650123,317
66.75251104912815,0.11983877017155982,322
35.04892767109088,0.15697721226824848,323
117.97876087113754,0.06105130641146678,320
124.02939786588848,0.10682594571086415,321
86.2239434069802,0.12087066646333802,326
39.39992407762834,0.2295589936981398,327
41.30657004022792,0.12087706381860518,324
60.64950272015627,0.3106489743526802,325
87.54799918194423,0.05576993629490937,330
122.17595360833816,0.07613668923826072,331
92.0873402731688,0.1687819436064077,328
44.896714788542965,0.17736319413962498,329
27.74500032728362,0.08739255207744305,334
51.40914905227617,0.18783752110554783,332
102.76515285241594,0.22217374946306245,335
61.22842265596255,0.13209141381677889,333
119.92578245782546,0.03111725243713187,336
63.10435145703589,0.10422746668628252,338
75.12449344367673,0.062123730728327935,339
45.2039928920543,0.1277050243381665,337
58.129554599334746,0.11328616212312831,340
68.89135732754922,0.23157885475440865,342
72.1341037322058,0.06361466694675887,343
72.71948731693044,0.02353154882469388,341
98.16069580186789,0.05816339566174387,344
41.41193782754677,0.1601204066470748,346
48.04111145870195,0.11193426785505299,347
69.34922537691503,0.11044090340926488,345
39.42956232475934,0.026087483820582943,348
103.57435918168744,0.15417562868908902,350
124.36189659617924,0.13869765989252625,351
51.40626867440115,0.07609642171623957,349
37.33907963694554,0.08497226605745228,352
80.08826598191165,0.10573032314758253,354
117.7174758711811,0.05049322813930773,355
120.69376428691501,0.15119191249264452,353
46.271879314079555,0.05425556568655594,356
118.49286297618173,0.026098880883675415,358
64.52098324410733,0.0977110848236285,359
114.74388051154615,0.12238035762469016,357
80.38014842337523,0.048770526588812264,360
35.86800607148335,0.12442332960185808,362
64.7941385982924,0.057212418213802796,363
65.94255377379827,0.08552929755313571,361
103.75619791258045,0.050807384607191135,364
85.43094950591312,0.12306673409385155,366
51.290838466909335,0.19608226383243554,367
73.07638185420615,0.12171586266455821,365
121.94515715510782,0.06276842049883241,368
32.85061757594313,0.09673753915010527,370
65.05102091919895,0.05200829505035995,371
53.40855399280756,0.11114585850460137,369
107.16552419314344,0.02712289213984654,372
29.171908009282788,0.07475374579123334,374
40.85768693907288,0.1820299813861135,375
68.91281760184293,0.10759123843768459,373
98.00493023207548,0.023890093349627505,376
48.1294420682279,0.0747649426520393,378
82.23468303389453,0.18466457271616152,379
108.56346876097429,0.08580503023129123,377
61.28223731742306,0.09451421018255719,380
100.28933573303127,0.18545748305781698,382
96.93219453435326,0.047499006620939685,383
98.31106219847854,0.02904816384803365,381
101.89207952558186,0.04609749585361243,384
45.85701049305578,0.15747863181032204,386
60.37378552084066,0.23335482736089996,387
35.957457267506385,0.007607197246752941,385
64.06993002985098,0.17659851124378365,388
65.35103602862978,0.09846128306111193,390
40.43806923700926,0.057419589216649115,391
88.89954060913007,0.08669274141392212,389
35.53848878667873,0.10600985265233889,392
32.85053005785584,0.1741778388787555,394
84.41731561850366,0.18476916872041904,395
107.65059795401207,0.24766414067028003,393
86.46748911637005,0.10940116104520903,396
123.50393922738293,0.09520209411098117,398
110.96576537002935,0.13828805019549453,399
76.88581530462241,0.10066329155864587,397
114.73237112666756,0.1622248441736847,400
42.70536593709863,0.08897610642924146,402
83.43405396699796,0.23657044545554193,403
119.50912120789752,0.006326506838727378,401
39.06086780438911,0.20709163908379333,404
51.67938488132252,0.1344325342366262,406
80.97278963655852,0.12933455789319445,407
118.64351011266334,0.11492807782654445,405
97.20640014606433,0.10592602289075999,408
83.6039989915725,0.10056411968542141,410
93.704220348,0.165934930451464,411
121.49172143257455,0.0387009570742534,409
76.28330673056706,0.20132160959460782,412
118.27477080248318,0.11022432078080246,414
54.879547922814425,0.12309032058052323,415
85.2813233076929,0.1489194356490153,413
123.37646084139891,0.1365305828882511,416
80.75339297017118,0.040997146989066764,418
113.53312440224066,0.09794209006244214,419
115.64370475070668,0.17878548711489395,417
65.6990370973935,0.22869122806668396,420
54.9647695471974,0.19989442565749738,422
57.01678243778221,0.1600218538416262,423
61.921742783967396,0.13384738474930255,421
119.78233112944216,0.16642466887925148,424
57.1493283054068,0.11635349037358299,426
70.26352804273313,0.17991501386583578,427
45.14426962275526,0.11171874394267818,425
113.81728953749308,0.09637064514064864,428
86.84740698029601,0.026821579327294898,430
71.80334662551144,0.06275866740804778,431
31.58520190035048,0.15828951414910877,429
121.99413279317633,0.12758522178516443,432
84.62193525802459,0.20479546178185798,434
69.70462099831279,0.08389887884836518,435
88.14738635708856,0.19612151070669237,433
105.21720104234504,0.11144691805548541,436
90.1878777971933,0.1539946203919279,438
89.65869372876458,0.12710243673765,439
99.77299707939412,0.19247196635136096,437
48.45050387967169,0.1070145920782623,440
93.43001225552206,0.11153821045547488,442
63.08257284003359,0.098173822908842,443
79.20949527217468,0.0588496521889615,441
31.74253785454274,0.05720466423904763,444
60.935260168293304,0.17814937562678623,446
91.21123488694698,0.1225067827835304,447
91.35389497327886,0.17009974475140555,445
64.70872778827857,0.10129104275814811,448
39.94680905362269,0.08919515657817588,450
54.04612681592358,0.022477181606645923,451
26.690389006712046,0.04910345595663121,449
33.51860186174757,0.21762618557415447,452
108.25037501653063,0.0035255574292127573,454
80.30731425181368,0.08271207471271425,455
88.43938450098796,0.04564653277944795,453
62.145518371674946,0.016265936943547523,456
111.32089773571246,0.17251909167526358,458
34.90120977750897,0.10044064399399462,459
107.14382409188836,0.2773628644318562,457
117.44070803772404,0.20477161554146922,460
61.68888516001609,0.13287329952809868,462
76.0059478853997,0.10053680246711923,463
89.62376844596433,0.1737154132503841,461
112.74870913609702,0.10896434878930761,464
104.02618634844735,0.0625955460902684,466
30.840348512881743,0.11865909733485103,467
44.45661121062649,0.10995971850579694,465
100.20028090427049,0.045658756540776155,468
115.17932141967432,0.17163444557160643,470
64.71795126389283,0.10269214720807518,471
73.82476245686416,0.10720421195569202,469
78.28675427051424,0.038425990226005555,472
25.53812741780883,0.1358896221648323,474
88.64321807873364,0.06293679808062612,475
35.10702120883732,0.052316148454365524,473
94.53270155170985,0.2054413268894868,476
56.14384669615434,0.11430953928926556,478
65.7349074947964,0.09994885616018467,479
44.68091874766843,0.11318319700436155,477
52.98271981170771,0.06673333858195701,480
93.63021735503168,0.21253333446961237,482
102.32488342645053,0.15546791571120977,483
64.98077945939286,0.06424099109333446,481
66.79017277408039,0.16870022960498,484
73.5177101534268,0.11453296938768226,486
39.19567260697128,0.030633359651345306,487
32.407607911533354,0.20072094428088072,485
76.62208003665378,0.03878903459978256,488
56.98681438453597,0.08938680447602482,490
124.448534867066,0.15213455699237688,491
37.77093854489083,0.11940835970541226,489
88.96716932751673,0.16440178143256579,492
34.47047447563263,0.08659471533799507,494
50.370642678445755,0.0960322935423269,495
32.271332844828116,0.18565021564809478,493
98.53837033171581,0.1454455593497088,496
51.67557873878633,0.1537256626105242,498
55.09828935404174,0.07259756415468552,499
25.172517556059304,0.08268350826285736,497
39.15560713535844,0.13677597305683006,500
117.35450027385428,0.28015299692863227,502
39.52607097682671,0.04429552201014081,503
54.77520456551146,0.10046334698989785,501
37.58193792894934,0.27544815171203735,504
62.62016650748895,0.06270308052357988,506
89.38731326225914,0.18811901329265285,507
116.06295244449683,0.09862709009862507,505
65.84858631798303,0.1372982075953015,508
58.59276894694465,0.05300510451669337,510
52.61522995531094,0.11263898449637078,511
121.20569134372285,0.126798675156005,509
82.7927964232181,0.13237027421504047,512
92.5185519289647,0.11371839486515255,514
92.80981056246432,0.1648000303195852,515
27.958361272450126,0.07483327190765741,513
79.48703166230337,0.22824086986539888,516
59.272258562629844,0.27774577277076223,518
65.07039580616109,0.12854565600445123,519
40.024252936063355,0.13826279585139842,517
119.64394420514478,0.3629007421784883,520
73.83229428292137,0.11489619054573855,522
43.283696274252705,0.08016355428411215,523
97.17847935263873,0.2716837500509539,521
107.77122955545376,0.11995264031115122,524
70.3896938650013,0.0989382014471659,526
81.36338989178178,0.14160424967444576,527
65.39201269630934,0.1949042726700148,525
34.58762628286384,0.036109217762801404,528
91.10068962310898,0.12434968163212796,530
68.8108510787296,0.12975543115142182,531
39.99032194350325,0.05906562742062108,529
115.77396554862625,0.13966655840755535,532
96.88119315460622,0.19897878274280847,534
117.35137440614439,0.16960156002246554,535
103.86940261324547,0.15853917992240324,533
105.73179094230993,0.20296743841522136,536
47.630826854348356,0.017564659693868057,538
107.386080188185,0.13928107186774374,539
122.30968252663412,0.1831682335749402,537
97.80918886578729,0.12413629680581269,540
79.50659587373525,0.030070008593371052,542
44.911039293677575,0.0701067035573598,543
42.55307156843638,0.16095991554972122,541
43.717221563621706,0.1598020909003411,544
107.69821067398925,0.06868977309301023,546
35.18841457480355,0.05429335599865451,547
119.16972815671429,0.034963253873669,545
123.45134028636431,0.03531555933446834,548
86.74824824186145,0.09414805242670335,550
114.95790643177318,0.07913583073517583,551
38.542461897179514,0.09972090515304631,549
65.55012932320238,0.12572634649942413,552
114.18912920610563,0.09636653172289761,554
35.81838714394902,0.19173667186752508,555
52.930208122194784,0.009139325181923204,553
108.30276567813196,0.05758910402239823,556
53.20145925037365,0.023499383366656124,558
108.65557494603581,0.043793048874736056,559
92.37984484132654,0.04748802804314385,557
29.64830134576203,0.07878978368211317,560
60.78033550873781,0.09642064541868361,562
117.72222060716513,0.08403140292326375,563
39.78460583997065,0.08369725732684435,561
35.30940178695374,0.23308391936784775,564
101.55503277561809,0.03317436966795962,566
123.0661281999124,0.07491691156509177,567
73.45055292799069,0.16116757269503387,565
70.79209882818323,0.06988697494587458,568
56.934052253064216,0.11091035805346726,570
69.47871449969543,0.2524726040876424,571
118.86265106753471,0.2084167328785204,569
106.5625685946136,0.16927771401193725,572
111.5720075044536,0.11981649630519474,574
117.43419544606357,0.24272503374420695,575
102.4557920259532,0.25632745088249637,573
54.60118161669063,0.05738147565965131,576
38.61650837969495,0.07823819239516545,578
70.1583353892277,0.12002627037086916,579
102.16504360981558,0.21782648930044793,577
124.76247668660902,0.1405134496013851,580
89.63078632463667,0.026966629082838874,582
32.78569262520037,0.0488918724232006,583
42.1632340902619,0.005221351690389102,581
54.744124997579775,0.17172030191049756,584
83.3899977667007,0.03396907017571137,586
31.457660481788174,0.07154327405756739,587
58.0712811242938,0.11792723105240842,585
65.31781818308843,0.19929274509079412,588
61.820504615504014,0.11037664279147881,590
80.25119365954038,0.08609615539786006,591
72.70463772455875,0.06958197643621135,589
57.108283523727565,0.08782905694268128,592
100.67819439731728,0.07395490687452964,594
33.91229567414031,0.010245573259291547,595
117.54510480788458,0.22641870746777037,593
80.30070450669467,0.09335593710473297,596
105.11855541545555,0.2187832246719955,598
71.92011809903576,0.1767179166028492,599
28.752213649170965,0.10108964872916573,597
79.15275626629615,0.0734342552609109,600
62.629682977540526,0.15641133565173929,602
56.78855868557508,0.10641882229091726,603
92.20018023247174,0.13035897505033256,601
95.71873537800045,0.07406839927542062,604
85.86402211847052,0.08970732531361066,606
61.91881293076066,0.17128714685086777,607
79.99315927253672,0.17931632817444856,605
59.06273286690901,0.16433625988206113,608
41.4526179033267,0.08201582048353898,610
68.3502286693201,0.10954491074621933,611
77.09409646510568,0.1512346731097445,609
123.35011033534643,0.0714528528594334,612
57.33393883209421,0.18258424622103248,614
95.07297410402904,0.070496833906055,615
117.58144113514395,0.3330025784847346,613
65.89060000780952,0.16664073621579148,616
30.96959830281023,0.08730610155102515,618
114.55241088935652,0.2150843058723207,619
44.4648408258945,0.191768023850046,617
60.10232714503173,0.05513815624047985,620
71.19222625457576,0.1576649154444523,622
104.6453084030703,0.0994527854067756,623
38.007924106863335,0.018538877220409946,621
100.61426887121691,0.13666898504639644,624
110.73536316557366,0.05037279543139853,626
40.66092382452712,0.2108371226668568,627
89.59554205438522,0.04885394397668398,625
36.49360241525602,0.06968749596131411,628
110.05093227563613,0.10888515216678088,630
67.34718142019335,0.07191949647384373,631
68.98616441172517,0.034724252135760046,629
35.63484128568353,0.24709598896741458,632
96.49097597957213,0.034208252677814695,634
107.64555406797133,0.09961289091879422,635
79.53510941942123,0.04758259261209977,633
108.63273188826368,0.16308600302497475,636
54.634252473673385,0.19321900263166258,638
93.3920614323676,0.16798449194980447,639
107.40218157686493,0.03982225842035539,637
79.3437841922733,0.2180758571645751,640
42.89421246008397,0.10556498436783988,642
29.12186236128033,0.205779154794411,643
91.10540011244107,0.06331051044284046,641
75.15565111029417,0.1898338937994426,644
110.07200281639624,0.05792097666416212,646
34.57856828492463,0.02755902598083869,647
92.78123185770836,0.11760154507240946,645
77.34724580439699,0.24500251492880187,648
110.85775061394719,0.0368851477585913,650
86.43202145484025,0.17272334489888547,651
60.85767666613759,0.24016796013051045,649
55.87340836017613,0.27104582752142087,652
85.15834318362572,0.09596975314976414,654
85.78794605508428,0.09382942383630342,655
65.51992045172045,0.02400063961826292,653
58.985633238595426,0.1070646337082045,656
35.49696406401558,0.06032967660371091,658
52.751784104605846,0.20027509436095012,659
64.09491297437211,0.2349474783766637,657
92.83530778846564,0.08274987691710639,660
103.59000744184587,0.13479823151764136,662
124.11498156021966,0.25255344888829045,663
78.00761996640787,0.20998334583184206,661
94.81996357789968,0.11843069822289548,664
93.07612666838997,0.1235986234595818,666
84.27891006750207,0.19138378692800037,667
113.41055524832716,0.0029708379815431233,665
95.45627399173388,0.08114148751408695,668
34.19286123220093,0.194907473942364,670
42.08360436073322,0.08769335810350547,671
53.81632362179166,0.15811076632390464,669
46.69357641874483,0.18026034951708245,672
87.59732199953426,0.1627151377410574,674
33.462362528936886,0.1240469049167125,675
60.58515327993285,0.17257539204519903,673
122.01790766130352,0.10531191405715318,676
45.49210119108397,0.13641528887417761,678
86.8898165197771,0.10865924261509602,679
65.75191401582859,0.10764368313159994,677
72.26432442592085,0.28782688448900057,680
31.762681672998927,0.02645830847904873,682
57.104319064937236,0.14072389175202138,681
63.41970905125996,0.22299255626393144,683
38.53011132268473,0.15687887747887752,684
49.38519951704077,0.2524050464010782,686
120.72130732948327,0.11074534396979913,685
113.57322524971799,0.19916348498341838,687
32.69749128621704,0.053677932120360254,688
94.56976364884059,0.20662122967479638,690
90.65941959539128,0.18810298165539235,689
64.06084930070249,0.044671043211895994,691
57.385062304949116,0.023061908319378863,692
77.93113693592032,0.11465204354366854,694
91.14762036398048,0.34681493865223445,693
75.79495488663427,0.17467882282242386,695
106.02750759287454,0.04077328645653444,696
104.60078723840309,0.12173353132862115,698
73.18954191728082,0.22378278801344714,697
75.61520826304522,0.3073111996524573,699
63.054393606461744,0.09859400802128838,700
78.52806665276145,0.05558179176708377,702
36.89210097244301,0.21042462862662892,701
26.98035082729473,0.06691162550672937,703
62.65037422816149,0.028059680755876268,704
46.54220071860955,0.100560893997738,706
107.43953366621054,0.11482367574535966,705
93.18092265871014,0.035085333915485684,707
85.3970056785216,0.11498615437495008,708
85.00977234900708,0.08935129823110564,710
62.86075784724198,0.08553561977505714,709
89.18433300089963,0.1985375836678568,711
43.55942177270791,0.11921741935460589,712
68.90664808683476,0.22261747027159703,714
51.032891236211455,0.06791495855221395,713
69.75550855109894,0.25797580141158943,715
71.1301644482767,0.12892241122074685,716
65.82785722485744,0.09639747575677333,718
78.53564954028235,0.07619948545331086,717
68.60966039466781,0.231419002991456,719
101.25395724655716,0.3058333226958456,720
46.99269682887895,0.045476071650009664,722
83.51315093320716,0.09747272224444427,721
121.06603639010487,0.14176187593930079,723
66.37031671981973,0.19018021623138004,724
73.001047162983,0.29947385058005777,726
113.38678479376543,0.12511159262841712,725
104.88963174766106,0.1561034557923459,727
49.36552084917726,0.17769389564621937,728
72.46401486280587,0.136360796518308,730
115.30449654127548,0.19813796724822552,729
71.38868126081601,0.20017592253484617,731
110.39240366900502,0.06210633038314439,732
32.291334571232426,0.056676000294390995,734
90.79538225573775,0.058309765713376385,733
65.37028479399405,0.18087419882721123,735
42.37213611400183,0.04600082635130227,736
115.08421376473096,0.18191519587720825,738
105.76518078262748,0.10702215950694441,737
69.89221987119836,0.0760625004583742,739
27.21327341271824,0.10422969229401341,740
97.36612292799109,0.04025800806266566,742
109.69032729718047,0.03622359890447515,741
97.0563077097385,0.20117728799624596,743
96.95728791066564,0.015515798590063785,744
96.44013215264198,0.19718104776798018,746
50.24047856651045,0.0328287717471124,745
97.75650311825575,0.0569392043790269,747
100.56173709173318,0.03557808101917813,748
57.01359100475929,0.20141434303798111,750
93.14283543319947,0.07494642298778403,749
123.87802282199621,0.205887876725268,751
114.1892080744923,0.04356864489710532,752
74.92630993256597,0.22620991784464875,754
32.18510399731706,0.11458285478567043,753
87.02490726864661,0.0782369197440729,755
109.7959408040401,0.16484666470231218,756
98.87689897432844,0.10583823177838414,758
118.41431903298869,0.18662659995793218,757
70.4862254136143,0.11726384618623004,759
99.0467371132712,0.053406738160029936,760
117.06452213687616,0.1023606306418766,761
82.36022015395963,0.10040014057476686,762
55.729613799212245,0.09646164295369077,763
119.9483479613378,0.09361285186756006,764
26.559007370123243,0.016325465947445866,765
67.70436925549598,0.16128550186508903,766
123.73305874275748,0.04800300809372915,767
112.6951126593577,0.2185505784546806,768
75.4790713791799,0.09414268583031682,769
67.80695982902101,0.21967416640532456,770
30.417212897571655,0.10107045917410257,771
66.80680063536614,0.15363112664945758,772
119.94270149406478,0.06923442830411346,773
70.86444383618925,0.11732348457653252,774
79.11604454834809,0.055431801586880936,775
69.14433208993817,0.06479946739050436,776
76.44756021076594,0.2850293341950051,777
94.24227824740063,0.24479015707517593,778
51.12240832425101,0.07262988256812057,779
74.82967852303682,0.10423283287347718,780
60.78502449215887,0.09523546142941774,781
62.13601183980519,0.1621484181009947,782
92.62404982305257,0.18008984226138644,783
63.08751540253989,0.07751269779070705,784
112.25054712458912,0.07292863025594365,785
123.91854555374707,0.0544744613742604,786
87.0017426509257,0.02953955840851112,787
59.96697674386052,0.0514489377163887,788
33.329587231753486,0.2864534279459485,789
64.1878113142706,0.02055210634599478,790
77.05493983112963,0.05446701647430831,791
105.46773300231781,0.12293809352965679,792
70.57512292514961,0.1982228818249752,793
85.26380362165634,0.13165355653436625,794
57.50449239980071,0.02187629728337073,795
95.59563743061528,0.14745387901863466,796
95.12176800523866,0.30797044833180975,797
80.45156816446718,0.1346153060958787,798
27.525477447836412,0.23040337178408668,799
