95.09401188731307,0.05901759992941374,3
98.51576789269993,0.1076178454565459,1
110.47907621475144,0.09779939102703951,0
87.60321391121282,0.04412950686526542,2
34.04109601355021,0.10185841585432383,7
115.62064620545765,0.03575651264928357,5
86.6704111200099,0.16936563982654387,4
102.48598983326586,0.10229002201969616,6
79.8648839769001,0.11516071701076679,11
68.55698895591442,0.1308444072204082,9
36.430299388551546,0.15965149001341852,8
67.25902588911207,0.20667589196533848,10
88.20376249019603,0.21445358162508482,15
82.13454841129116,0.07922911611413004,13
30.016030074208743,0.27836950452214787,12
118.64915096283598,0.18285673050746953,14
44.16641464399904,0.09545663850153091,19
105.17052260190404,0.15533587290704287,17
61.28716391657487,0.17600076590703578,16
72.23257781578573,0.09984515543824377,18
120.06074136344137,0.09789115156344856,23
48.93647617489131,0.23302620289122278,21
56.270024674142164,0.09247148653804593,20
45.57721018646957,0.1229609501971487,22
117.22630411520363,0.04785739586677727,27
110.48979478667268,0.15828955679700552,25
71.11314639472555,0.06345430843096048,24
88.98072214571353,0.17614314408815704,26
122.4383836444841,0.10241978946675877,31
34.18798306568054,0.10859664556960709,29
99.92878945454152,0.1478288871411668,28
74.04672915533496,0.05285073955435691,30
30.190068416470695,0.04177108986786319,35
121.56500460573055,0.08885015769098076,33
123.87667339651911,0.11100476263744921,32
94.84393581474406,0.06891699015417074,34
59.687599704564775,0.036662075312451754,39
58.3121665100072,0.09286987214426197,37
51.22856134780368,0.14518352164885748,36
38.56479978081757,0.056347188618662336,38
67.6348327583462,0.04905753946053501,43
30.967465018252383,0.10859118490545683,41
104.23200684337775,0.10491490887495335,40
91.07384476985155,0.1423396020632718,42
58.496910203067344,0.14003389864891697,47
105.80368029547378,0.22325103484548037,45
37.452364708417576,0.12877004591160268,44
91.57149074457729,0.11456983145923522,46
58.49619808560033,0.16160162809361486,51
66.07056570770509,0.16609232987177447,49
68.83808645775827,0.28498903437079054,48
36.11388611130687,0.13907704141357374,50
59.54515880016156,0.13303825448175804,55
120.96317540073194,0.08098427908455545,53
39.406824416682596,0.18552172494595387,52
43.05716525517086,0.09932864967816786,54
46.738002693660164,0.05747695322680162,59
117.39842322900493,0.12183058796292211,57
61.526586221281235,0.03577027571561944,56
76.40846173096193,0.16129187297895345,58
110.22153661526805,0.06227002530340571,63
28.309925309143726,0.18871976586869482,61
51.90642245214568,0.11972646113563568,60
46.36523260792757,0.17627119709977385,62
81.00866041275489,0.07481655123072682,67
48.07522885927672,0.03742727945696262,65
117.94432432042987,0.13332388446038093,64
83.94617790772016,0.18448975150804178,66
85.7076341990724,0.11509438167379027,71
113.34394814738073,0.13223352100007663,69
73.50274358243038,0.20845768525679317,68
48.71128830664229,0.06713516957967573,70
82.65858220438994,0.09096469736109104,75
95.68525838081446,0.1595509714196619,73
103.3143409489711,0.2435643759428107,72
114.3621623710802,0.11959982849265137,74
75.96973960093419,0.15775405385733432,79
93.34613358815866,0.04295997217668544,77
36.27806786911235,0.24528368030958655,76
48.79665337825213,0.11129991585345662,78
63.40067097797345,0.13632477208023472,83
31.849281091147585,0.13646597908916833,81
67.13469044828486,0.19134658858439518,80
52.09040660475243,0.13828632698019286,82
106.23840316437519,0.21233012431630113,87
122.1701855365493,0.16551567797079975,85
62.566218084291606,0.20178073423891335,84
41.84924799445993,0.20316277638942962,86
110.8192917203948,0.20861158125149562,91
37.28694280630227,0.11188068806671525,89
76.08666694238107,0.09674864662465894,88
119.90210901012122,0.1461705808751523,90
106.56631029698255,0.03157777447450141,95
101.04495509317223,0.12166573517493531,93
59.889782256010584,0.14202993438880568,92
55.35954855588105,0.04512436289655136,94
32.54518071730024,0.09261922076568035,99
89.90899669262889,0.14713031636884957,97
37.44264747379656,0.14081639525300982,96
103.8886109522539,0.006986060562004061,98
104.81973018791551,0.071350240664584,103
40.07629576178695,0.062478779090824936,101
49.88649335135777,0.026511432424468892,100
109.11666578102802,0.0895308041802145,102
41.2448010327611,0.26246011199754676,107
105.46431781585135,0.15244006253591758,105
33.82330683813484,0.05633063435402046,104
113.6757867878034,0.06553695150500864,106
85.27465333758622,0.05952394776415049,111
84.31187631602158,0.1206814423909744,109
36.99445785599792,0.027672742185579243,108
35.964511423201984,0.1993585377584986,110
65.51747444886875,0.23232117253018783,115
43.66954874022265,0.1943311012065461,113
25.580555268787563,0.13345355137085033,112
74.34596632406223,0.060341752988184276,114
94.23992974325351,0.13067183941880073,119
49.820323835596966,0.1941020510188333,117
26.982064348808123,0.2138819808607449,116
46.63347922900384,0.2568688464880857,118
108.45446089553316,0.06553212384656612,123
53.61296077043586,0.23198258052334314,121
43.171792857577294,0.15158235426711628,120
119.58160626226977,0.2897354222321436,122
57.45015098874317,0.060828681363828956,127
100.25387362476498,0.21900373407056062,125
32.03724728975318,0.03048852281812431,124
108.79910710440383,0.13857491178940415,126
35.42491323386749,0.051191102879641015,131
106.79437922057231,0.08641204700966565,129
52.63713814218768,0.38067827370118695,128
107.63591731300474,0.06419280270481587,130
36.601650902956365,0.11732099915541763,135
63.40250917383803,0.11080299540013645,133
39.45568646156542,0.09558643956151815,132
101.92689468354727,0.1559670408088772,134
117.52644833276821,0.2586875956427385,139
102.71579431518903,0.18422932715403278,137
44.60333904764009,0.028309151312427935,136
98.48651112940766,0.11335031344750197,138
58.23543435307088,0.23776974655672956,143
78.54060125363412,0.23170302050965527,141
46.62564731123807,0.1897244763579916,140
114.21000116618589,0.1644714130265299,142
92.33260223119792,0.07220528172192106,147
59.026458869643726,0.13371523795394805,145
34.74209074386615,0.10530008706406546,144
79.38760982413505,0.05388713279504151,146
95.0786088339485,0.13033858623346378,151
119.85031962639637,0.19752192260058365,149
51.227520451540364,0.18670847040409122,148
34.931506786259725,0.06754255023070459,150
40.025242259501084,0.126272674818786,155
113.01212222972066,0.14693354796999455,153
61.16090113999677,0.037916654961961366,152
34.122728426932625,0.14871600704234486,154
50.59791665815486,0.1602742155216377,159
87.32200853294046,0.12482944138669283,157
66.51723624434905,0.11767534333262791,156
108.29243492120013,0.22661644492035246,158
37.9840698132999,0.04538084739192431,163
109.641163498991,0.06828970026824192,161
43.065175588072925,0.08638170440801793,160
106.70703525937199,0.16587541210288703,162
116.18270432907322,0.0686969422023104,167
32.102666086863266,0.1829659488492093,165
103.13421102104222,0.0205544710112915,164
48.223955218942436,0.12012994670910898,166
59.744255687569684,0.17565533773505024,171
42.19788653060296,0.027411555138366607,169
41.62803435678647,0.1645855995067432,168
47.6949763037253,0.12969205480031676,170
124.9427203006679,0.029855109110374003,175
77.48224909744935,0.14703528045552872,173
105.00528203511081,0.13521665634084953,172
110.00656372243563,0.17709771041616354,174
51.00255963909096,0.13072289432817494,179
77.21060855571025,0.02677548947528339,177
118.66921394389733,0.07480656860794571,176
73.90526510095269,0.16636320497162776,178
113.63648270482409,0.14349351890866321,183
58.369796731204936,0.17095144591462427,181
35.67412764903184,0.07765732837616376,180
49.97549828814337,0.22546522143164283,182
83.09484597109689,0.08737929941456513,187
113.35170003522347,0.0840711069705527,185
55.21335337507402,0.05146509720871604,184
60.695928321734435,0.23401425033570417,186
108.0103388837762,0.18229234196932026,191
76.26383515532157,0.05133036477146985,189
98.47814052901954,0.07657526880380554,188
78.30924466770767,0.23053075819469926,190
99.18600495060292,0.15655626951307677,195
31.05961911740622,0.17288379116467398,193
41.7767313881601,0.18972576521552822,192
37.339272188797814,0.23832699381340794,194
29.5703788698529,0.17053093419715576,199
91.40984905943641,0.05911235331381373,197
79.22495318950769,0.3068898761880355,196
111.62155531721363,0.13524887051769865,198
70.21727856174812,0.05302413003650456,203
63.40693018857733,0.08073817668859452,201
117.7606045734634,0.13671447516971727,200
123.01819036243388,0.08233753925672019,202
94.76425550839087,0.2840697249286064,207
33.13457852647785,0.09752658282025678,205
109.85552271625264,0.09019546894691739,204
45.38818841171989,0.16054063438563848,206
82.06130782852176,0.14008518747694276,211
105.75339092081255,0.08515866554506925,209
65.46169027700843,0.0829274895232271,208
89.41402543154753,0.24631070413682524,210
109.76949626521831,0.06576196188560778,215
34.47545945067405,0.16133680971910913,213
34.66709774048484,0.06899792918577083,212
42.7135717913158,0.09424606494036081,214
34.07840291690566,0.11535796129829866,219
123.94409836116576,0.07043128772646845,217
40.02437985511716,0.07281683115154583,216
72.92981270792535,0.2951726680472351,218
82.34085038215775,0.12859507317925611,223
55.48290989141069,0.18359461256089926,221
94.46609164737004,0.16397546054292644,220
92.74785711095714,0.07466020592460551,222
92.24930741598482,0.05761339763381545,227
102.00943753578579,0.07868381748094333,225
124.87506399526458,0.1795011969691718,224
121.23267686571744,0.1009036433173805,226
71.11596965956352,0.2021364854926997,231
73.8687177149996,0.08209228416587001,229
124.04478595109228,0.2358290707727243,228
88.1107071319809,0.13956720438492903,230
51.30255070556677,0.14050118279568702,235
31.991684965019438,0.1959452412885248,233
91.80852058609533,0.18236379403830955,232
50.731937967926164,0.06934356371498449,234
80.04954740989439,0.05709114148614776,239
110.46212854630946,0.07602084594797094,237
104.90625853237026,0.09802568347710394,236
64.2025472469989,0.06473631562061187,238
93.84587698658918,0.039170165105623364,243
84.39771672821479,0.1274621577173676,241
78.61840782441433,0.25996776278642997,240
54.51259102120429,0.11406035011577714,242
87.69894225074626,0.1056339661882247,247
103.14822702799418,0.11158111287853895,245
74.44444106701107,0.17162290501743846,244
44.39330137052383,0.08905883291830874,246
63.03880828382298,0.14770144943842553,251
33.315252667821795,0.19389497352520138,249
108.06421728372237,0.024503660901850036,248
118.14061936238414,0.14801583824203993,250
65.2113718431618,0.048663846274110384,255
25.912511852032495,0.05707241083127817,253
94.54440256019771,0.2589723167658365,252
123.22008687667858,0.0855855936545108,254
43.60731749193641,0.03634053211125978,259
82.7049596879406,0.04160357423314948,257
121.43387549312882,0.16744279824958694,256
91.91175047874289,0.12350922483619944,258
120.26574978696962,0.0304334396918087,263
88.44009576341945,0.09481653772435528,261
54.42641549631729,0.11379789043747633,260
115.36452562785841,0.1080692187288897,262
87.66969358319437,0.21874925935120443,267
49.211345583968125,0.19619540533280824,265
38.27637715873094,0.1592391092274212,264
25.017000894907003,0.10054164021307176,266
37.73918114222026,0.3366934796039785,271
77.43235404477525,0.0030456829777346043,269
82.24045207782325,0.2311749130239037,268
50.50346971122474,0.01840002572405803,270
59.99585071975241,0.17810830269398226,275
78.77905361454874,0.12765632369779836,273
39.840369940591636,0.09035737382444457,272
119.45876266711221,0.009827107740780473,274
39.29088791213768,0.10851483353455599,279
81.70740014197054,0.12457007656567261,277
93.38265742729675,0.023486248603742627,276
39.81882082600833,0.1822355915434216,278
114.91725824388914,0.28257865952756295,283
34.430339394712185,0.10395716071400694,281
37.83801413504197,0.14606452447171597,280
34.08955841853103,0.20392952734560188,282
87.28882797321012,0.20417769648264472,287
97.33568203096567,0.20554907908044978,285
47.96074893294991,0.08792029458175349,284
115.09689618044312,0.161416949284247,286
38.47738882886248,0.09516238902121574,291
38.15843797439058,0.06436376149558752,289
25.785220818109288,0.3778161945275534,288
26.3931452129623,0.1839379693335708,290
90.32550395206103,0.043988182200114,295
119.34183493842146,0.17238976889347402,293
50.30335694000978,0.20486514586407578,292
98.27385731492998,0.1482583319355865,294
37.02736844056872,0.22455730574513288,299
70.53936035257709,0.06828916155654981,297
75.72784117965273,0.05247612908300312,296
51.65899471377698,0.10057310879870629,298
96.39233231978773,0.09409983032332829,303
115.76291106129183,0.21850110803733377,301
90.82746925220341,0.14840938195388984,300
92.2706510176925,0.15175268088691163,302
68.99313028554748,0.10704348532642632,307
109.65733215628968,0.01973401086620917,305
66.6675404334419,0.061969864091579785,304
73.28956007795446,0.15299705261675803,306
79.76694755640702,0.17616694479382128,311
113.85690357406173,0.12230332573588812,309
111.60625267961932,0.052835953193242,308
52.89126833748536,0.1819798210337822,310
121.1573941124305,0.11200965423688776,315
25.296176130201907,0.06837529759652798,313
95.25942970999081,0.1590472348950221,312
101.65220314253595,0.13645528989017366,314
51.43409311741314,0.07626452249866084,319
70.5725315267334,0.13324917383840912,317
104.76286248217549,0.03779222459707997,316
47.07037666094706,0.14248630953629557,318
49.68717425912509,0.2790829333686699,321
46.18237721185781,0.07619517187249869,323
95.11822453514633,0.014053131064885475,320
66.04987935395778,0.01984773366375206,322
75.0849134324182,0.16526273020433044,325
40.33934455773496,0.12962648256727619,327
87.11866691416053,0.2074548996854532,324
44.2513807436392,0.06700678452806036,326
55.36164681185648,0.020023475860790667,329
71.11862704743457,0.05603470540449478,331
122.508663122641,0.07072120302076704,328
89.99366730276319,0.28939968494622054,330
112.36327926352165,0.22534540962424732,333
50.91639128259099,0.15517777284951462,335
55.361792272495315,0.08240455944952885,332
74.99673938347945,0.05836732036271341,334
76.7696867705778,0.23088372330239887,337
123.76600654192312,0.1188032332607137,339
73.25894435063287,0.15644316738347042,336
106.88547199839911,0.1275006380480366,338
101.58876885832612,0.034760980369746175,341
62.52741619729129,0.15322472677117993,343
56.578697071939374,0.04743204363334497,340
30.895544980473275,0.12755442220217864,342
74.72246050513868,0.20003206220787562,345
45.488355675061044,0.2379821311617652,347
26.39224709590363,0.19516720071860336,344
79.72987932497571,0.049356944441835734,346
63.53951409287699,0.14994878796710293,349
43.324636288188685,0.028174536770113646,351
106.28063463398756,0.17459320225506839,348
79.89032562863832,0.014979282655597646,350
72.05868901215982,0.029090774598562675,353
105.84443422833479,0.09635207427190118,355
56.15705661613558,0.14637820238539132,352
52.754234073611386,0.12046721760442324,354
108.49300006899205,0.0792749283002277,357
119.9726613448027,0.2808494214077128,359
51.85798083001202,0.035135518892922706,356
85.86803271036653,0.1359481772386706,358
33.53323627918944,0.10252373382401825,361
64.14601250659169,0.08332126160456026,363
86.62990713993263,0.1479912195427289,360
85.69109465611737,0.15202125504977104,365
72.17788353073561,0.10114895178081645,362
32.87337834100897,0.09110069474723732,367
65.2726966254769,0.07620620669747458,364
82.94189223604091,0.06300308680268694,369
90.46809603608224,0.028130516865568035,366
26.78100859228253,0.18012054735325722,368
56.79186875526856,0.17813635937160335,371
43.93753147561379,0.1583336236003593,373
36.96174010677483,0.23609722360708474,370
65.84806306304421,0.12637191197625916,372
82.26408375114067,0.27139917233305294,375
51.67495664378696,0.2024080151265363,374
110.49655910832035,0.20767208397318682,377
85.69002654080714,0.14277702234529652,376
45.68608322611826,0.06988679330996166,379
85.9701763187502,0.038457262616738014,378
48.374688852823766,0.3179827423175984,381
61.111563116260726,0.07342180465219038,380
87.1614137614045,0.24856348761659044,383
116.31973472776144,0.10389889890419318,382
112.100355507604,0.04389101231810152,385
83.61103812133334,0.13283939836159595,384
76.6608590023599,0.18481275676488407,387
33.71389031852338,0.18505953476035875,386
47.85879949691453,0.0973910577839811,389
68.77087205089185,0.08905010758210535,388
104.13508855957419,0.07991300050952341,391
48.692219537699884,0.16791713464306068,390
110.66370896943049,0.23656058165656182,392
31.862091458829145,0.18934007982720763,393
46.73135809766825,0.10739290901447723,395
104.71232025353913,0.07892606133691764,396
98.03578958128499,0.038083569365414044,394
112.6410097123701,0.016445192076692525,397
30.940436221455414,0.11852531096655239,400
69.06376598888747,0.06951961248239714,399
121.50016203159323,0.011441354962887309,398
60.186287347118906,0.13012019726069418,404
120.10974933062437,0.07520626673940534,401
76.51909355961521,0.047833312748306135,403
61.21416505397561,0.2148182985996464,408
99.19967185632433,0.16800316609029184,402
93.08256990348997,0.1271776404017791,405
25.102310986973407,0.11749210748355154,407
34.04794810636128,0.17291555564332567,412
62.62283131500733,0.15002045691853408,406
94.49814804735195,0.1130501796103952,409
83.57852784393444,0.14221866538910874,416
95.76199120348745,0.021337821556222134,410
82.27140683691226,0.19312656772196582,411
116.97528700233562,0.06795299212415527,413
102.92025677400942,0.10936939311222278,420
46.30296900870066,0.19823893483730484,414
93.1024498425489,0.02211622682608558,415
32.49230532729446,0.03145094926043484,417
45.95261302581676,0.14995046943170492,418
45.36827124299765,0.14662552965989592,424
93.62135453016684,0.06789083626952468,419
43.40436451451929,0.13729654975800873,421
40.83940945527716,0.13591721606031487,422
44.40092788258049,0.15785386752805391,428
94.73010466481385,0.10794273567148627,423
96.61751768745243,0.1443649005508407,425
28.8513083425485,0.09773373544101129,426
117.43845770681546,0.0725152318695442,432
109.54127082812293,0.13099028416129216,427
94.3807349275556,0.0762789495345666,429
98.23239281799967,0.02950825860664032,436
74.92699147968969,0.11195136627441026,430
90.02080709427152,0.19309644406356263,431
77.84241298776942,0.06399240478900357,440
105.59988498055264,0.14304170247565168,433
58.32283485400638,0.09234670822595399,434
105.45742892347316,0.053226965238126256,435
100.69811782855504,0.17056082873637946,444
27.121256423959583,0.25460915147206614,438
91.70933385637655,0.06874720827070006,439
42.69123460166902,0.27003434488825423,448
37.9976449049933,0.11818924424392525,437
36.24918114772491,0.07589191335128787,442
42.039942788962406,0.037945573563393016,443
67.7543927744861,0.027162312169965466,452
109.43516151008271,0.15788214292765176,446
30.84158540609858,0.08547850330584283,441
121.25345075322184,0.07896063171442502,447
107.2829290921219,0.17791562495196034,456
87.98592158186281,0.03261784173737717,450
113.01548224769095,0.06889207066711421,445
79.77679552920333,0.13302204348133437,451
113.89068854658285,0.06431839002660798,460
103.65083132801985,0.17080590929909448,449
92.35047005915202,0.12579933996330708,454
73.80342932105835,0.20327861218069582,455
57.508966153181376,0.16007227646771224,464
79.28865249602761,0.2364814395603974,453
38.6559968806218,0.19537064084144748,458
77.33702256755406,0.06054620015218071,459
27.710431111688017,0.19108318521084589,468
121.39493050374374,0.1721927401358474,457
82.38557238348581,0.157545462791279,462
52.53442849670972,0.12892225654480577,463
110.96866387421976,0.09216209704853705,472
121.18186956360802,0.1259789205230737,461
86.1338550188697,0.13589821716188874,466
36.229161813160026,0.15968142512318673,476
98.26008921842933,0.03360334366544911,467
89.99502775164015,0.11992512768386848,470
98.52463876766309,0.056820964098234145,465
91.25973731960894,0.07540097022544566,480
46.69793286288801,0.1546707961781079,471
84.97321204378298,0.13577549391840818,474
110.32204417801256,0.12989415860175368,469
37.02005190896554,0.21650979815208837,475
92.73774234002798,0.19056801629757303,484
28.291455556141276,0.036012675051748766,478
68.49799009195893,0.04706861119498869,473
64.23227776396485,0.0596993418619036,479
119.96961757258114,0.14820398355867856,488
65.36757199142455,0.23182129239081806,482
55.400180037929346,0.2612029744246956,477
73.64203428634387,0.18706332466039,483
68.33948102342006,0.09591908686737234,492
75.29067058589911,0.16046153478657593,486
51.71887880926204,0.09112207509774653,481
60.5971569560674,0.018686949797328847,496
44.9849081034521,0.05737442194814118,487
64.33595664981783,0.21874434871893478,490
87.82922169866524,0.2292630554613088,500
78.60978335293585,0.05431151523779768,485
123.56972875031312,0.22799250099079416,491
104.57666309109818,0.0701718352598536,494
97.11261023940278,0.17818624063569422,504
112.04712536348262,0.04044864080646511,489
41.50224301538452,0.1445947433148187,498
82.30073649121863,0.10392826785839021,495
75.40778577833356,0.11445395288591627,508
62.63734539830654,0.14212888579950264,502
104.78240015882379,0.0546740388654985,493
99.31599187042004,0.24564196852007858,499
103.38607446767028,0.03153426561326572,512
122.50745839396097,0.156153765669718,506
121.12696276721327,0.06912097586197367,503
31.981114369747488,0.1126475141334195,497
97.33049626991374,0.0249786009963419,516
37.89262671697357,0.049918050259103834,510
47.33295682509937,0.25566875316544724,507
100.31534367832138,0.16705102599114285,501
104.86407540656218,0.038653420254291755,520
121.44370439867866,0.06205683194407385,514
121.96229100284623,0.09394287503699654,511
87.82627612192302,0.05544666153670838,505
56.0315118779563,0.055001941147216696,524
33.534215078317345,0.23757485006372459,518
55.107285167293064,0.16740678920588228,515
29.628716210036167,0.16741085024591326,528
29.640460254983026,0.05770790013621444,522
91.48736834129811,0.0740667086005549,509
58.73906379037057,0.16350101709287265,519
97.33885153497968,0.19642841902100225,532
26.812535641526626,0.14413700295118004,526
94.40091860550149,0.0818259557075445,513
43.703333781533146,0.1459469793143607,523
110.0362148651836,0.14382897416471738,536
106.66597990128965,0.018986806257139617,530
95.92540940782149,0.20845047443965378,517
30.05980255404991,0.07648428154242724,527
71.8476469198665,0.06360688251416434,540
109.86126535602746,0.12541007788363617,521
111.43295885570743,0.10324406135676417,534
122.77786924959531,0.1251615189837198,531
71.79166517719959,0.05342095503934718,544
54.50757854926748,0.04680948601398724,525
122.58920272953975,0.22430872726632428,538
35.20795885486551,0.1991375329296605,535
95.69399656009064,0.019205663551184565,529
58.40104945580501,0.06799623259626682,548
67.59352676740241,0.10176798020586804,542
63.05677702981101,0.059248876745723836,539
116.62027508911304,0.13194507525340748,533
103.93691524116447,0.02120159857876626,552
59.269636856483466,0.06520825248878441,546
94.78292628279587,0.1820381120694233,543
62.16601063454207,0.13269585673805592,537
63.12990243531651,0.22017613201148492,550
57.99779296032802,0.09208113365476665,556
41.10781983437535,0.1275179226413202,547
91.07345249383587,0.1266281082836159,541
123.5292521612669,0.1304667410603607,554
86.36621321953368,0.16709237025624216,560
103.93127369971837,0.0744785431916315,551
119.32286040463211,0.1294671176427663,558
70.36969972144169,0.058922819245870506,545
66.53909497609351,0.14928646754703676,564
61.163410817044095,0.07177498246985227,555
75.95240847631104,0.05492858240898536,562
45.21941004302154,0.11356104992484045,549
42.07354808747825,0.22291441917119112,568
116.73171646383881,0.0688598293966226,559
69.86105157198328,0.06938395017284174,566
30.113162094919144,0.15181548125290514,553
94.16855246287707,0.07718875680667582,572
102.47628245505308,0.04234967677193325,563
86.3401595485949,0.2207143351301616,570
71.33644026427797,0.2213068088395953,557
28.086865220597133,0.17566227494156605,576
55.76895436286243,0.25537956270611234,567
97.42357233570078,0.240594901057566,574
102.42155976733292,0.055262737607944125,561
116.34603268308112,0.10772267872473894,580
110.93540911535,0.14929670968747175,578
50.989010866016386,0.0834871184681717,571
97.54479135073504,0.16445662184866405,565
117.35517002517017,0.13088180356380094,582
81.11374468242259,0.15575452749419022,584
90.99285918716873,0.0877431224521084,575
59.804310257997905,0.22595647251474063,569
61.4937988418469,0.02901574319247019,586
57.18339455460646,0.22147110411009008,579
79.60835589565409,0.10309401512754757,588
75.96809670346359,0.061024061339352176,573
27.334886611199927,0.19340273458675022,590
74.23073743983261,0.20497305290427967,583
88.57670954711192,0.16576163137210181,592
97.1385511485652,0.19916312543594666,577
102.85281541812734,0.1155317846724615,594
104.52805100640158,0.141530108180346,587
107.88987431997971,0.07129703666122439,596
38.76171295512273,0.15773630725880627,581
46.104387480919755,0.062468866502039755,598
118.4915350152624,0.18727920317603688,591
47.05862809317336,0.1296230693444977,600
123.30997908019823,0.050027156549449496,585
73.19234327184574,0.08180934825157572,602
100.48131653700541,0.11881467229889238,604
104.70566827719314,0.14387264465310887,595
29.87871470594974,0.12287160875086714,589
37.34144583992099,0.05311744257235873,606
112.10443597615293,0.013367491758503236,608
106.60655314350359,0.2417900761748315,599
98.66367418998601,0.10536956576248738,593
92.5711386180245,0.11538621895444084,612
30.674636708577896,0.027435301701408284,610
108.38719844510318,0.1698335532205583,603
69.7254773624608,0.04238038457618916,597
78.48208184486404,0.1200434407402111,616
76.13504568353045,0.06051802425168151,614
74.84169698006095,0.03887026123955208,607
103.28471247055971,0.22498513934462233,601
91.7176122939609,0.10194239229984899,620
77.46643011584978,0.18066874773901692,618
85.75049438617899,0.05547414913834108,611
110.78056601853632,0.2249822807281175,624
44.23116565261739,0.28387740774158315,605
119.16393381327724,0.11248517873652203,622
57.66481703064249,0.10623171899591462,615
115.67141578108337,0.2885579654061458,628
99.19756148990334,0.08975520102158635,609
106.88426602591812,0.08162477917052077,626
122.73733273150552,0.08212661350566025,619
107.5018748861981,0.1723592726820608,632
124.39701334563058,0.11029517591125877,613
75.11253460336955,0.16589964884916453,630
122.61668798182755,0.07531421090838614,623
90.97919826831466,0.2299665203501219,636
98.12192408111505,0.08142257583766116,617
35.79406010495977,0.08000147206859562,634
45.2939289330244,0.03289955552725276,627
79.42558534308435,0.04626523494467097,640
85.1262677137689,0.1371688285762988,621
86.26536286444954,0.07691093743304132,638
76.06336544873932,0.03192279248578518,631
93.40655293400117,0.21300987173527136,644
86.12434532628222,0.07635163548144018,625
27.92050552344888,0.10196691848965951,642
51.13133843648694,0.08963128115414536,635
122.06299487895375,0.10837810894341299,648
101.03367867980317,0.08746930832470737,629
104.54570248018574,0.15329096229302414,639
54.016503322766766,0.06532478686560038,646
53.55657418356847,0.15805170813240393,652
66.88280403024541,0.15280318209739496,633
121.27155546915793,0.15740767891572083,643
85.34846925190999,0.06943862954364403,650
63.18910909671048,0.19094453203955616,656
124.80194459625932,0.23512704813317675,637
31.64897406887959,0.186041756510363,647
33.44017305243845,0.1182924414079471,654
57.818244712045875,0.11415565921997312,660
89.19920387498267,0.1546298506274243,641
111.69367665852089,0.1417419256063935,651
52.13309404041678,0.08862167409054668,658
66.50355711869753,0.1350801516379241,664
114.28922522946105,0.04116960176700382,645
27.62209481062906,0.042516983544746936,655
103.13552532315096,0.09139648927811797,662
121.65400061561178,0.06297887338053876,668
90.8665044158178,0.10508578452381473,649
76.13961903593733,0.14034006031521623,659
56.191027727743545,0.10280600712441722,666
26.645980763119493,0.16555106321264285,672
34.31157087539031,0.17886911446727052,653
81.89231143221427,0.1333054109633399,670
40.57681539069874,0.10669514905581974,663
116.86177092935004,0.16255509748229358,676
77.47682984825238,0.03456070858020703,674
109.52914865840236,0.08596831955525364,657
118.30107762554114,0.20446793461160195,667
52.338948139250064,0.06775495311963646,680
90.95273901371745,0.26268731831175746,678
72.95014715287147,0.10524926687567387,661
54.04988357880636,0.10323035594370158,671
123.83277060392362,0.13551409160591438,684
100.12360078211282,0.02626388189519457,682
53.12305496349484,0.1545347671767079,665
41.05233612187038,0.1459361390578322,675
101.88670295248268,0.21390737506906193,686
25.516816157645795,0.15232565578342516,688
30.50846844145366,0.11177315802314065,669
95.25677065400453,0.22224161765165232,679
85.74028684298199,0.13346406797798377,690
115.56627166804277,0.12350620763996359,692
100.18645054250854,0.08018257575885639,673
34.52678948326092,0.12185456412962258,683
72.92519275204401,0.3374695884956904,694
46.708714318846965,0.08756437165106373,696
25.677149579452696,0.12542277937595747,677
81.44951093701471,0.08508425334675934,687
107.15279670823635,0.16661254585069007,698
53.437242863868136,0.04649088451399412,700
32.841805666294675,0.17144856316021892,691
111.24948177660762,0.03506544501398823,681
67.13755014649237,0.09049438856651429,702
93.8254611436404,0.19864831073079728,704
98.03939620036749,0.18481491936493705,695
115.72011391963395,0.10827734870739698,685
48.11913171291394,0.25584811557759307,706
107.9991415532787,0.11341561643822183,708
87.29787802277417,0.061186953252131304,699
76.41444977634953,0.03669124914380375,710
79.61164970009757,0.12616319732025943,689
93.41956247394083,0.1555320516568274,712
105.0477265731945,0.16611166184506151,703
74.06007560208164,0.10308895706773609,714
31.304444367547635,0.09314675103664181,716
53.42370253588027,0.23392539764691606,693
49.66754042143508,0.08916277623242219,707
65.07588917802912,0.13844865689928693,718
68.76437713694493,0.1218289757958485,720
60.59907899571312,0.03287400689148236,697
75.52699672582835,0.17607378978018495,711
48.96987654909556,0.2077952246848081,722
67.46591513711523,0.13622441157182863,724
30.62363903719416,0.1767331542741679,715
59.86628074268528,0.26045348882099567,701
110.37402478054719,0.08922492158189105,726
99.8505073698077,0.20489060804820217,728
59.34394028839838,0.10521853193635022,719
59.86642899512557,0.10183261809192537,705
95.42185753986854,0.07044552120607382,730
31.396733840262435,0.10718971935329369,732
105.22304627559447,0.26468994113381855,709
108.23348388542593,0.06992329580838295,723
77.53347657306934,0.20599303765747404,734
122.7726787135668,0.15041703306426113,736
78.94664075585267,0.2160391008352236,713
102.72488945849702,0.18454983311443726,727
69.27697883187949,0.0682290416828114,738
111.09178779405161,0.18580915409776064,740
122.77119580358338,0.09061486995371787,717
81.25216533891324,0.03480569158518716,731
57.8145827969545,0.09725233811518155,742
124.86631225601967,0.24070076643650912,721
119.08093744192828,0.07829030173440486,744
115.11022085658261,0.2501523554077446,735
120.46081381795574,0.16814200804236543,746
105.77290877696508,0.11221391214993802,725
124.94922867517695,0.16386074518702703,748
41.92738274717461,0.14713617219532787,739
61.61943066360085,0.03674716944883601,750
49.9649855212099,0.0426077278374649,752
99.97880448866448,0.12479874572773982,729
26.26579298398788,0.1787174811042074,743
87.88427977816238,0.21647987682965397,754
118.05994007137802,0.13813154840411368,756
70.33000082457895,0.07008042319404462,733
119.95935290748271,0.15529037304398535,747
63.43356229315691,0.06920487877181516,758
30.51684000868937,0.07151025054979898,760
30.686606382781267,0.1146790243662864,737
36.125571628602344,0.06648631673151116,762
45.928700872781846,0.12146204206031733,751
34.95224693283927,0.25851143762283735,764
74.02211683394124,0.24165549511447737,741
98.11123159205766,0.30126164866866334,766
115.49097253877935,0.048014054283455,755
60.70651114132384,0.02546755511426768,768
50.934951259093566,0.13415874853030035,745
102.11975580523782,0.11973909203038097,770
124.87952742535904,0.1718613341304902,759
86.4142851910289,0.055382738904172,772
43.072319346893494,0.19482182744060264,749
103.77477137154436,0.22778469051793115,774
58.81969842396722,0.12135934316856478,776
118.8734591993609,0.10132661877880805,763
108.6548326225891,0.17223319080010688,753
68.05008145417597,0.0917820486373909,778
38.340346768840405,0.08538296377347326,780
59.46924948819936,0.14737960880645862,757
30.274291536011578,0.10069376444176376,767
62.745493186556125,0.0486989040892134,782
82.44607741428277,0.013299855769919048,784
68.94127641651717,0.14618959111941826,761
116.15796056257862,0.11898433525262714,771
90.8938907152928,0.18463303043002405,786
94.68548053840256,0.1798738709846852,788
26.12737322338703,0.01649010633567017,765
108.06546773939407,0.04089082343768469,775
51.3110595585756,0.028605661683149326,790
91.98811395944584,0.07931955493329462,792
48.381820529782146,0.2300790232952108,769
105.7839293847985,0.19231092913624998,779
53.212945718367166,0.20923321022154906,794
120.82052484941586,0.09519103405804241,796
79.3902310506956,0.08874625894998805,773
33.33951007747301,0.05137129953018488,783
57.53105481904315,0.21998750449403306,798
61.61228494465426,0.10682278498661085,777
114.96275484302875,0.15530200340154313,787
64.84749477473139,0.09048687232173916,781
67.32117311263518,0.26486223714149765,791
105.93652244451441,0.18420871281155682,785
61.3798102899472,0.09512060249669524,795
33.11105908920201,0.04430978468242102,789
29.682295219119304,0.0520790050658055,799
110.57741143716446,0.11399655236346491,793
47.22850266160358,0.23997390594729484,797
