1.2038170663680425,0.2713425630613705,3
0.7521145861849496,0.13448591119790562,1
2.3905440160901685,0.09871147276884629,0
2.0668523932236864,0.161318153882768,2
0.6525998279743719,0.16254445512900706,7
0.6235920669366992,0.23111746862842064,5
1.0771017777038492,0.30129650191606416,6
1.4483987718418572,0.0236855879466242,4
1.0395403888306012,0.15189201356223636,11
1.188765537940389,0.11840808664324408,9
0.603972725684583,0.08726578500680177,8
2.2842110124243185,0.032033393383062575,15
1.3989095587388172,0.1781170318753873,10
0.5995563635828773,0.13052556336561497,13
2.042128055829733,0.22252908891448042,12
0.6282329916534208,0.16095455048859386,19
1.0078373799902933,0.12476628082374504,17
2.274898314285184,0.25556251367454114,14
1.1137915525831192,0.03246178382484569,16
1.4628234306566814,0.04905063728104232,21
1.6926054984452579,0.03563109046657134,23
1.8538735531886383,0.14616565964184486,18
0.7352878013722521,0.2089278973032486,25
0.6869041866762806,0.20857388726624562,20
1.8345148428212577,0.09614624886841332,27
0.7560655217570715,0.23113681210404913,22
0.6379441406751518,0.20589452337122385,29
0.8115787273278658,0.056090787701715994,24
1.580855960093742,0.1585833527131146,26
2.0047852285822065,0.07376158790054929,31
1.5746608332496537,0.16294840485378442,33
1.4749753293894188,0.17288914109925613,28
1.908319253324587,0.09471626835228864,30
1.7317351587901222,0.08626380777851872,35
1.980691826472385,0.06386410147327304,37
2.258773866729113,0.055550236438110724,32
1.3481672912892277,0.14343908784515205,34
2.155040193443031,0.050787554378493,39
0.541163425994208,0.19148240483369564,41
0.5049682597076364,0.07395674724128552,38
1.5839312328174193,0.010406715637972169,36
1.2049295258867436,0.11966352674042442,43
1.8428772063758705,0.04818649321648613,45
1.1815332422601004,0.053800000049520305,42
1.6866680418813442,0.22573770394896808,40
0.7803704000252343,0.07294742011395709,47
1.3666973832498723,0.12303759798606556,49
0.9367910294398165,0.0942363095030806,46
2.06352612728113,0.270425500789046,44
2.479884670082738,0.05246484536763246,51
1.4044852228505655,0.15573082455409168,53
0.8332141979147802,0.10674936026439326,50
2.1684408945555766,0.11482379535206742,48
2.414536131031955,0.22148439674048948,55
2.0921257801439572,0.07700221902540057,57
2.283545344712624,0.15952986288054002,54
1.5977286025152972,0.1995713913293471,52
1.7497773986549445,0.10410780878564702,59
1.7791592229949778,0.15295878773804936,61
0.8269167113605467,0.15296090383571515,58
0.5465247457608478,0.13787488490908512,56
1.8947578025604694,0.06120710330617227,65
1.7299835946136894,0.1822813695771666,63
1.650048245916699,0.18431011852889734,60
2.347259550785636,0.1086644709481177,62
1.530856133742638,0.09609958692497099,69
2.108912016334741,0.15494971896385637,67
1.5110543518789956,0.06315220548344706,64
0.7687553344545424,0.08004704091143344,66
1.676782281034968,0.032437190587987295,73
1.996457513853325,0.025012253184010503,71
2.2570069547457434,0.09791380570645551,68
1.1849068153343574,0.08152494270788078,70
1.9578518252254997,0.10097708302643445,77
1.839224981247294,0.1863662018738824,72
0.6924609695600212,0.20827229723882162,75
1.1518418531513834,0.14268166309473967,74
1.6406796156369918,0.19816466242768277,81
1.7151973971539067,0.0801483759650722,76
1.995826490338166,0.041886685840419206,79
0.7645779670491659,0.1740680489388342,78
1.2625328623916194,0.19700971984548102,85
1.8772541016809716,0.12659005473155788,80
2.3738663714985138,0.035468656220215666,83
2.1447633147764185,0.0683735618567205,82
2.1289727410651356,0.08040372004985089,89
1.1633084419410678,0.057138013550916966,84
0.8700942290532958,0.14024784701513124,87
2.105268610950268,0.2450006896692749,86
2.4243527842976773,0.049758644382913345,93
1.4537332720925626,0.12109854034396812,91
0.9535668067439196,0.06931660603597886,88
0.7055952662923275,0.0968910795833079,90
1.3168219498497071,0.15691047357219298,97
0.8341282768201881,0.07104284006031263,95
1.377739862959647,0.03404901912116901,92
1.037078551099416,0.153431601416611,94
1.7835792477565406,0.09152259966796712,99
0.5689550410137036,0.009491860798454288,101
2.2431166465979224,0.22149646120066252,96
0.6600532294642714,0.14584537336324271,98
2.3255071279538604,0.16947358777371566,103
0.86556616228347,0.052968966737021485,105
1.286404802540643,0.13071452526122207,100
2.306527821701161,0.008359644197576762,102
2.4809316990411263,0.08801695708818838,107
1.669507774545453,0.05246628349586024,109
1.4914718997548773,0.03637578809276148,104
1.5476307184083238,0.057261224817158986,106
1.0451666846115233,0.06318157799554658,111
1.6787315773082978,0.0667761686180027,108
1.9238494670560682,0.08117646956652648,113
2.207308051437393,0.02343176855870378,110
1.7007111847602367,0.08590559197096279,115
1.951294006818452,0.1252626696762225,112
2.31942895003605,0.04308706993493705,117
1.850800159417002,0.0680703383375559,114
0.5927562160231838,0.06882125536149271,119
1.5269937531806483,0.07884124766604755,116
2.244010600222268,0.07907540964552191,121
0.9540209433509625,0.17484904807261903,118
2.0996593822120393,0.1791487834331048,123
0.9538059274533164,0.08460164871330579,120
1.538844327267687,0.10218696764137976,125
2.077933277265099,0.2961457799181107,122
2.2137321165323156,0.18762052780271843,127
1.5365213191756937,0.059555749463090994,124
2.1926647375200257,0.14004492694104026,129
0.6037877160708189,0.06687087754068625,126
1.1611756521256116,0.05865423687639462,131
1.1891126300354478,0.03804866602248815,128
2.03259217953093,0.12630643098676755,133
2.422160805434034,0.1407806344805292,130
1.699755401754363,0.15765292006596252,135
1.0337574663193418,0.2479458105206431,132
0.8971362954882884,0.15018291365757677,134
2.339085279456349,0.15715558112191577,137
2.141754035842961,0.1436456964657366,139
0.8807443717151822,0.06081164152567743,136
1.0854145282216496,0.15061518811080982,138
1.1632702365647098,0.02951556852609623,143
2.2183151156934025,0.15919202676069186,141
2.499005641795126,0.11666474699752023,140
0.6608046650832526,0.11040845905221071,142
1.1986688639314347,0.08496658206621165,147
1.2082608014683869,0.2526803601000952,145
1.393017221497615,0.1578693916934159,146
0.983655174944509,0.09388867359007419,144
0.9831354596786663,0.15778927468310305,151
1.2984255495657466,0.07976928679240003,149
2.056352908396786,0.08966833231336324,150
1.740399715259566,0.055953147806869996,148
0.7316247665168325,0.10632687214076607,155
1.7642190269706275,0.07855383795262144,153
1.2545539896907425,0.15307630774125422,154
1.3352119605307222,0.17608593352408913,152
0.902570909610698,0.12827298437338416,159
0.6866150206054615,0.1029848379272723,157
1.675858168711287,0.1912010703255742,158
2.0870285723271476,0.1156276086760161,163
0.6847273783623398,0.1885583930652506,156
2.0629553703983508,0.20769311040148386,161
0.9731534304842304,0.2618485122204357,167
1.0703460334921895,0.1572018452283436,162
0.5490304597142741,0.21843296084548008,160
1.454995182072649,0.1899968246056958,165
1.4708000113825512,0.3074330649509383,171
2.18365981850837,0.024888855807505744,166
2.440789741826287,0.04472728985434862,164
2.1395798590817394,0.0873419421101532,169
1.0799520728389806,0.24079298350833056,175
0.6551403292546736,0.16865024319546665,170
0.5496791531881511,0.18026234689775658,168
1.6188414981304091,0.019883908578557187,173
1.079843188384572,0.15796809093574665,179
1.4563238030104864,0.14435525189787313,174
1.461535711974556,0.0636344551798507,172
1.042245983865273,0.20474044526673382,177
2.323142240183886,0.11914707320471712,183
0.9281473053891458,0.21693462919313508,178
1.0139398038441372,0.12236442990812524,176
1.9772338519887611,0.0734805647086327,181
1.1121541560534813,0.01242161397272392,187
1.2092524164408636,0.10205409943800524,182
0.8820871949861158,0.10986542334428587,180
2.4556011848040766,0.15790708972930645,185
1.5804194597378176,0.09059966319205233,191
1.5676484007120408,0.130663472203786,186
1.2037311798000203,0.06469284663818994,184
2.4878128581724415,0.09400475192038554,189
2.2108385597068034,0.22652286551494188,195
0.7282964037371433,0.03905008768405012,190
1.376370916378088,0.1719907614512993,188
2.371014104781585,0.13266532526133698,193
2.0629100802980442,0.05513620578665353,199
2.103746521362042,0.30134730996512293,194
2.287123964406503,0.21453580999331165,192
0.8298088193288293,0.08684620611670812,197
1.3376820276049954,0.15097385145966788,203
1.9869959405361568,0.11259713469990927,198
1.557088445008879,0.10767882052024774,196
2.407525362238367,0.19541558628864006,201
2.170287651980556,0.08036135841009182,207
0.7802106983123716,0.2771107983075947,202
0.5466963411984753,0.18864829283602627,200
0.5573159843602744,0.09332501279323788,205
0.5224951632449433,0.1450651599544859,211
0.5509556031776273,0.11261238243766328,206
1.293603424585185,0.28706171715304724,204
2.103615557856892,0.2894293976539467,209
1.891437527001952,0.28248498807755984,215
1.5638428186992557,0.20652772312781478,210
2.455060283448444,0.10262351977667289,208
2.0392224925280393,0.09896009795404423,213
1.5707643422076025,0.07177593020823962,219
0.5739250535791938,0.18455470951942113,214
2.491608696135133,0.18571766275354454,212
2.3483802449519353,0.016184466810824,217
0.5130364183647855,0.15411940944261748,223
1.9931237044108883,0.09963497696506705,218
2.47755053112986,0.03349293116316575,216
1.3657887459812277,0.20044566095552502,221
1.8309109958595087,0.22155713861703125,227
0.8786499500449088,0.0539439719271176,222
1.4986857367894328,0.05509169097464061,220
0.6386567261221805,0.18557804065647418,225
0.8330074007799395,0.27672829473743643,226
1.067811748871274,0.09573124623797245,231
1.857125972542038,0.11371743267885055,224
1.616058677621043,0.05332596978227461,229
1.6304470188945288,0.04891455011352418,230
1.930594493494543,0.022789048155605528,235
2.155570686787832,0.15822305300111475,233
1.690121305756401,0.1204950316331177,228
1.3990840949432006,0.13037801611522967,234
0.6282521069740439,0.10691872705152511,239
2.3508804196523108,0.24106176982983013,237
2.468034355879401,0.07961708725002405,238
2.3464850792129717,0.11129965218701106,232
1.5150154216707354,0.09152461627376439,243
1.7327598674382922,0.18514508573800886,241
2.346983152094851,0.07043720862895334,236
1.9097637439585038,0.1373199302567943,242
1.8185509407047462,0.20907074573983767,247
1.3181840877218778,0.10067602302494201,245
2.2041231991599526,0.14740879842456564,240
1.1463327499698435,0.06608656312494847,246
2.385770270532908,0.08424446035300877,251
1.1991085096712923,0.059398466314541355,249
1.6536627851582981,0.1592246128964608,244
0.9379549153172453,0.16947101294863606,250
1.3882096661435495,0.11035620745120536,253
1.3606345612800896,0.17310802864410532,255
0.5549660812662343,0.06465622490900073,248
2.1311666678613315,0.14233947098396033,257
1.4200453251860197,0.1969346246037058,254
1.7998073857378578,0.0372240072043087,252
2.4217402982920513,0.06911051214978052,259
2.005191410602211,0.09359040662579327,261
1.3903221225089244,0.22904778899756528,256
0.9995053614791691,0.11219202210383337,258
0.5549683001609109,0.3340602240516179,263
1.0520526565458466,0.08849873542720506,260
1.4765879361657068,0.0687177743154793,265
0.5465020711600217,0.1679538629068578,262
1.3616522817333323,0.1591472811645897,267
1.2651806407461856,0.20453016772344534,264
1.5243727346610207,0.060165738790313256,269
1.5516725825690456,0.10713678382255075,266
1.91375381534709,0.09433298801126153,271
2.1490603292313413,0.12744218833191395,268
2.1368467224298744,0.15567498154058143,273
2.1542639649074715,0.09457207704737125,270
1.522563762951732,0.031094543056185427,272
1.8653497239615373,0.1051453009688492,275
0.8165129989234787,0.15109841149938127,277
1.0245015193128983,0.15397701426866547,274
0.5478916546065273,0.09534902599358934,276
1.1888792684476839,0.10638149497865382,279
1.9935092460473907,0.18170840576098773,281
1.848794854345279,0.09207189874782903,278
0.6590612932910245,0.09967356094876623,280
2.177152808974329,0.06218880071551768,283
1.1255310588098688,0.14588233260966632,285
2.347186089026869,0.2192564807421407,282
0.530191739003598,0.1345427704672028,284
2.096213500468613,0.12065203524227915,287
2.0674163028671675,0.05695520054609602,289
1.3671424407560466,0.048389829555583214,286
1.046857996832333,0.14719144610043938,288
1.1612068166059066,0.1551417725592699,291
1.1902859241550943,0.05910862897731252,293
1.2536730081633596,0.12820506733286927,290
2.4060401838942855,0.10702348287214919,292
1.380015085794489,0.08803443116614192,295
1.9038347786634289,0.1132384703026226,297
0.8251921597088208,0.06982793348175821,294
2.4833905350924805,0.15462815230430774,296
1.649784705746232,0.15015440904110045,301
0.594067890715217,0.06557140824813834,299
1.4657760891181992,0.17089790048757442,298
1.802400790325086,0.037581589939280596,300
1.9418995558138925,0.12741126166744585,305
2.4861268721551255,0.20453918952568234,302
1.2848210380361893,0.22462991745395344,303
1.7935030458108858,0.05338568906965521,304
2.1098089486931597,0.10423359442627485,309
1.832735560553514,0.09605283188819638,306
1.753574317558507,0.05668644447879916,307
1.4143019533015648,0.21443763347073563,308
0.9080461055733422,0.08995422882067289,313
1.3991517806116636,0.13468917860811855,311
1.7416013647266146,0.016677275629076876,310
1.6030070155795968,0.24927464799770546,312
1.7878871995901198,0.1019674329548151,317
1.2866771019730685,0.29245486265084897,315
2.4887418866783593,0.3021246834534953,314
1.5601136751451914,0.052356786354614895,316
1.8767892137482511,0.1027310910251048,321
0.8711378023318921,0.14909566614203426,319
1.815568345177252,0.03728911467022782,318
0.6092867347436703,0.09454742215429464,325
0.7236825710517587,0.17614438858116988,320
2.036899117738165,0.07197970620389008,323
0.9457716061765056,0.085912092608001,322
1.3812080606335095,0.21346626580237094,329
0.5381731926523667,0.061336092608674335,324
0.9976748423511606,0.11214446799012168,327
2.280690027651315,0.033954766464316194,326
2.3776164126926926,0.1268333712291072,333
0.5325997276044738,0.007293100883836588,328
1.8700911584144955,0.10489130799237174,331
0.8413122225652585,0.10563243748949731,330
2.3550474998050466,0.04996213011289699,332
2.3915266859585547,0.21583920113100255,337
1.0706107617837632,0.1296222931233866,335
2.040354041676628,0.05245156240025428,334
1.9985172999869851,0.0454442658014349,341
1.5299615268826416,0.1142231918119411,336
0.7336174537662634,0.07381543636132985,339
1.9684578654174305,0.1891430325641337,338
1.0098285315858853,0.23264747461330448,345
1.576266367298082,0.07614076818710258,340
2.1141075465691994,0.13286517589032631,343
2.4125562043325814,0.11079375965946266,342
1.407370103652075,0.1029641233066016,349
2.29839627804283,0.0526517670372593,344
1.004151766536355,0.08577162211591888,347
1.9268112694369197,0.27717486497521165,346
0.675981404236506,0.1559801925309533,353
0.9392824384993943,0.09857456056850677,348
1.961401091573314,0.1191818157328525,350
0.9248839350498674,0.05895094119007549,351
2.113703924383277,0.16882367584684785,357
0.9038832815221953,0.1903583928789817,352
1.5099441004346839,0.13788207350406642,354
1.1842074373538463,0.040184239863003984,355
2.298139872120154,0.0708156093927467,361
1.8001276617996635,0.10771627426713447,356
0.5783643641592748,0.10773009250427173,358
1.7113563643767054,0.062370207159334536,359
0.6012141607161221,0.245979681246559,365
0.8181377653353712,0.2042204859585752,360
0.5326434459816385,0.0983518809942561,362
0.9425160977636344,0.03775535039872587,364
2.0476265673029492,0.10213670709618368,369
1.2670465037039684,0.05542235026146314,366
1.350976680233278,0.22570963011220357,363
1.9439114512680435,0.14138630597254537,368
2.4174577465934406,0.04860949036742744,373
1.0554712620772675,0.09326377725254703,370
2.0387453062057768,0.3127467111683994,367
1.6037953407489491,0.12618353206871286,372
1.402774639053256,0.17207011947901296,377
1.2256652467995022,0.17717198566790404,374
1.8119537077837122,0.19905978581356132,371
0.5711866575578679,0.11556669138554132,376
1.1433458779533119,0.08581686968909907,381
0.608902941165651,0.11180700107616999,378
0.6875048529543923,0.1014852744741802,375
2.2829966383042555,0.12791837729488933,385
0.8106998166209678,0.09705895228245665,380
1.4989923999050658,0.1978059044525977,382
1.4061042149438978,0.17130138868696498,379
1.2653529873265843,0.18792616137135174,389
1.0754450713607613,0.14859245591879022,384
1.6325941326378053,0.22435797519282158,386
2.086639099842256,0.034433777548950016,383
1.4331041239322966,0.09425248780948925,393
1.309983288184941,0.13801613421171452,388
0.9516569261808849,0.02535910247848196,390
1.7898149800977756,0.19645658108619968,387
0.6603541171713108,0.10174182021461918,397
1.5588793323798793,0.0943796054768426,392
2.0931945659248505,0.1000211895230263,391
1.154538014479381,0.24541222068793586,394
1.6085016172495716,0.09433712703946115,401
2.438390814769143,0.08931147324303668,396
1.7660250867592147,0.0803158399891544,395
1.35292854302527,0.10940140758309236,398
1.9642779242168438,0.103018987062032,405
1.2724963153171664,0.23185425965727566,400
0.8429815091276456,0.06398001187582888,399
0.5966796196303952,0.1424811952521707,402
1.7836448819022814,0.14231969852819112,409
1.9522905609786407,0.09517506178475883,403
1.213706886294689,0.25392185815420976,406
0.5764246293750681,0.29356746176442955,404
0.6278952968764009,0.09919061926061999,413
0.5859424981458785,0.1563996690211624,407
1.002086668088364,0.05761578263060623,410
1.2883080875235062,0.14754134783579506,408
2.0398712576199287,0.11776807753999317,417
0.750920249956101,0.03420026071876311,411
0.6157354735095784,0.1010403297939968,412
1.606066668220774,0.1683043230218304,414
1.0529633141572057,0.03874604256340619,421
1.4240825364429601,0.18259020246980312,415
1.8113838495883379,0.12690842643908962,416
1.5906146944801844,0.12451246860457502,418
0.7713015775545824,0.09043271261960686,425
1.0114453488011437,0.04644781685299555,419
1.352674290241052,0.044870254692746796,420
2.0714327524793745,0.14911632643497416,422
1.355443840622548,0.15403725448148753,429
1.3900044426750744,0.2026319344546184,423
0.7418341103889126,0.05076564800912497,424
2.3281451760678715,0.10448474029567092,426
1.684949510007525,0.09794144853210508,433
0.8887962751019758,0.04526137212238397,428
0.838885383792457,0.17024910981423003,427
1.1482733949424535,0.10463190817365393,430
2.0519134108011245,0.18169116181945522,437
1.9209948712289708,0.06665478806729672,432
1.7618633699699335,0.14117056789888446,431
1.9227915393248622,0.21166007560668287,434
2.4694847783233334,0.0946621956346541,436
2.2951631499774408,0.17080287088956586,441
2.3719444021319616,0.11773568567673741,438
2.00059053167913,0.12272709406238046,435
2.192654602200145,0.07159832224143912,440
1.9600348977529032,0.03172440966176056,445
0.561361066443584,0.05715911484172018,442
0.5567021363233837,0.09949667749986318,439
1.1728199300503808,0.19088773692305916,444
0.7871693645689801,0.011591693278998668,449
1.041508574673262,0.14129633869800448,443
0.7316239936139255,0.15278441697052936,446
1.8510748693453782,0.149499880614081,448
1.3351925724410623,0.17427601853257807,447
2.2671297915328457,0.08892032379053465,453
1.7515705160766275,0.10846587532501184,450
1.9295094181304724,0.11921877886402413,451
1.2800444890662974,0.1301068624270954,452
1.9922478981241507,0.0900381008743371,457
1.5148384081925534,0.04874810250627577,454
2.1327923367100214,0.21602660310497024,455
1.4905187587499507,0.22625332233985707,461
1.26753986058665,0.1209850803718508,456
0.6935154861523609,0.07636410401390753,458
1.4995766328149898,0.12065616332414952,459
0.9772263484091743,0.0389623209816723,465
2.392609053343687,0.1995571633689705,460
1.1078557910480877,0.12408707677125808,462
0.6229102714201247,0.024969698280383663,463
0.8900870537392198,0.1667527557055471,469
1.6191143082917772,0.05857488403820389,466
0.8664395325828174,0.08421120220404314,464
1.7327515162732028,0.18019117940248555,467
1.5066078274832342,0.04006958787644091,473
1.379976879255642,0.13712239149742889,470
2.257484440136082,0.15439213036220237,468
1.560897824537502,0.17088626665834014,471
1.249881531503476,0.1923456435274501,477
1.6223634309427661,0.1489740039079979,474
0.9567149672183155,0.12423498087982605,475
1.934358457082854,0.19538874647589724,472
1.651119079059061,0.10682838754474809,481
1.1647422081861099,0.13744705174783511,478
1.1028477456367296,0.03535739944433457,479
1.4325616848852696,0.05841251091047194,476
1.044637337292594,0.07712336023159004,485
0.8658434674830711,0.1836642852130466,482
1.2487008666013797,0.14515999221148976,483
1.9495500941100865,0.2056385644564705,480
0.8284004301965417,0.20378962437313133,489
2.0748967387892443,0.1179992850003408,486
1.2199985644083235,0.008288019585718323,487
2.1198274108867388,0.09997269550822419,493
2.480751118061935,0.09775059099063654,484
1.1950323841264723,0.26318871823912515,490
1.1962646998525457,0.16305430499793536,491
0.8804035209651611,0.06393874015915471,497
0.9955936208411365,0.1315540059538613,488
1.41718496597258,0.1981640054087368,494
1.8746927741774517,0.09525864064382215,495
0.6894062103235121,0.11584944242185134,492
0.8893901535225761,0.07509081189537647,501
0.6347588880039952,0.0763530202283833,498
2.3228073161793326,0.28963046623384764,499
1.9551790733236787,0.12828830900610075,496
2.118889790677616,0.03846977799681727,505
1.8672213868674121,0.20833706730358814,503
1.1887047728018578,0.1655965380972205,502
0.9540168086013276,0.14155095625731426,500
1.2455228998875945,0.09325668323329689,507
2.437332442155511,0.14456687491684056,509
1.9767809930607876,0.16285134490037112,506
2.4560598785661227,0.1628971998857811,511
1.8830300780810307,0.2066617358159542,504
2.0393281017919342,0.1938792864892049,513
1.7872493571441272,0.22642918311392812,515
2.1052497818263918,0.070402523433116,510
1.280012885604027,0.12165890833795048,508
1.216274332031928,0.09907962608296352,517
1.5228499190187226,0.10541557987078856,519
0.62213015031792,0.04306717943726066,512
2.358070446578197,0.13584288799328312,514
1.660534920619952,0.017753044881573265,521
2.0763195066214895,0.17083495396510404,516
1.5901810728498604,0.10798158444671072,523
1.2507768872818175,0.012631043442259834,518
1.2449654177309635,0.046236174459317644,520
1.0264470587847774,0.1067231162403784,525
0.8578938527361839,0.24363479327303705,527
0.879567576066056,0.2499042248487025,522
0.6798733413591227,0.013293186269244554,524
1.7565308230814538,0.3123278089158705,529
0.8331029231897209,0.031251008708102455,531
0.8282785861174782,0.08355166465059148,526
0.8547824988981958,0.14108722952127206,528
2.281849118563068,0.1853655235968919,533
1.2664315654377007,0.015295175664682732,535
1.438222246987317,0.160458016071131,530
1.6354277400457742,0.08179712361197561,532
1.0012841100410297,0.09009577119605848,537
1.465397458367587,0.2154336027300882,539
1.6215478796592133,0.041053148563073086,534
0.8609861040965452,0.08267955488803788,536
1.9372224849394364,0.07060464848416086,541
1.0551545271044993,0.10629857452074648,543
0.9109816908298438,0.12337294317852142,538
2.230973397989194,0.23504012007238134,540
1.379515199631134,0.14494195605826662,545
1.9109345419577977,0.06426046701982294,547
1.5527590666249325,0.16800368123880668,542
2.090897364126233,0.33152928227980694,544
1.4207488308551692,0.05787011130544763,549
0.9209830776680858,0.04339545985719101,551
2.1912464274637955,0.15211799610870674,546
1.36999670782088,0.13077162576719314,553
1.7838320084596646,0.134783989542416,548
0.562874763861962,0.13357537718465815,555
1.3825061042732665,0.10995128123767373,550
2.4536646149720385,0.06086331590486234,557
1.2838644961932297,0.10938110038431344,552
1.3568916652740675,0.20260335700009036,559
1.6453734757529956,0.08733240426108356,554
2.447905324347902,0.16872178292155351,561
1.7801973644547848,0.1744374316580857,556
1.93675749675051,0.023546041633359355,563
1.3894856483200844,0.1590586749209444,558
1.199932573245371,0.15420379928290673,565
1.795731646253956,0.06331917459099178,560
1.7730947173153944,0.31230750981613165,567
1.3256597503527179,0.11045929556561081,562
2.1091573912908537,0.028154943463472488,569
0.7539800059429662,0.15792153387005647,564
0.7340397286693261,0.3681999325800095,566
2.1422328461092515,0.12359221424079073,571
1.8014291288655753,0.11348718528631846,573
1.5802477298844142,0.08872324542714806,568
1.5977850100835425,0.08728737605380396,570
1.7043780091142764,0.18576716383061123,575
0.6018340116323662,0.18310077399643926,577
1.7008500485588536,0.1031007311502849,572
2.15998128735714,0.06622761566830447,581
2.204385699490018,0.15217411942161402,579
1.8993175462442604,0.1751350070524423,574
1.41161491074737,0.032339660309762326,576
1.2988869656019608,0.10845944801109411,585
1.2745631776867825,0.07664764741664211,583
1.9017347031459182,0.09375582800477539,580
1.4225280109348937,0.03847649164193921,578
0.6950044565919635,0.09947439841152554,589
0.8868690702774584,0.1071926575656123,584
1.9415370353728527,0.23278395686337647,587
2.1006362645696077,0.04346738661523128,582
1.573768752415069,0.1701282340406539,588
1.0076239508155989,0.21250751659602365,593
1.3683346286708855,0.10477372521736183,591
1.5025690972359933,0.13082686400709784,592
1.1733065787283614,0.12243033263459598,586
1.7327768560981,0.0839943772704591,597
2.0308803992487228,0.040566790233258765,595
0.6209878360798147,0.105310271946868,596
1.0297660273650393,0.157466994412539,590
0.8223193631068757,0.20958369334189877,601
2.2420451043785095,0.0837618688771707,599
1.5323747564412653,0.17949200210674,600
1.4958922265580565,0.16731633943122426,594
1.1463254459111727,0.14356564602065555,605
1.7546751381127597,0.1112821873728601,603
1.237205529472015,0.22338048328097446,604
2.4528796194876348,0.22313745622859427,598
2.3152449085627107,0.053229230711489044,609
1.9871139458562053,0.16604671652957026,607
2.134861440474581,0.2896766712320836,608
1.7283217219496345,0.14563397774841003,602
2.1050795107381095,0.19081381384151286,613
1.384241379570577,0.16153459829459635,611
1.8409239991953885,0.1493621987403678,606
1.4736766709916092,0.10781548225485889,612
1.5750110038167389,0.15410063158006257,617
1.382606410747948,0.27280170528350917,615
1.9353681811661807,0.0872067482843712,610
0.799470941246746,0.2605627768583372,616
1.9832314005096885,0.1975321664732975,621
1.0146313854422349,0.14442881495170015,614
1.171649823485163,0.18161634443815788,619
0.6344427041113634,0.1547679004436171,620
2.3791136784500555,0.10415770568261225,625
0.733103759959068,0.21707515850132306,618
1.2389752335650341,0.18438844122988882,624
2.0440740255093814,0.07785549799294017,623
0.8911847950611391,0.19450764938128917,629
1.6268441668588742,0.03184838196458521,622
2.44236623595908,0.2585799457209713,628
1.6926640210256416,0.07042833525966691,627
2.047613080791926,0.11154894522393902,633
1.3122183272204817,0.2717274290089253,632
1.0030572394540906,0.07707083736620542,626
2.3950449123671413,0.1799261463598527,631
1.3817263320221618,0.11993143082515417,636
1.6463763826000086,0.13008421890379196,637
1.3624524134433675,0.18868434999662087,630
0.5378739349722823,0.03793791408586894,635
1.3276194383085933,0.09158836822144296,641
1.8482313078432224,0.10343680635009822,640
1.4340443932319151,0.10750488273172468,639
1.772130737784393,0.06911634449185729,634
1.7276719274966,0.10128685494279757,645
0.5323474596760156,0.0819182705470459,644
1.8702564804743909,0.12444483380059904,643
2.234573859522149,0.034744549397572266,649
1.4660312646424007,0.17976668492554299,638
0.9569180692089403,0.16361795466121115,648
0.8177548179859901,0.17750215093802169,647
1.196677292191831,0.2569645324925295,653
0.5170618193697079,0.10280879015739347,642
1.975949441284939,0.1069953492569658,652
2.3390436226791755,0.0470692855837409,651
1.993750186609918,0.11642195034649715,657
1.9901168674471639,0.11206005485673752,646
2.115501068561729,0.1383432212720967,655
1.9169976214536404,0.1401188351091505,656
1.6109038565312694,0.14545805183480057,661
2.2521752700547,0.1438778918982027,650
0.9386593384980948,0.18985672616013818,659
2.091758108217154,0.11562614586037641,660
2.1606847454943754,0.14107046801258272,654
1.921806719947192,0.2623524503541703,665
2.2063536541050244,0.20722461711848192,663
1.0789920048601969,0.14237930540092653,658
1.9207704391865779,0.01108281322518354,664
0.9452635736917399,0.11672823065607346,669
2.3925232472431137,0.28540617157582854,667
2.2608219038355477,0.05288305930330554,662
2.115611982709199,0.1344665886760348,668
1.0304878607365153,0.27795995797215606,671
1.271182485609037,0.08859635636139135,673
1.1337040110699532,0.13854956803577093,666
0.6049250906336849,0.07601680664413417,675
1.1937615458158575,0.2146084595879542,672
0.6130600522590386,0.10235235984354558,677
2.438579506867615,0.027356413152202885,670
0.8612353574315144,0.03187758159711962,679
1.6237590061838443,0.08508404267653269,676
1.719118929546258,0.1673719013323256,681
0.6199113954689712,0.04397286294484088,674
1.1597160648154177,0.06268972497242031,680
1.4530056114142205,0.1664216915919399,683
2.0179557570029534,0.15761592459817603,685
1.5934174125782297,0.18907086653900063,684
1.300972624327132,0.20088649250674276,678
1.304223776629076,0.049207217610545716,687
1.6983350382825373,0.06227865617423907,688
1.2017472627655743,0.09270617694621973,689
1.0917596597014085,0.17642133968379192,682
1.622687603898865,0.061396541540207294,691
1.3640359768758374,0.2907209915076361,692
2.017257029051148,0.24670599897350007,693
1.3127089276203827,0.18615410743648445,686
1.72133145455386,0.10542819179316264,695
1.833684790761541,0.03282124939272141,696
1.167707928362515,0.12625797271922787,697
1.0545413139421012,0.17943376043920672,690
0.8443226522981395,0.1443023336791032,699
1.08826908960544,0.18267885210351287,700
2.140551357164545,0.2072207914783022,701
0.5157483696456031,0.20995509165878148,694
1.675113688681272,0.13734628678890468,704
1.13759058880269,0.2865639097881249,703
2.3606751414974543,0.13096676647067793,705
0.6817041839063722,0.05922889164785932,708
1.110588187434756,0.15314219274987118,698
0.592052668018151,0.10686710362718713,707
1.7118128647468995,0.21738028248895477,712
1.9554527780632167,0.10962917718833186,709
2.023366643448568,0.10510255561389432,702
1.589533172760855,0.20417820868502787,711
1.9089444027880134,0.2988807281854761,716
1.6594055793386808,0.11282056200819456,713
0.8662749999961565,0.32473859658490967,706
0.8844559609921638,0.019828953105304074,715
0.8860708870457843,0.1847698861094755,720
0.902062935862529,0.07462545089440775,717
1.1916539934906962,0.2974978411193483,710
0.9902463306515026,0.1789519391932365,719
1.1059905852042373,0.08035961117398678,724
1.3314771048751648,0.08545819307131874,721
1.3268072202329346,0.0936170878772573,714
1.424016084614781,0.07377321606082023,723
2.3683674411690063,0.09638279051790047,728
2.3991693538455166,0.10848455510624358,725
1.9972561111656977,0.04454320044970226,718
1.5787148990770237,0.1040604242889308,727
2.1513992604380476,0.2052556117815999,732
1.4447810182658984,0.1659423746038021,729
2.4238039431661993,0.16351866484223349,722
1.7607352776944176,0.17072312647947477,731
1.139106942453621,0.0923070670319562,736
2.2710756182645557,0.1835177273325546,733
1.4806727080070545,0.141844258225458,726
1.2858903789649871,0.0174851918235922,735
1.1721549521906254,0.10023026493331395,740
0.5311258920180895,0.0928809717749201,737
1.4399209768420973,0.15667929777955633,730
1.1720228806135822,0.07790695149193705,739
0.551817596585114,0.2373523431435928,744
1.6153548716626738,0.11002502878719522,741
1.0784759882197494,0.14361863209203637,734
1.9475775071164907,0.07281257938391954,743
2.384069781154457,0.14449584891200337,748
2.331563037200891,0.04229646656116194,745
1.4425525612148176,0.18801766775487574,738
1.3868256761552555,0.11748470133271677,747
1.9503626421628653,0.2627960149885763,752
0.6320886592743729,0.09022684949726939,749
1.0525957786144575,0.02658549111541038,742
0.5202670988158067,0.1980187227469482,751
2.2935850700840135,0.16303937133516408,756
2.2480651315700335,0.18657225002102037,753
1.7036561377318766,0.1588400687455392,746
2.3367409312165277,0.22592092618825244,755
0.8972556081655052,0.09192573026229771,760
1.298283492129656,0.06870664959896759,750
1.6971002429660604,0.052418759702595075,757
1.709671250115572,0.0671503693264016,759
1.0421505656742305,0.13109907998062917,764
0.9714483260532736,0.08979966750714505,754
2.376944746498511,0.19033691746851036,761
1.8657310843942816,0.21829003853401496,763
0.6447147033228728,0.23564880690060402,758
1.0483822215476544,0.13849482699384968,768
1.9276042801656943,0.1796401465534746,765
1.1075774787161157,0.09940551941207265,767
1.2817638015026303,0.024103281684930082,762
1.4746009761843661,0.14336640509897805,772
1.8428354245378398,0.09423094316977038,769
1.1971283117999771,0.12548825465051386,771
0.9177365807142681,0.08372388270800096,766
0.940500324123948,0.07908998082705132,776
1.5032496795011339,0.171987130240501,773
0.5085588113385422,0.06975423690377582,775
1.6217598883169626,0.10708743607098321,770
1.2955547956261886,0.16373662396800542,780
1.4846244251693532,0.1716066033049613,777
1.8615850248060537,0.05904504761512286,779
2.4050872363187317,0.042267198535622386,774
2.430080274814737,0.19780218764850357,784
0.8824649228560584,0.08007554223732039,781
0.7519577048557713,0.11072713513708787,783
1.2663128479285741,0.10752669693917982,778
2.2377526734289224,0.11005867507356848,788
1.0637531264969762,0.113488713050105,785
0.7373020785235429,0.062266974137451296,787
0.926448283194099,0.08776845332696007,782
1.8963192125661819,0.08689480021672846,792
0.6052938455613732,0.16568196280693887,789
0.9418207629292792,0.15327531363498703,786
1.0175487399054566,0.18339876559572402,791
0.6755435934089944,0.09609965717446259,796
1.4416178212152113,0.07877691706755043,793
1.2629173781377154,0.12329338182139567,790
1.777654580150304,0.130218127778823,795
1.2890442795412151,0.19235972018860356,797
1.1098115328242464,0.2921000113375991,794
1.5113470418379047,0.03557297075290948,799
1.2001142799420816,0.048475426384557034,798
