6.378412491650332,0.10045572337388531,0
5.658117691833525,0.12302569920646507,3
6.93687982499486,0.1160565733686566,1
7.854830978929997,0.1699226638220149,2
12.3897854109209,0.058266567697266694,4
5.975537667647313,0.14953798588654374,7
5.2924807466512505,0.11631449407580158,5
3.5659565668129076,0.15680646119189412,6
7.36020054589596,0.052214921173201895,8
9.476699506773134,0.035301107454559874,11
2.526779762971858,0.1897227578255705,9
5.229792937773901,0.1367954073028092,10
5.583586614207251,0.18703069711396889,12
5.157883678287964,0.19631541898472077,15
9.09533910462828,0.15284407979541614,13
7.279243233665516,0.27897176457750156,14
9.984000678751151,0.11571873049412695,16
4.013419470536315,0.06333256463868733,19
9.16242918578118,0.06358788818115822,17
9.729402447347173,0.07513484821216859,18
3.401821971974923,0.14801258608274281,20
9.03578011562631,0.08615368649339449,23
6.364884849315136,0.12568682289062202,21
7.661515406615422,0.1250380555881599,22
9.887159747337703,0.026333842680349787,24
5.347181971142229,0.12006138496450368,27
10.886241535973936,0.11197179279002079,25
8.064810591964438,0.09001496385305105,26
9.968085609258452,0.38523214088117336,28
5.463080804849811,0.07162184015610555,31
5.0353831133990585,0.21694209738576348,29
10.493412161453993,0.1266035439320678,30
4.999848278173867,0.07563758039918045,32
12.32008554888411,0.13664385621105576,35
3.2027983996599163,0.10465466704031808,33
11.814193792369798,0.07942722191114326,34
6.876510369469154,0.06570971530903406,36
10.268170557690388,0.04899488907310143,39
7.865700147621358,0.07389916211860269,37
3.5684018307820695,0.16079181725516156,38
9.292613540682861,0.11232067049113277,40
4.148334776585027,0.2544845414773094,43
7.998991620444221,0.056595494067305754,41
2.896374322222486,0.10693521815388024,42
5.972466806205286,0.12273243720351464,44
11.372643124383114,0.1106472483763126,47
10.20397637333972,0.04275596921379765,45
6.156559323450733,0.1497032716131493,46
7.450957351835252,0.1639913314785176,48
5.517268407755907,0.03318265466664854,51
6.438292224066338,0.1281336754172056,49
8.89476360434703,0.2783752826531391,50
12.189618127970173,0.1422625535347148,52
7.575838780396832,0.02589643295765018,55
6.583557675963283,0.12534029431612123,53
4.096612550404672,0.20448214179231808,54
4.015618819056356,0.06054611990522594,56
10.41978773982597,0.257880666433365,59
7.033078644492676,0.06394729468350878,57
3.284177013284352,0.20989646334401313,58
2.7635155142051104,0.14672980292983503,60
11.79364151718183,0.03201508212034741,63
9.624779083279417,0.07086570671846444,61
4.484832579908023,0.06312016541726125,62
10.03438485112628,0.1825208252062117,64
6.300826253209193,0.06990898117565895,67
12.396871235641026,0.15802163839173916,65
6.910181155824224,0.18465013105453715,66
8.860755853883935,0.03822534988258101,68
2.603895968718338,0.02089745858145284,71
9.893166014994147,0.01683167099804737,69
9.914321836876363,0.2034893373384774,70
8.829634144194372,0.07157540006686174,72
7.336666667774594,0.05935471534564399,75
10.231536554767585,0.08870394092158675,73
4.643415751531067,0.15149543518554087,74
10.63726122044881,0.15736857030675802,76
11.904980132976108,0.039680370176874785,79
4.366294989187929,0.21598802302734288,78
5.772706719049657,0.14888368933485951,77
7.256028202636844,0.06854958949143158,80
11.644548077024686,0.08812464653424358,83
2.544074580401926,0.1061574047667693,82
12.24607417385416,0.1488138459606533,81
10.411576220008312,0.11714644926281224,84
7.049530162322151,0.14720444625095375,87
2.6413830391059925,0.10850270430423217,86
9.801043099131237,0.25994430949116254,85
10.260619831590256,0.2539059458196526,88
9.566876921941436,0.12773662041373327,91
9.630794980693828,0.07169017616831422,90
12.381008077550891,0.11876525520031936,89
3.0725167022389774,0.03245849255726441,92
11.279406707562348,0.08488944277194499,95
4.8291863571883376,0.13884527378172853,94
2.5341387697312037,0.12362986144373803,93
11.087730400736152,0.11037571534616833,96
10.916764290814868,0.23403506052194062,99
5.77178360475271,0.13265368545692663,98
10.77516380577144,0.17400063701225174,97
6.7506900341565155,0.21103976501284244,100
9.113500477894961,0.2570413416748492,103
8.957364001308418,0.15885189807168307,102
4.845473302251671,0.0349822036175556,101
7.264162613903068,0.16089522049372318,104
8.455724672023877,0.16269127758552984,107
3.719776020995625,0.09223728965500019,106
12.348929769821043,0.09714150574886654,105
6.76433777834737,0.08316733129276316,108
11.7049247889956,0.09559649416372297,111
7.887836268063124,0.22925520137495714,110
6.895942689517104,0.14713322780539323,109
11.582433355307456,0.07830546369443506,112
9.858134994990436,0.1146250746331799,115
3.2737405287243093,0.13379270951340638,114
9.366786605616241,0.11794711749194382,113
8.40814082432396,0.08822303163874268,116
3.1964243855621346,0.05013386438285103,119
9.357680671042631,0.14892623506124916,118
10.14092973577369,0.09614372465785309,117
9.593293598108152,0.1709475399578243,120
4.608351916728145,0.13136955264085634,123
2.9661336975109442,0.11184188965791969,122
9.484747016482675,0.1465673997963945,121
9.801838317294473,0.14898365924087476,124
10.240359621171482,0.09362397952860436,127
3.5753974747735464,0.14252496280714919,126
10.1410249330565,0.13555539038473452,125
12.492555401327788,0.0945697195084135,128
11.340427677846336,0.11336647802386737,131
8.098190916276263,0.14411025850756998,130
9.39279126088856,0.24344518714303387,129
10.006684393112206,0.11040812166258257,132
6.637511674066227,0.14051950657745158,135
4.023211620062025,0.023471894432315094,134
11.793956021372558,0.19850619931609015,133
7.198765523679828,0.0733181795541437,136
11.87254752896237,0.13994513103425754,139
11.881489377418474,0.20878876282157643,138
7.941788041978527,0.22133909818720243,137
12.078684574411833,0.19505906363179437,140
11.72413501058323,0.3068676442476211,143
2.745257978138488,0.1807785213267,142
7.455437331140587,0.22346378831560695,141
9.05634019176319,0.16204596497756651,144
11.137951944955208,0.11557802331178398,147
4.237656010813643,0.23977395633846088,146
7.655559084136448,0.20447406484474182,145
6.542722329984824,0.1323963183392285,148
4.100158947885274,0.07567103863725679,151
8.675633287490683,0.11914164459117789,150
8.928835559417394,0.07855952315107338,149
12.160314016348112,0.10978434164415662,152
4.1093011506514685,0.1378290381203877,155
11.521508674276284,0.23326667739405849,154
6.773604392198561,0.07526888746089505,153
11.317267625127768,0.10566333615558295,156
6.863414890475974,0.1944752020056581,159
9.2989298599935,0.175019924063782,158
4.083471835897963,0.09608838419200802,157
7.91581369118151,0.12340434151754512,160
5.231496543327774,0.09160556356825252,163
11.963270160068255,0.16372202254843496,162
12.102911105188808,0.09066043791938065,161
7.629267648275953,0.10814832596998417,164
6.8299147022559765,0.15208043793578094,167
4.999072928248957,0.024379786579226195,166
6.852313252111211,0.0046680522092729425,165
7.552916791901597,0.14323420813432308,168
5.827307168228236,0.09579732906448407,171
8.145300535191566,0.08144948641268478,170
3.262573567479461,0.21477366456496094,169
6.321607468078202,0.062039073277563264,172
6.516550562562507,0.12106501190930774,175
6.467449884272947,0.18873421806510213,174
9.595614763291284,0.02971115875691052,173
6.892208310424818,0.11007882390948294,176
3.044864401954428,0.1925272071106177,179
10.705612576465175,0.09329892574135962,178
11.370944694649625,0.1539899517505059,177
6.4025366760723825,0.10041721532444946,180
11.927734435253296,0.1493423455757483,183
6.684390897356353,0.03627120241420594,182
12.322900623468444,0.12829205699732202,181
9.372652543557347,0.11575511733065658,184
9.343596591377636,0.17228852896851798,187
6.18247100356318,0.12621413354909536,186
11.545682144361644,0.05287625494512654,185
7.164206388748501,0.1433871117952623,188
12.154222155092032,0.018131149614974636,191
5.135359745263787,0.1083042211602771,190
6.532092260898288,0.08261289909943637,189
8.40045434764612,0.1572350677248701,192
4.078597615289755,0.09242103191537361,194
10.345669609801044,0.06067578713853834,195
8.576545868467512,0.25399194717290113,193
7.5049972507048235,0.06875363525531925,196
7.974400231724864,0.19427954780196907,198
2.5257199604392264,0.005251682807574619,197
9.55703932710448,0.06533912042787818,199
3.1881421801635748,0.08190449630140133,200
10.245363007040766,0.21154470282399065,202
6.937926230415796,0.10481522812679259,201
9.311408323142349,0.1491640914820403,203
3.873187602750563,0.07246725414012306,204
7.754019147332002,0.1243491442536582,206
12.462952678897851,0.23662381439063013,205
8.299953647231241,0.12198165248299422,207
10.579676877312442,0.2026420179061116,208
9.694559395306435,0.0960058147347509,210
6.405201933993302,0.1045118624353511,209
3.1256985503086296,0.16150746754551365,211
8.856237492595973,0.11585302107037265,212
6.210487968841924,0.16063298230766718,214
9.090622550413789,0.09791544769727357,213
6.587413021003363,0.13869966284536514,215
5.842750175315934,0.11108434397306417,216
6.029707937567654,0.19944727928003028,218
8.232796913361613,0.18767581333198052,217
11.4451636314519,0.1178335060837592,220
4.172377727046751,0.08934534166730729,219
10.815365121087856,0.10126493094318954,222
10.010920212222356,0.1709374961540544,221
4.580756864510958,0.09137532062080729,224
12.455702947529492,0.07857898198439743,223
2.5605968534880406,0.0574214687053944,226
2.7401937636498364,0.1244299769817827,225
9.698407975634352,0.14882147594085274,228
7.689228253098569,0.1651652143269274,227
11.078001304249161,0.030735548569268425,230
6.316854914833262,0.08566780306419194,229
10.282199332921417,0.24313073224222703,232
3.5014258723477596,0.0555024652452219,231
10.91540283027827,0.1208974975136981,234
6.127494135382951,0.15278326171494683,233
10.919092061204044,0.16382438929192675,236
3.7797992155213835,0.11375982723350464,235
2.5692968364784408,0.21050167648417983,238
8.345272186326936,0.13957288475398796,237
6.969977206005264,0.06382705901564038,240
7.295013065239403,0.10960415393357154,239
5.96623872647752,0.1459850005922749,242
7.49670093755633,0.14908037150231732,241
9.229490863534336,0.14698870873753198,244
11.718806575635949,0.21029230911032168,243
9.800653215290803,0.116603653735214,246
11.787300870151272,0.060385848068322916,245
4.134180307840801,0.10050013778047705,248
11.863786659672389,0.09619832489953928,247
4.512998554347492,0.02947691105591979,250
4.682547427868393,0.10725709150076101,249
5.793428990927203,0.1594157333035212,252
5.232411128528246,0.11361630460292278,251
8.81627403556048,0.06184163011979026,254
7.970101545587541,0.1529253101220845,256
7.141315468795396,0.14368161975023958,253
8.589632826747904,0.20831792818358813,255
7.464805686379953,0.1253646059793748,258
7.555814972355276,0.09559862111973523,260
5.9347204600591565,0.1177435427600009,257
7.4569114681700475,0.07795736499702496,259
6.666820492386638,0.24349596065253923,262
5.666047103056036,0.12787303721746887,264
12.274292992355997,0.25372007753354403,261
5.736773251979871,0.1216745406990478,263
9.665249524618178,0.1472932453773995,266
12.198857140951441,0.03247472890162873,268
10.7385309888977,0.04224898014036824,265
5.495389862272109,0.05144823021326317,267
8.943490978145906,0.05444223308210834,270
3.5213951334373226,0.014271799418722586,272
6.828236244139946,0.11425601264277528,269
9.93539312945954,0.14417340822670574,271
6.775799184039858,0.05168809700046676,274
9.474247079504396,0.07973577426818579,276
5.902315895553823,0.18200039060986148,273
5.232006584856682,0.10865445705485087,275
8.766167294003441,0.19500151519317946,278
8.596627211878534,0.20591072326264837,280
6.2964521485129135,0.11435169142754519,277
12.066269772759458,0.25828484379674727,279
4.669760782679555,0.27255413306180903,282
4.052517409044489,0.14832891000745707,284
11.40487161662381,0.014982842339634157,281
8.345480218002876,0.10705169386804891,283
2.6958033548653573,0.14779372726379428,286
7.624131507420237,0.15760545621302469,288
10.25588191347584,0.08321095170612654,285
7.849914444476908,0.20471939944535167,287
4.6269835218148945,0.2704939749230934,290
5.004821744525731,0.11102146841986492,292
6.954541013386653,0.16523780527948465,289
4.114565966028123,0.09577461720664207,291
7.896098850784126,0.06916284163481572,294
8.427182291445696,0.0923743586996875,296
5.147220901905445,0.13842380548224958,293
11.92551232072417,0.15477070442616644,295
12.293557625623963,0.10223779073094184,298
10.815288392233327,0.220829142721812,300
7.329266672581718,0.052773774880119306,297
2.5974355517249648,0.23002554108687645,302
8.702124242249193,0.09516168491682196,299
9.398541904086105,0.11417132981989593,304
9.29538261640651,0.03418722838823188,301
10.819190645640376,0.0403226457092566,306
5.276304202902883,0.049006522764813806,303
8.53348209351372,0.10789131924411872,308
5.06610345072732,0.19870967679572463,305
9.330899072991027,0.21464753344203197,310
6.273500624346099,0.19217347843216473,307
9.93866213602561,0.07379318042099231,312
9.515510949501268,0.0846666315213298,309
11.61932290308983,0.21830432266905397,314
5.513167596062769,0.23324516866167203,311
11.898879663415634,0.164711081671442,316
7.677253022421336,0.17820176725657078,313
9.846820043098479,0.03668877463765251,318
5.417649712811143,0.17953491474510766,320
7.255868615896746,0.026628727338414312,315
7.527326051923869,0.06378563068386212,317
8.549322677763774,0.03267497480106538,322
8.284174741519863,0.10938025578517613,324
11.37919714146287,0.024616778781044592,319
8.411275088323542,0.13836431676191038,321
8.979650675218549,0.15132463870591006,326
9.152526642714314,0.06733452011809107,328
11.411105046628258,0.10069059746637775,323
4.513732931934995,0.08365144718535551,325
5.239719094835092,0.13675324719891668,330
3.50611211555366,0.14209382362057374,332
6.272656916881827,0.12321050430683132,327
4.786358671131675,0.2981745732883888,329
5.201907097052494,0.04231129090385549,334
11.995984021510434,0.13127122278039144,336
8.570055151945315,0.0914701033959624,331
8.225633600114175,0.21056764745620105,333
9.699622131386095,0.1695472460370581,338
9.066182224128335,0.18089859000911776,340
7.799986709846958,0.13127199177010107,335
9.479719961025987,0.15984243784912547,337
7.2567107069053005,0.28905888091984105,342
10.772989435770029,0.09278274839647947,344
10.664151559638036,0.05221813939464251,341
10.061946191531003,0.057127342505444725,339
4.416395629595515,0.285320688144273,346
4.392894533878801,0.09924384641262976,348
5.985266598216149,0.17080297321966395,345
6.5891204564370955,0.06904469354504149,343
8.496763023693052,0.06772434380226916,350
9.3571479207946,0.05996170498044759,352
3.4461183648121474,0.17207378730799516,349
6.292284054684156,0.07426946869534397,347
10.930010207945934,0.3158025351106772,354
3.9408272641914466,0.02883027568614815,356
8.065045961592723,0.1268907345274671,353
3.3660297980335905,0.059412535264413785,351
10.135829853283335,0.2765412036337746,358
9.473913833330663,0.09823732132390768,360
7.708854529528047,0.06095222414277804,357
10.422146526566332,0.1923442173607505,355
12.476657355452293,0.18518152532386267,362
6.438782819717607,0.09543591651224498,364
6.065219726027372,0.10053582174164402,361
2.979160880082312,0.09573523915734918,359
10.005785670974753,0.06084864791187422,368
11.639248401796928,0.06431931056659083,366
5.278237899860773,0.23316325549489916,365
6.283962354404489,0.04232555226300538,363
12.260166821041636,0.1220768142037144,372
11.535081838912358,0.23016806075834434,370
9.467335279921258,0.08500539534171202,369
11.17560990002351,0.2511500277274951,367
11.559749561872836,0.1681866304176428,376
9.216471475777162,0.11827099647038196,374
11.43711511592189,0.2523839744045283,373
7.543328868021936,0.1927176492490209,371
12.050330310773795,0.1699862212479274,380
3.8538177144371577,0.09682749871559024,378
2.7011351627312266,0.13071791390860396,377
6.0813841662005625,0.14216847419329146,375
8.563871890895761,0.23096095674291997,384
4.774293426257373,0.110057987581207,382
4.814575832021863,0.027964301426288554,381
9.603427844312789,0.12504426006475736,379
9.095450750274694,0.32520540817502697,388
12.436432177279636,0.05035234558033546,386
9.973529228776519,0.13831390011997138,385
7.989079991770852,0.2157142912685276,383
6.228816806016514,0.19240053834255494,392
7.260027428520895,0.1498279279848108,390
2.880907460743268,0.12685797127834722,389
11.976271666189062,0.10644049600631385,387
9.445491380360949,0.16280263749715998,396
7.58821764439619,0.11230546792608287,394
7.4518929172172355,0.08799947874034508,393
4.131779435355286,0.13749888158337759,391
5.144382256159208,0.1912416461001043,400
8.910247141237324,0.14372700672903796,398
3.302025823100899,0.09169711067858338,397
2.8646677625071026,0.19246564496284332,395
5.5089754025150235,0.18708908696262927,404
3.564600243217396,0.1464788574626132,402
9.998010075723894,0.09840205222309713,401
5.633810117226212,0.07114477512899024,399
3.2372895911389046,0.08874024313443332,408
7.151920652805103,0.18104579896079004,406
11.840208226863698,0.0691013408389165,405
4.255740540193118,0.19472744548468646,403
8.959682588236266,0.1554944044878925,412
5.841877397065395,0.07640842171114687,410
10.630994030856403,0.07798391517767032,409
4.768695992345253,0.07136237282205032,416
6.504241131952055,0.05930570958187497,407
8.625738963064178,0.03326972592206353,414
10.079094394885733,0.08643498003069201,413
8.430089582537551,0.10077274828407475,420
11.096641985344075,0.10072594434825372,411
11.489230692477898,0.15767075320184565,417
3.433586937818479,0.1239061281840576,418
7.4928555941055155,0.07090169158285972,424
3.940416258913552,0.12893777813719504,415
12.210481873990002,0.2191157743276385,421
8.905983236122301,0.16196484692977173,422
2.6494834381189447,0.08290036449453124,428
10.821602337341497,0.2572916545738601,419
3.126527760498632,0.06870141215634937,425
7.748139213487849,0.02358060470317647,426
6.505253201861038,0.058323580682826115,432
10.224864948422645,0.09731857080477829,423
5.509487276832827,0.08942738927948748,429
5.895612090324978,0.042613215996277085,430
5.021680312205724,0.32104758076232454,436
7.294784628678411,0.13573555717622096,427
5.906972275246218,0.18867817671060064,433
8.913702607440271,0.04944899932947608,434
10.820828527826672,0.26506020449214235,440
6.665844188255075,0.0672869352516808,431
8.317915600150222,0.14423450838103122,437
11.691566071938865,0.130814213185905,438
3.254229987171188,0.17093261701144957,444
7.7500028336537135,0.08704538584397414,435
9.657869148997516,0.057071622454408236,441
10.233306491514522,0.28070224297595736,442
7.1027978816391455,0.14886854357851523,448
10.561135523954452,0.0913305845373556,439
12.438525237858386,0.09525936929033335,445
4.654861693076391,0.0892317471497964,446
8.476043352180683,0.08291829684210156,452
12.024894417435103,0.13201167668785696,443
7.42838266534033,0.044693653876852465,449
12.46792819191537,0.09873234598345557,450
6.532492311234288,0.15338163229018165,456
7.411426456799582,0.22598340641976097,447
6.361195537990916,0.0999566906786158,453
11.907780560397205,0.17177961102606384,454
8.204156042337319,0.0795649057679491,460
4.5655209161818,0.12468446960948043,451
8.919655356597442,0.08721237715567431,457
3.8207973450189767,0.15324263191284548,458
8.386365329354106,0.1649979040544992,464
7.854548761751417,0.15844716540369444,455
4.381995509064707,0.10642871634689428,461
5.53473496230678,0.08430188508011972,462
7.396991364104926,0.19133547604513193,468
3.619893485511745,0.1304902924364716,459
7.819760000472241,0.11495030312648494,465
6.306262451147565,0.04053388028822892,466
11.980068988777274,0.15765095081960484,472
4.979174006573173,0.1793651297806622,463
2.7798933195058897,0.04272540517163764,469
9.225768674644858,0.05401215717527308,470
9.569076559825508,0.09772397659782446,476
9.851961590082185,0.04696279262017075,467
10.666377027630332,0.055957571346843704,473
4.867260082056745,0.0990753006064186,474
3.351232580206257,0.04674388154139436,480
9.584923797963917,0.15140995736842405,471
8.593317727129053,0.26847521983213785,477
3.205756619397715,0.03491848543124002,478
11.999361821365893,0.16204538787180875,484
10.365923520550417,0.11300441620732571,475
5.815879247135223,0.152949614927236,481
6.908600814723297,0.017901087841060537,482
4.6899229669469475,0.10618275390981405,488
11.32750494979962,0.15182221726348716,479
11.139207627799841,0.10359765662111427,485
4.394230187172962,0.24247712670601965,486
10.951460600178992,0.10278914062365462,492
5.703557531063005,0.13896041022900585,483
8.878846688083806,0.12388129530431771,489
9.13298464155427,0.16691235084035055,490
9.563421754478156,0.12449144073116446,496
7.441325722529583,0.09503065992372339,487
8.670356393008305,0.14084458446197484,493
11.6387410251466,0.06784844812311043,494
8.475178090213788,0.08795926290527416,500
8.830664343731037,0.17330493426273166,491
6.628083274813718,0.19880482423012794,497
3.215063775003042,0.1662437524033805,498
11.410888011540022,0.05593017475073027,504
2.8207880576087074,0.06549869555343257,495
11.474508490340927,0.2371122024128498,501
3.055054966203402,0.16120797764564707,502
12.422736693762426,0.08139068534388011,508
12.314774544082589,0.1448662558984023,499
3.4223232443334006,0.2038031890377115,505
8.687536787805902,0.11123238603416255,506
6.0547484074049205,0.10191315641448727,512
11.696156862730987,0.1578198491870143,503
11.444928689221381,0.20251774638657408,509
3.9879906013351496,0.15626549225140463,510
5.963614376255185,0.02287287949183417,516
6.330824187828639,0.02542890294237812,507
10.758081296634941,0.1451035089394591,513
8.149468437584982,0.1627255470522586,514
8.99752218477812,0.13787350368644943,520
6.785939058245303,0.0682385283773597,511
9.068461250067372,0.2114541752150709,517
8.594269009751063,0.09720643846996903,518
5.012108867945329,0.199101622295543,524
3.495167940505215,0.06566643859798943,515
9.628509556222822,0.010730741615355994,521
12.472823005935606,0.15534015623486352,522
3.1067870862658986,0.02798803393302355,528
8.53637984782415,0.06801749619024854,519
11.336701755748448,0.19052613278708266,525
10.641673400189486,0.08681181447894434,526
3.393365467662952,0.11478510872211883,523
3.510819205519068,0.19957406899791008,532
7.321102687139169,0.10298616116821468,529
6.966663519810891,0.1212896632976388,530
4.602512495910932,0.1413435364816942,527
7.055921682038706,0.03838220031538609,536
6.899462148594866,0.07092673387521357,533
2.574791933076559,0.06941937062300431,534
5.0882991703971445,0.12023881259584952,531
10.801350584239774,0.06029751512145697,540
8.339488281438268,0.0749589117617415,537
8.782595435590126,0.02427851787760765,538
11.8966433663425,0.16303801471687862,535
4.194376771539671,0.19787599796331,544
6.372411568448485,0.03743939531005501,541
8.17608771425574,0.1271687732406923,542
6.9086692879180465,0.12248646096218088,539
4.776365234614998,0.19917633913110633,548
7.196114889219936,0.13929889820943808,545
5.293261776904995,0.09583092515044685,546
10.914530200358318,0.10870381893980739,543
6.449744432047262,0.19973478827745816,552
9.21430368758272,0.1990766279860916,549
9.831729328838351,0.005538452577263492,550
10.893901362075201,0.11684459631999722,547
6.427315044020525,0.022211566470613505,556
7.457410241900037,0.28923932589376355,553
12.233697314385712,0.17458154776885346,554
10.698191764075807,0.2500002299002449,551
5.201869674651913,0.07303677604793123,560
11.850161404737499,0.17061428162529677,557
10.468377891888716,0.11909300211565373,558
12.087718444308237,0.18552720946689716,555
3.21886875183674,0.059606665344376225,564
6.703115403447062,0.10627841725903403,561
5.863835470788338,0.20488407145165152,562
9.345162363922771,0.07154401631144881,559
9.06838837327081,0.174779268793278,568
9.404507146455863,0.11707732820105772,565
3.075283695425939,0.10054762100332937,566
2.717822292348796,0.048951036241880186,563
8.228409458188686,0.03464537048341699,572
12.473664892905777,0.1792042992707842,569
5.159502685257056,0.16131418938860748,570
5.168967208383547,0.051614769206670554,567
3.5953830300877385,0.23864699781197768,576
8.430082937172386,0.1263906045506211,573
11.289827908234393,0.06384245202077624,574
8.526578025426975,0.12234261608537929,571
11.246942494954101,0.14272722034667598,580
9.939973443353558,0.23000448895664372,577
6.895114413305297,0.1553562740711753,578
4.784679609187821,0.17025951895151495,575
9.386372843214119,0.22376753063616836,584
7.7486176319088615,0.027196093329062355,581
5.7461951803756115,0.019560432371906012,582
10.713433555023798,0.06613629265024977,579
11.421748062251519,0.16007823336010918,588
6.698270419282316,0.14480555777562484,585
8.964500949194628,0.11037619434309703,586
11.77119120649357,0.10761269041323059,583
7.504827307824798,0.07922825337280398,592
8.460549091496507,0.1833542289942091,589
7.290719468382656,0.03421926736511985,590
9.992238488666082,0.19258838062682596,587
9.969758388194357,0.1540255707362567,596
10.060330136643827,0.2811253112581213,593
8.878112298848816,0.03250490525989436,594
5.64561519577294,0.1710343404570267,591
9.294657619510977,0.08300154378150428,600
4.337609499897921,0.10404899558411435,597
9.37982937490828,0.21050111558761442,598
5.1840992547492295,0.12080016588982137,595
11.219718718463257,0.1393669741026435,604
2.8807879445503293,0.10282402552778983,601
12.114337924758498,0.11705705322725729,602
9.356512638546615,0.16717924560970146,599
3.256035799744572,0.10673672040708725,608
4.605959324858608,0.11318209264019491,605
8.110239569101138,0.23554634954464346,606
11.039069216321815,0.07885028421577295,603
11.497040328379587,0.2237630502847075,612
11.063033304751501,0.16840871135558888,609
4.187941803193727,0.19464976361067174,610
5.635830344322615,0.09290727115725506,607
3.0646537362900936,0.22002892200007357,616
11.705185147520007,0.142243499934755,613
8.772201750180878,0.05531815803957532,614
8.484850609487694,0.038065508217120125,611
12.290012439889113,0.22053169423362387,620
8.165285017074817,0.10578344616096091,617
3.437649828516035,0.17066327256616073,618
5.153821119482394,0.2359666000205523,615
4.012580712578057,0.17103284331472168,624
10.000686809912011,0.18126708927701385,621
2.7166056716615747,0.07278511455264979,622
11.307231855290444,0.00816981685568363,619
3.1348112058286928,0.09446136750834062,628
4.895665153050839,0.17138718061967848,625
11.479005413484355,0.03356202401539109,626
2.942121278583575,0.22277190669733302,623
2.8815996805247757,0.040843940994122446,632
11.727826063511447,0.10193528947875337,629
9.634146712442273,0.15208169437036823,630
4.330708547599741,0.018391888885184133,627
10.105338598414324,0.12225241567890295,636
8.541356516671517,0.1909090502473126,633
7.582836190599088,0.0010574825891394692,634
6.4491884244593765,0.13321538425007998,631
9.70886374647737,0.07775168499028517,640
9.201235046644966,0.060482590040878616,637
4.833157605452842,0.06608074553877917,638
10.889883863116562,0.0712023518678875,635
10.842925422525388,0.2080230259648589,644
5.709515368710527,0.11247547270387102,641
3.4397751598563078,0.0736692591942531,642
6.619402157591963,0.18541864296401867,639
10.113391142533576,0.03581661698681059,648
3.2731827961314277,0.06345477207663333,645
11.3884298844638,0.11795162168103013,646
12.270427760892519,0.09747687535916016,643
4.699730129492707,0.0754661517266434,652
3.674282116064208,0.22517164246485472,649
6.233983742965768,0.10635836138190413,650
11.354509857276462,0.2117908222529745,647
8.907653899363867,0.01764605060579829,656
8.05702942923218,0.1227610384363308,653
3.147467751002554,0.1418001106894443,654
5.625308980200089,0.12726296229797238,651
10.27511055377608,0.028124320622966922,660
9.804571431406686,0.1422110718424333,657
2.5610355826004794,0.14682734085825022,658
9.749233685625747,0.05197880878233192,655
11.616170619697519,0.15714428744639436,664
5.231803718860846,0.1584752812242989,661
12.394230460392127,0.19767815297384195,662
3.9294934972687456,0.15078515112079188,659
7.2732676674290175,0.10196753155624455,668
5.51947950045943,0.19238536347302282,665
9.439494307924095,0.08957703122750367,666
6.3360391084425185,0.04761851826415986,663
3.323668957999031,0.11314580651002988,672
7.652036925644975,0.06068655152745709,669
6.591803014365151,0.10384118251332496,670
2.5933949912097685,0.10737180851452831,667
10.47320047133376,0.25300878741803196,676
8.768470452007227,0.13776961649440414,673
6.819912640414312,0.19824364587216758,674
6.657728322455134,0.15034328739422015,671
7.6992978279367446,0.06093153491919077,680
7.417226250828028,0.039282714859871996,677
11.211839709941653,0.09331202078523818,678
10.907070357087905,0.038687306998206286,675
8.594529426200612,0.08745756872014694,684
6.26861476321949,0.0435204534391537,681
12.114436762401557,0.147859592185851,682
3.1746394028423106,0.19114502294203672,679
8.347877256798387,0.14030001401448422,688
4.020002026930851,0.1948161619643205,685
10.787882080351501,0.23207587913872177,686
7.6924724609233905,0.11924648873290636,683
5.371329766935913,0.14479208458202078,692
7.168785953265219,0.019859467506815217,689
6.693352143676843,0.09875277815463399,690
11.81429036968597,0.10726184552885598,687
3.184583230193595,0.13375648766934664,696
10.561767414332785,0.02594327346799047,693
11.410657158730459,0.2725326820060148,694
4.169637450645318,0.1296950667304537,691
4.052152999773511,0.21553113707204397,700
6.261226902994101,0.1219866222052511,697
5.961847832232635,0.3434422500746824,698
7.840219370145393,0.039195511652922815,695
11.907105252038363,0.08925980964166479,704
5.777322131194528,0.15352722448880377,701
10.903542801879775,0.027193662863149393,702
5.764022246407057,0.23430863290519732,699
3.872382490991828,0.0979472031051697,708
6.614192868241483,0.15395372686646325,705
8.087282494649095,0.18051937033218696,706
7.764254443122453,0.1015242676970235,703
11.08761947917188,0.029963361961341434,712
8.291995335961612,0.23606542907600594,709
3.657305474907211,0.14044415276533437,710
8.212056787911777,0.11846085041952902,707
5.12059949518909,0.11496067171852407,716
10.224403843206563,0.03805566225554434,713
10.153369055801203,0.2713794892761105,714
10.115768240356795,0.12766168071658177,711
2.948410518795365,0.1315183758483995,720
5.542386777487501,0.009401162663631106,717
11.30913165601184,0.15541259600423385,718
9.818651906705583,0.07715470868190688,715
8.38635455302927,0.10653511138548376,724
11.004408555795816,0.049520714481103616,721
7.697215982117517,0.10510763875875025,722
4.186033640745857,0.1008733940453983,719
3.633294556019134,0.06755714645353644,728
11.055048485378093,0.053542007531708374,725
10.365667711672362,0.07298803530037341,726
8.12035272092262,0.0171114776694757,723
6.808048565334878,0.06308248313777698,732
2.9907255597365543,0.17109605230860897,729
3.2760379776818627,0.05762342362826885,730
6.863276036619993,0.18145580873688216,727
4.068780734522778,0.13464936843971848,736
5.035935842612047,0.05685385124819664,733
11.12740897911857,0.15217356128093554,734
8.779302496599325,0.24536257738540984,731
12.109496079032022,0.06327689713163513,740
6.025786504099374,0.16494359775862105,737
12.461553737562166,0.07597947198763495,738
4.622937796491257,0.0717572399012063,735
8.04702891451744,0.14861469860782947,744
11.226910332935859,0.10835893574380656,741
10.964813782751847,0.34315684250113265,742
8.182738360017524,0.1917851720349378,739
9.703320264244066,0.17975119198509693,748
7.365124973081139,0.0628186117707598,745
8.050531305855703,0.2676408569242377,746
9.834729815169428,0.06422511496398335,743
4.253291541059674,0.186253237736193,752
11.256641232836106,0.04793618496141053,749
5.018037515888894,0.10756933780830838,750
6.19561210757059,0.09824162535582615,747
3.3386804626719293,0.1163241745664817,756
9.115213861400907,0.04111535755105818,753
6.443906079373197,0.12047548799927554,754
8.081372140064218,0.19804993566155776,751
2.6937374039357973,0.08295213866708016,760
10.148558451481673,0.11876094949255081,757
5.3388189509161545,0.09548812533759524,758
12.296570897673828,0.15471908055111386,755
5.8203911372633925,0.26099888643578123,764
6.483491316523157,0.19758299415258315,761
8.64564673902948,0.13500672183493345,762
6.981477446302167,0.017621555639774147,759
5.628587801889433,0.12770880868244897,768
7.034317192140801,0.03601572947129057,765
5.4959493573663085,0.10271284583439595,766
7.271410553344345,0.17944352257146834,763
4.117238718716556,0.050084932126481685,772
5.087489855961885,0.1275408259399304,769
6.832981656590059,0.2662031580090726,770
9.765871488566837,0.14257715545465247,767
4.204211603150945,0.2203651604694021,776
4.91394988859615,0.05066324348988745,773
11.717437889937148,0.16189520757900955,774
8.765331058279552,0.1883835885422264,771
5.480085492970179,0.1921790530165595,780
3.8344438530509386,0.11120723163937513,777
3.386240845015224,0.08123859553877075,778
6.099943606730234,0.22570652103744482,775
2.5731786165608197,0.058408614476872484,784
11.839945225594072,0.08496222763905549,781
9.591558798732633,0.17323335810636786,782
12.328595598330637,0.2829113975627688,779
7.720050288630523,0.021001003276962363,788
10.58705938881842,0.08459208202383753,785
2.726210295525825,0.06775356873937165,786
12.096661506525736,0.11844834387457769,783
6.480733948789403,0.2634580286139799,792
5.909311941326395,0.09272750353357344,789
9.167323532468986,0.1234025134210056,790
9.17365163498813,0.13560838943357376,787
9.786431202335061,0.14554752727381068,796
8.88755164487582,0.11437468962904018,793
12.088798855648509,0.06338926850980496,794
4.353272735430018,0.15982358544382735,791
8.115406197973234,0.10330154665283967,797
9.250619180814194,0.054139387623112316,798
7.048905479615749,0.2644668162576324,795
6.138577156822825,0.03197248720378781,799
