8.52272189299164,0.11666619242474069,3
6.610468941535923,0.12268047635972626,0
5.3956882574441565,0.13236680676011148,2
9.372595232320021,0.18940491730462938,1
6.7752525082154955,0.13791458187230143,7
6.248855040871886,0.0593389404125299,4
4.636304736449369,0.1591979863661263,6
2.7408910512068263,0.17706345004002363,5
7.108620745253667,0.08278060154191473,11
2.9475856774883837,0.1402553693791388,8
10.342569445380416,0.17991901257406182,10
5.294725509297285,0.1476495645324052,9
3.194239082088395,0.038481283736487605,15
12.055154182724086,0.04496871609857053,12
4.037482628844921,0.13903188359334373,13
4.143427921546038,0.14300018397297887,14
6.607044889015023,0.12577251534876827,19
10.973296770074935,0.24738842601381866,16
2.7313036234669807,0.11805784295746258,17
11.849615706000117,0.08560087799508842,18
6.448578969949054,0.07230631283899695,23
5.941471904259734,0.13453292596616326,20
10.11096859868405,0.1153318876939336,21
7.503365797390398,0.0737803380028564,22
7.577036513988053,0.055665025441645644,27
8.626516280099082,0.10629574336024877,25
4.3711066545761295,0.07669115409160532,24
3.1235765584630815,0.17814256490790342,31
5.103417029474597,0.13768090094165628,26
9.269658413868404,0.12568738487456407,29
8.609283077278013,0.13501945249570277,28
5.103309674933268,0.1487974609842073,35
12.316355854032693,0.17401387311733899,30
9.399390578765164,0.07048413911820112,33
4.395198901466854,0.1299346521645275,32
5.1213408419805,0.2146870635690509,39
7.246570415270265,0.06880755227598125,34
9.19687048411073,0.04401234405144649,37
11.62547170814937,0.1366789399538119,36
11.150938845403251,0.23297832338194702,43
4.488931307750052,0.38948434131446197,38
4.886277538224344,0.03014711969083042,41
11.099878750161983,0.16896808337117905,47
11.671800400894627,0.04980954869612145,40
4.4592861850817345,0.17351680692554539,42
6.941309829498266,0.15342675180335585,45
9.269042659903796,0.1400951270845589,51
5.340931902856207,0.3370463484162986,44
12.228558738031204,0.0821122074870127,46
3.920903747545763,0.10746146011194974,49
3.6905769810696754,0.11636190038732426,55
7.722334571828676,0.14312579824939534,48
7.4553106738572925,0.03359667015233915,50
7.640431693060631,0.10451054518621394,53
10.326340326690094,0.17415166750368677,52
10.005035655073726,0.1281726807442721,59
6.024582048691522,0.1217081277065925,54
4.386432378786189,0.11067290046285497,57
3.8813299672078516,0.1376380924971536,56
10.204533964986252,0.062478268290136446,63
7.112331154560232,0.18069270724282588,58
4.724479371989777,0.08157168870346942,61
9.564257472646508,0.1791959084270649,60
10.84405194614511,0.139285475309009,67
9.528919367595204,0.040154440445740215,62
2.6086190200287387,0.13902941396238766,65
2.731339172627224,0.1297889806680779,64
7.668335722484651,0.08879587792053933,71
8.604229992576553,0.1278403803396751,66
8.415092369231663,0.03321827996640845,69
9.782557822193318,0.0071632226955376105,68
10.856212795592837,0.10315872440451075,75
4.584921119411448,0.12098592737199408,70
5.166870664804576,0.04973868565536771,73
4.66158847128626,0.018534635436576047,72
6.433264935649333,0.17565769876700943,79
11.429911054547844,0.15519918980334718,74
9.512390570442072,0.183269950339892,77
7.7574747717458505,0.09676218955988904,76
12.023287607443628,0.0937427739430996,83
2.989070465624418,0.22554880860240778,78
8.862427415654938,0.022881875126174855,81
10.512252010294617,0.07415427094371682,80
10.735440440149516,0.036975763320913756,87
5.675086600338995,0.2564486752771329,82
5.6641150234118705,0.04264631163713818,85
6.5178482474632835,0.13838039969345717,84
9.586730475089603,0.07966271513867094,91
10.24536379048052,0.17574503943982955,86
9.251171129761188,0.06929451235808069,89
7.252210051071565,0.12195228483324841,88
4.229902289594375,0.12493365983365493,95
12.05409303348268,0.13357293893471403,90
7.983616189974424,0.06941143422882377,93
3.4516974390588806,0.1343411259869922,92
6.404668584501891,0.08352415191785995,99
6.239181553379407,0.16539497113465113,94
9.290296879033503,0.14332608906521435,97
4.392036382542482,0.1416085549573258,96
11.351282398179878,0.03269496803802104,103
10.031039669809397,0.18833631347974714,98
3.5058620780722363,0.037613208748212,101
9.952035042082734,0.036813846285818554,100
7.782885141754169,0.12097342867468795,107
4.193165748674832,0.1386199210994871,102
5.962114195635859,0.062405775720765305,105
5.02558529670735,0.22268997006459468,104
2.5309855792348634,0.11889699248715345,111
5.508166557030093,0.08640050176972235,106
7.160047295658167,0.22204141915954542,109
10.808863587453096,0.2180125910874891,108
6.292519616993864,0.13920849961991094,115
5.933977471060405,0.18522024328674472,110
9.985684279987343,0.21462512843111106,113
11.172744710922997,0.15812137266290976,112
11.840201223819943,0.13704802015500903,119
6.52680391357952,0.10824829601811825,114
6.845711817627558,0.13536173660151163,117
4.855747661044818,0.07128190538943237,116
3.38259833076048,0.036094644861622,123
11.57024181226215,0.19509636780179335,118
7.1622302287655515,0.1383975154426543,121
10.574804518033227,0.12520923878480686,120
6.581359191402692,0.05681046167057894,127
10.074816320613357,0.12330710684784643,122
9.790341310478729,0.051057516532975945,125
6.996928732019882,0.1013264800419007,124
8.706054819453897,0.08338545997854746,131
11.34720241028736,0.0886979509840756,126
8.973579809212552,0.10977926956580714,129
8.984472508039705,0.013247334567135526,128
8.524698333085013,0.14574281463988886,135
8.326309218662026,0.16095578077265407,130
11.205468755005342,0.05896088489078415,133
11.650514039578251,0.02111209686027519,132
7.6725154607490085,0.16717805484189732,139
9.01384011388199,0.056304228785033286,134
5.43195942718226,0.0823712904333716,137
3.215910374869264,0.07783565980819487,136
8.20824967612794,0.14831950576162292,143
8.81507433928288,0.035575989450876755,138
8.752617793598567,0.15686211548202939,141
9.662197489064711,0.14112679617270935,140
4.239911370802895,0.06909331033528547,147
11.81517138142041,0.16170252325593115,142
3.781510164573487,0.2167952400651935,145
10.313613063193133,0.15786560079702536,144
9.248944874690135,0.050350456349092965,151
4.26314057168606,0.03732165647169763,146
5.678261926860504,0.2620215179517215,149
4.894961059391373,0.16494741394562018,148
9.222938636473435,0.17599503753169,155
9.287755089708497,0.08658024024543655,150
12.44296922134806,0.12518063310614566,153
3.8377408000786306,0.14467547932223013,152
2.9517544033626697,0.11349535223443807,159
3.5370911169070194,0.010340876330018607,154
9.684745234142753,0.20690043795388902,157
4.53668445079026,0.05450664059087588,156
10.423014269250231,0.18185825574967765,163
5.840899174173845,0.08424364110620282,158
3.2505200316971194,0.187742400600115,161
6.652219521439482,0.06461488464321796,160
4.9025168452896315,0.04479154139541178,167
4.75801751029522,0.06847183958469767,162
6.615123609757761,0.029680574437528598,165
12.179649694492841,0.16550634060791297,164
4.339605378075932,0.1225045148276101,171
11.655908749797772,0.1063450027186492,166
4.874521000102378,0.26202492106757796,169
3.705272343185605,0.22235425182943294,168
8.160562207074705,0.056702444931403966,175
3.6783840026345684,0.10129332309409066,170
9.573401514889508,0.1117491362786297,173
5.4446026750447105,0.12343789335225577,172
5.844236790121728,0.3035981594426626,179
5.650688051563458,0.08045680753744419,174
7.577962860361168,0.12382845003802745,177
6.227514809577034,0.077073955298462,176
7.449062792561152,0.20030158300760548,183
7.505634636967889,0.05697021862945322,178
12.00147054953378,0.06683019689302273,181
9.187778221553465,0.14136159814260682,180
4.957822832164437,0.16111439116069562,187
11.81656266583654,0.22941613195150717,182
11.517725821642745,0.3195398530018441,185
11.22540861158415,0.08891384433131695,184
10.159408460799007,0.06472994568843093,191
5.248917902071641,0.15560571946068047,186
11.872004406602809,0.30780801789181367,189
8.470536779860783,0.15635614991301205,188
5.897665710201311,0.11288260565277163,195
6.648159571262671,0.23210340921516767,190
7.215520323535443,0.2108842002302459,193
6.081975962100124,0.06003990410755085,192
5.172087931404377,0.339929934971078,199
7.292736976377741,0.06882452031338361,194
2.839211299547295,0.11210170596264496,197
7.397163496695707,0.1883429930475844,196
3.202504238441406,0.23972432264779464,203
9.036316955810518,0.17170320453818327,198
2.8509247664293182,0.12394977801035566,201
10.60952030404838,0.22380056128995474,200
5.335952695593319,0.013726251393530254,207
7.396433104053873,0.06995716347059687,202
2.851371830591747,0.07787835225432704,205
9.08622723941427,0.07351077327806059,204
4.409126730163321,0.11349957523022487,211
8.279899209967796,0.21933298682502309,206
3.434712377497654,0.06320250674403302,209
3.418670257929203,0.18949070772774834,208
9.507207927645883,0.13466922552466365,215
9.943041756928055,0.09945562457100202,210
4.503352716217254,0.09773068404243875,213
11.48521718142078,0.06226651458737789,212
12.00947914887889,0.15975690223404104,219
9.708914349682395,0.10866104785876121,214
8.438496260058574,0.14818660028267627,217
5.832271198978849,0.19826186903595663,216
8.901646952849703,0.266960804275798,223
12.07650337655338,0.05343858359460732,218
6.509676720651082,0.06656018320947336,221
4.301478901065005,0.331395007444623,220
4.677977127191415,0.040592475366720615,227
9.631831284654815,0.051320372350874166,222
8.352373232761648,0.2321836396844602,225
12.388830869164536,0.05968574721635026,224
5.03010931364936,0.09732577496773799,231
12.306003258253876,0.062079288716588216,226
9.586468092703695,0.1414741607223751,229
2.852254601880574,0.07486158025099539,228
11.34618927343806,0.060539377306828304,235
10.618185750691868,0.06958610386498,230
6.238695157110373,0.05602367173794142,233
4.219869434744684,0.06748198141894447,232
7.948263273426654,0.0432540086671402,239
6.6834057734178645,0.062164900378458246,234
12.435388457606862,0.14434569193567556,237
10.412353346309102,0.105604392104417,236
12.177603703041292,0.03526450423035262,243
5.005821514189696,0.05895433964203833,238
10.526090157131504,0.07110010174960092,241
11.747657263899054,0.046962212432784325,240
6.011072023382144,0.13740787952462669,247
11.400468956244246,0.11683200681916826,242
8.469215845316231,0.14537753818993218,245
10.651763900432673,0.09594893418765463,244
3.7469805300317702,0.11243361917784118,251
5.822847814618069,0.11021703423410828,246
10.351259695989238,0.16122492432173047,249
6.21405898073959,0.08609369097612003,248
4.956358931623931,0.04725995466172721,255
7.660462050412651,0.27056266669765405,250
10.969369396630622,0.10962850298981591,253
10.275068806062052,0.1457291434116616,252
11.816727944292056,0.17673768051711392,259
6.740137205385686,0.14039030897066632,254
6.964206186836989,0.17729058295294892,257
9.391584991079457,0.07039825450413566,256
10.373067916317392,0.1750757378865774,263
2.8398345807787817,0.04965643476262174,258
4.312007693740224,0.13109274074695054,261
8.65131093071301,0.1711786808008926,260
4.802678895447298,0.20257858687677213,267
4.631357265178463,0.22269211842014955,262
4.251892164077101,0.0872862386094191,265
8.619158564523637,0.2754165815228431,264
10.120590233655324,0.13304257181310575,271
11.651584997518796,0.10720813777899128,266
8.399083689470297,0.11935986506598195,269
12.383383768414088,0.13607682874266366,268
4.285302827789094,0.044251963388329665,275
9.222497864054851,0.17680368907726263,270
7.312043684752042,0.10731188827610756,273
3.741540237588914,0.19294327373277576,272
2.7825456193671263,0.06669364410461313,279
3.8538112770002577,0.11797780474710791,274
9.961908706260653,0.07762402070495555,277
3.4195698103773067,0.11485637900356101,276
10.018054538761376,0.09871054142976902,283
6.978813837691752,0.09390310873958099,278
2.6046492330667768,0.06072167275127841,281
7.201633869531654,0.15386561405286503,280
7.070664127787114,0.1547146357044723,287
10.306533014866062,0.08415746076073777,282
11.083350832938466,0.24656081032421745,285
9.69775758296564,0.1132336333091682,284
9.46588245840987,0.1418260715564427,291
12.037411990520312,0.139562463565971,286
2.6060309186334365,0.07862730745809202,289
3.935182003307488,0.10804824981306504,288
5.493267403210061,0.06994176461500047,295
11.333637290408957,0.13965825931477782,290
7.5186542626686865,0.20477207869442535,293
10.196293411477729,0.0829344331814413,299
8.296595250477957,0.12885228460348921,292
12.283754543403116,0.19366346991538444,297
3.397115214483689,0.12872169689942392,294
7.775671431348899,0.2161092523682796,303
4.999161192397068,0.11414773341232609,296
7.132430340551061,0.04448607071375918,301
6.206372291156769,0.03521912641548207,298
7.114738070105183,0.13170322693518963,307
4.085056156025972,0.15194015354886622,300
6.843505436928821,0.2510985923260982,305
4.928056674265779,0.22733792113725607,302
3.2344818794272188,0.15267364151314827,311
9.130158200084411,0.09090047345697544,304
9.366897893963763,0.05948642226586738,309
5.745895728030441,0.016642915414331785,306
10.868249038146436,0.25222481003044267,315
6.970526183937446,0.02930447021495011,308
11.927945250990174,0.11137836620545905,313
12.067114196560182,0.05904267124605699,310
9.989837464831815,0.18385331647964823,319
10.034967713683464,0.032545217817417336,312
8.766866473901251,0.12088194623526992,317
2.595937957124529,0.13325781814630952,314
9.648375546169703,0.10339863486046859,323
3.7721272557652985,0.1223183807541477,316
10.311777817399616,0.10470500298097506,321
10.194450501353733,0.0895277007001042,318
3.0469805320724417,0.10986023360017515,327
7.8284837757924395,0.17150942237223052,320
5.220072413181183,0.10072135948320798,325
7.5996690308131045,0.09618846813405457,322
6.2106265243914605,0.11924745598985265,331
3.586451852515257,0.08029284465456532,324
6.119506630069569,0.18278034540178456,329
9.26191613173037,0.06744152487181614,326
5.988108041682772,0.1947946464580611,335
7.582540433089273,0.1736124848906686,328
6.522094411214012,0.046374692687313424,333
2.820488223662092,0.1560933308111536,330
10.208566990134667,0.07881561161023336,339
9.65835942842394,0.15051709194273433,332
11.423776125178133,0.14423270986439643,334
9.1263853095172,0.11912997117551367,337
2.97485359395845,0.3311523122211596,343
2.8533582790970904,0.14873977709194333,336
3.5058355770940186,0.12304682007799897,338
10.041414052656542,0.03989279291388503,341
11.849589540490943,0.07210661788178306,347
11.155626791623442,0.17990376464154853,340
4.0009318069436635,0.12106816692502267,342
8.787706641587842,0.03216064036695034,345
4.445240541997581,0.10916552646350042,351
5.4839586170404395,0.14590560462522661,346
10.278890228849141,0.050729160870520554,344
7.950690385538833,0.07788225795471548,349
2.917090326026578,0.1143116611909417,355
4.999234915873303,0.05801066361953677,350
5.40033376540317,0.11472563871710176,348
3.363875182967082,0.2997489798228857,353
10.52402960346322,0.07651698612746691,359
10.779881617757436,0.19190210384097353,354
10.935161678950276,0.06713634499196393,352
6.00492246271166,0.07485032145095065,357
7.79021402111794,0.05786461019273227,363
5.053036133311295,0.15292068632346903,358
4.940176009923403,0.02542472029820795,356
5.813913211553222,0.14829674159624257,361
7.456000524379808,0.1523549555769866,367
3.27080229469797,0.10190153166578338,362
8.935798160151576,0.17419402349597124,360
5.61164663506743,0.08139717771975548,365
9.459889530397707,0.08956272321087848,371
9.950286392519253,0.13781850379178182,366
10.554840449957984,0.1279139712652938,364
7.869046941222209,0.15339613055042267,369
8.017899968305027,0.09057402242814894,375
11.485588693603214,0.17152542623169953,370
11.505338636159465,0.11880448622554135,368
3.8226275397117817,0.06778619106440485,373
4.381544805970927,0.0705182252657803,379
5.639959732389121,0.0643715553039936,374
6.872167422443486,0.23456901892465223,372
10.06584445499469,0.19234627995974532,377
9.672531942184946,0.22502910152632968,383
5.311247930790541,0.09857160050633756,378
4.022981667537722,0.09555001965453669,376
5.7279514882218745,0.11539987908416323,381
3.526482196638059,0.14108117684240593,387
7.996538477133539,0.02379612166310354,382
6.983065926187412,0.13922093115170744,380
11.979685482066307,0.022788005859116015,385
6.135145466502804,0.12020119282742028,391
8.29689082279553,0.18892795804524184,386
5.584143923669538,0.2132437103626415,384
5.002802838531694,0.05110212182404309,389
8.882769559994092,0.1689254255476941,395
12.483714678544201,0.13540876020171816,390
10.763475200828077,0.0961207517323363,388
9.819188409164024,0.11875756448665442,393
6.928920268959766,0.07237520101604185,399
7.567931764832454,0.053326716160073596,394
7.880248660112351,0.01883116955809267,392
4.639804395517255,0.053876292169012574,397
10.792691448045984,0.22443081701638726,403
10.014878436255383,0.13413032846019968,398
12.057504142275695,0.17417379153729556,396
3.511363182990178,0.16781551631544148,401
3.3735586782614346,0.08058759316531243,407
5.226126326174823,0.02441865952566949,402
5.134056406579736,0.12546255683671645,400
6.4298608467909135,0.05197462308795865,405
8.74099304917852,0.03895769548179082,411
4.0028398576932025,0.10214148607504275,406
8.670640652067464,0.14377796021852296,404
7.332208419821686,0.0550385817623165,409
6.130336076347262,0.1186639955896822,415
9.294824544619965,0.14927529393030456,410
7.370578413965365,0.1606471558092455,408
6.932090520697418,0.14726352797741218,413
8.544109910219746,0.07476291083958633,419
5.738306465127225,0.2510871387187312,414
6.805636745556905,0.06715962843278848,412
10.393831623109541,0.13635184083520907,417
3.428099232773852,0.05275840496375467,423
3.1586718549675097,0.08981407908336411,418
7.69579484649878,0.060662318389186745,416
8.198880285177257,0.12349714152923913,421
7.133705793432644,0.11076165236664384,427
9.830905816845945,0.07000793644097404,420
10.43472935765031,0.03175743734244032,422
9.397885295190683,0.09749741131019132,425
7.103919212862738,0.08051963329078561,431
4.074819944993514,0.052488431262591374,424
2.9145472438514197,0.2443715496346683,426
8.747145569553695,0.02995476496556565,429
2.526410489110135,0.15009699411604754,435
4.267467935181567,0.12066703954688096,428
11.738310347552222,0.11797562304128162,430
12.446445821999898,0.13278349107731385,433
10.090609527542345,0.12526059219393362,439
10.34531414833652,0.1417615000129775,434
10.791188107011191,0.028192462833116307,432
12.19257583662673,0.17329597058475554,437
4.424492742314636,0.05708407265106699,443
5.4823542622336365,0.1019943287244727,438
3.8535198031828877,0.29758999820060844,436
6.332512080026385,0.08095259126375902,441
6.5520003717288855,0.20660198666458449,447
4.507564231091008,0.12089510517935283,440
12.47115380132609,0.173131098281268,442
11.573428986008615,0.19072638668591163,445
5.377972894272903,0.12070098871146423,451
11.465556820052198,0.19753641831104782,444
8.28247944734615,0.109593293565036,446
12.274488700791675,0.12898500989951175,449
7.917180543152428,0.05625715093585452,455
4.728991409425048,0.11566318120556059,450
12.14985068531327,0.0910478636861776,448
6.848092771470194,0.07364804520661539,453
7.4256451118052,0.2045857339606028,459
3.8921236643476655,0.06556505809828876,454
7.489954437508911,0.11925400432466281,452
6.191812896509158,0.14070421766698712,457
9.044896173442805,0.08151219932822075,463
5.756575381258048,0.05831159052859064,458
6.921979188738496,0.22683210007004784,456
7.202854722107697,0.031609671284780566,461
3.160320664489676,0.07889106677630096,467
2.9489379220876497,0.07937846125812338,462
10.26209277553415,0.17689702403000443,460
7.696638016405487,0.13444429405509384,465
5.433545427319667,0.1697777697513367,471
9.599033374910716,0.08941682873279533,466
5.947566874779722,0.16410636344695537,464
8.189079136765674,0.17860264032345935,469
5.190149936766721,0.10355778359904355,475
5.892216464533017,0.015214856545526742,470
6.320753935973558,0.10713280936280484,468
9.91333066631449,0.16777553178148083,473
4.013138179634157,0.26265876791284176,479
5.758004914368398,0.076328607476703,474
6.329705807510674,0.08511916400968021,472
4.9937707030676854,0.04833954829198416,477
7.964623915590203,0.05763017191186207,483
12.152351584272228,0.12490259275755039,478
9.677713609739689,0.1489959809058665,476
9.59518809297064,0.1469795951199119,481
4.413807022676265,0.13108953871986115,487
4.400154634994821,0.1016347583125,482
6.949686423817089,0.06330895809623527,480
9.851256933928461,0.07395181701564396,485
7.840211623239568,0.08591577585218618,491
4.709899466355555,0.02479461912834038,486
11.11295263241701,0.08148170971958622,484
10.244145451828347,0.14934172550226937,489
4.622348247466577,0.14911397060000833,495
5.460574725689126,0.156697348451504,490
5.913045403851045,0.2526637754735243,488
8.605940204773184,0.09056906130382521,493
10.55307113257918,0.11122499561418578,499
9.562167324232664,0.08655369800257803,494
6.686742856141965,0.0639011558829652,492
10.656262382136017,0.08470897948007902,497
3.627621616439851,0.13290307872294757,503
6.118009351882913,0.12690528313154378,498
9.382750864092635,0.02197786246396559,496
8.235194795061808,0.03286178677048846,501
7.111132495476202,0.01966102539338564,507
2.9447060394575275,0.17409364823050041,502
10.719845492303829,0.010797746025727042,500
2.5022983880070537,0.10466633133176009,505
3.5310196087434176,0.10177079377041298,511
4.780208157173792,0.09860517345743912,506
4.816684748419559,0.047155319467975854,504
4.047884967333007,0.14662493376382948,509
6.779605459287453,0.04753293294570296,515
10.81813193824159,0.22475787090903912,510
5.6377145582729495,0.09300412164577075,508
2.5242633629385125,0.14808831787654408,513
2.745236133619442,0.12184256105789344,519
3.467376219833941,0.11191895981425187,514
9.688239585012475,0.04238615639807869,512
7.671103596142999,0.11341595106279362,517
10.131157044468601,0.033550569354213265,523
3.5625863726394167,0.19423483619059656,518
11.470877927871014,0.19358733567430095,516
3.509452616575884,0.09615269229643579,521
11.869048546651138,0.028314563043445047,527
4.998471068883931,0.19242140029581345,522
9.241873220352005,0.1248723769585501,520
11.190484391311818,0.05213703582352228,525
7.262523604238624,0.1136710283065094,531
9.878183181085602,0.08966976550574363,526
8.420760584796344,0.07249547199941007,524
8.162477009656264,0.08778313350538774,529
10.375651144700946,0.008443048873836822,535
11.685423411356735,0.14881474469417877,530
4.157420811344689,0.2073052430344504,528
6.684072315709601,0.25134003188746346,533
7.319828067938163,0.013061643478061583,539
8.64754981644758,0.2180688586903624,534
2.7214458093398664,0.0614364234661592,532
7.477816507912479,0.1167305653232073,537
4.960074822767258,0.16017461260194032,543
6.007836672072234,0.17866829832253023,538
11.848961073804897,0.19973916146558476,536
12.233409035568034,0.13397277695358054,541
9.54627263864693,0.021066007766652926,547
4.3828731346980065,0.05778708630612616,542
9.329763777599226,0.08441608372041286,540
11.177609901335195,0.13479594838837247,545
7.692177430019861,0.11461687454834246,551
11.915358446939136,0.16817005119914152,546
4.051147338955635,0.056870801796845866,544
11.314630076740578,0.1634327525951097,549
9.596382066499228,0.17448854658018187,555
8.809979962297108,0.05726050556676537,550
10.118218929147472,0.08610279112510583,548
6.744539228799367,0.11247349210604324,553
3.3554442862304223,0.1292974764080859,559
7.696807902921395,0.11914822268766762,554
3.291916636627057,0.07951926074276316,552
8.117199138316444,0.15789673058262857,557
11.083438068646549,0.13925407637947806,563
12.441897797874187,0.2179028522986433,558
6.347539430209157,0.2003812773451085,556
9.084706821579164,0.12460318338762433,561
11.466809046235552,0.08048171371936953,567
2.8888664981674426,0.24406299239676954,562
5.27674869754048,0.09295002665813955,560
3.531294131528803,0.08012775511847126,565
6.932721583843229,0.07378646479392818,571
5.90392503081206,0.029067671344754572,566
9.112654721513364,0.03166332484958289,564
6.129454758722986,0.05651687081233275,569
5.926996086814985,0.05049997849998461,575
4.33621451188566,0.0369650862112195,570
4.272472576919172,0.09441742842455281,568
11.997605021085855,0.05710995873054223,573
5.232698777119978,0.2702508259025446,579
9.905035216614973,0.07004145535069999,574
4.539772697311552,0.11130673540124447,572
7.922751565149337,0.23276155925763528,577
5.31269539065719,0.14694461591844907,583
11.909198764863048,0.11970509776241312,578
7.198474066820761,0.3051874809975747,576
10.29490547520125,0.19472680451087743,581
8.097924636376316,0.29519908856849814,587
7.592121509873805,0.07696112979824721,582
7.046743423249959,0.0750513605583868,580
11.361168934216368,0.15252625623205265,585
8.42719803613134,0.2196817071669504,591
2.6973662528626283,0.21451548592075317,586
11.377746037266114,0.05253902032523672,584
4.5011730115672535,0.07697530313771232,589
10.674699480958834,0.1929063527092498,595
9.990393668232413,0.13384664927811352,590
5.3895289224378296,0.0998814741755553,588
12.205228998219427,0.23039281787041987,593
12.134653419199072,0.1691320184429791,599
6.791632169062129,0.11319022613356344,594
6.049663190385059,0.16216412513831213,592
8.999571929394916,0.0606534498836983,597
3.790215756549389,0.09330456479804139,603
3.635496601262381,0.23228533415252875,598
2.8955789031607315,0.16031877390582025,596
2.6917897560054227,0.0705263179181772,601
3.3079215153279895,0.08012295908933359,607
12.289350074092475,0.06921444866761375,602
8.349895903502278,0.07444890739710829,605
8.645058668682317,0.05478099859665719,600
3.01707807339332,0.0959554045882364,611
8.839234476631553,0.15957171921482083,606
9.453921203954053,0.23800217096986542,609
10.284841504808607,0.13237623906144866,604
6.487304469352467,0.19366282784832348,615
12.171830415264335,0.06702740624490502,610
5.6365407898503594,0.15394311412805084,613
5.5247510309667796,0.08818070043835793,608
4.631660661259801,0.08562870540370375,619
8.286154285515567,0.17368170229496444,614
10.778985805098689,0.11085966227325217,617
9.16055659612238,0.10820247596117792,612
3.5054421192329377,0.15638371438129076,623
8.008339836433455,0.12316981986551717,618
3.8264969497087034,0.10080418509115946,621
11.676331253369995,0.2626894138100175,616
7.488937544677988,0.27885967908725906,627
11.910780812231064,0.09044013139960011,622
5.967184527614919,0.12786760975051412,625
10.595663801860786,0.11442119007657048,620
9.85203168923413,0.19463229087678915,631
3.9985844846384255,0.23925803536056867,626
5.767130417132709,0.10396386326693491,629
8.868725248628396,0.060528153387605615,624
9.572701707378416,0.10958066409467755,635
12.271854267179492,0.17454672927322368,630
5.183169665381065,0.10701603039765505,633
8.676390660438994,0.06879166461366347,628
3.633031083147511,0.09897152206083572,639
9.492411540263209,0.08402872307844099,634
2.6250079329085785,0.09305242711703711,637
8.021228180900213,0.06467781742178497,632
3.8235744274966086,0.08541605772845035,643
11.654808666608249,0.05527018306798313,638
4.728203213223829,0.20192491611052074,641
9.20223829903646,0.048824848384955905,647
3.4550809299880667,0.1327395321228395,636
6.2579267830350185,0.09593957306678784,642
4.94404029945148,0.14859224197713264,645
10.957931266835327,0.10837321890712318,651
5.230679163947021,0.12006080876339043,640
6.134639910795846,0.09713766376799489,646
11.50342960452151,0.11906308703504086,649
4.024648979405622,0.08780858260231594,655
6.949151787552093,0.08547883995632082,644
9.20419070400778,0.07218713443048116,650
3.2971039341164543,0.03315843956726585,653
8.730990097807625,0.14344141044181105,659
6.495062180469475,0.1902295632481456,648
9.55828480702186,0.1391628559138832,654
3.1555824109730013,0.13506807752033598,657
3.7745193048904415,0.07849515952424423,663
10.59043504108325,0.05140966109174575,652
8.243834828059608,0.35766648768225406,658
5.715566882445433,0.10905552125300821,661
5.970059494817716,0.02469798142119047,667
10.746060975415032,0.017320248764697094,656
6.864625203358803,0.06504866568749457,662
5.687651217110502,0.05723265141952993,665
7.052719828898778,0.04602306989338541,671
4.3551783400743185,0.16389626441201816,660
8.46759637414396,0.1560468238159956,666
8.000936893464882,0.048084049750479446,669
3.615509425110399,0.028014106606672303,675
11.848085650130537,0.17540433375100883,664
10.599250099710689,0.0698983451988579,670
3.439991175199709,0.07509063597551877,673
2.6379921808032005,0.12041909882345816,679
7.113430804154184,0.012578393486550297,668
11.110524261191285,0.25886384473465446,674
5.9458371665374035,0.17004952154655836,677
5.959496230899164,0.09870609195741552,683
12.291619543958367,0.25500619105064226,672
8.437142185905305,0.09377728319177381,678
8.685695771111753,0.18261461562800968,681
3.1234169522938804,0.044196257332597515,687
7.078618994139839,0.15858133744317868,676
2.6496848010303022,0.09916690650742574,685
7.180272428165933,0.10977961202240805,682
3.7681161401561414,0.15699276833723963,691
3.1523112171115164,0.2562997811673341,680
2.9591045349521194,0.2836367869715303,686
3.450663743019505,0.23276351772584644,689
4.949796692049812,0.12776555183594615,695
8.080857368249912,0.029960994902816087,684
4.557033395922244,0.21190792578288536,690
6.792986807370946,0.06012111645397096,693
3.5228903017400115,0.06456755800249991,699
8.043792115647724,0.07721897370873909,688
8.9069279101749,0.2795386957936769,694
4.019426509365523,0.034751207557101364,697
8.009192039646232,0.18286326261355532,703
10.98347776352796,0.1515155652303338,692
12.378970542224522,0.10018301434243729,698
9.945053457789868,0.23707148585939475,701
4.406829813447763,0.12300660318820687,707
9.818548678223252,0.05954484686809113,696
3.359206370465031,0.09360350337668821,702
7.369605866034003,0.09482712790877847,705
4.780251266344317,0.022259752762581915,711
12.03056397712038,0.12687331895322393,700
4.472384074158744,0.2394594007030663,706
8.80230067548947,0.02816342867390916,709
11.424136123284736,0.09800542315238647,715
10.95753423475767,0.2329235806936767,704
10.779848814177374,0.05865957554330247,710
5.178085840900869,0.04349995244789688,713
5.225368512409471,0.20174460743147213,719
5.970029861566922,0.10237820646737295,708
11.634579462363238,0.08830272640840368,714
7.118229700610387,0.10875889659803595,717
7.948987017661732,0.07901759194356446,723
11.672532967738475,0.21276468578561047,712
6.538341566191589,0.06600430966596359,718
7.964187020792037,0.1443942500948737,721
6.225475014578562,0.0067525498628657685,727
6.60079617287453,0.09772022928387886,716
4.093286163392614,0.11299364761361981,722
5.715583289606666,0.1507844617156428,725
9.796069269890415,0.2740024474024953,731
12.240343531122122,0.1378913860665632,720
9.303928328058555,0.06469556243999802,726
7.288269283986128,0.18554643006837843,729
11.339140773667403,0.13107815030218917,735
10.937582929405192,0.19129946237640794,724
6.292528651254424,0.09420866250099832,730
3.5697836075584877,0.12013289561154304,733
4.732146052774291,0.14750180502723922,739
12.403023837549869,0.3349057769557685,728
8.858269514609367,0.09192961262663679,734
11.246554270446797,0.04100398657454841,737
7.238643532277287,0.16050871463622282,743
3.2229906774789487,0.11867819773928323,732
9.746778091213988,0.23653402607506396,738
5.546509452534661,0.1541136401997614,741
4.221340801040027,0.25093155518843424,747
6.4671801894470216,0.1794933165762208,736
6.414103568935229,0.11299939430933059,742
8.2812786026558,0.1379123430197802,745
7.764124920335037,0.15953160911494924,751
6.215309437911695,0.012240343906462177,740
8.015340828926032,0.24903163110489818,746
4.559602730917321,0.17147343077174038,749
11.232821402711613,0.10366757895527784,755
2.917768802583114,0.12911354825944915,744
10.260266704863316,0.07368903227560507,750
8.839927186262539,0.08876341100326901,753
7.3000218912026735,0.07499928091415216,759
11.327990983821396,0.17518663238174015,748
4.923571188692078,0.09071589195982231,754
11.973232882189823,0.05861587676356153,757
4.843244367968914,0.030776698329123282,763
3.568164652673327,0.19137879993299942,752
4.557623189659048,0.11882827878423877,758
9.108645203028495,0.09366807172797395,761
5.913458750194716,0.04804520357997727,767
11.955018698176083,0.17708655260912198,756
5.3813658895879755,0.17059104153698768,762
10.144340960663698,0.1037042464400217,765
7.9826637084350205,0.1086826787836164,771
3.296188786619565,0.07771155102625808,760
11.764993451138944,0.09978607115047478,766
7.872700207063331,0.29031505494538745,769
4.836664117524742,0.057835859098777226,775
10.858019969635844,0.03935588241956839,764
6.223238928440745,0.07188652153848511,770
12.276582871335219,0.10325854078811401,773
7.409417760601308,0.05062909749427206,779
8.468744487831302,0.3426364468660579,768
6.26360874397624,0.05921091644884531,774
4.134025113714755,0.09769182785959218,777
9.890814547777191,0.020401337615018642,783
5.4701103659194485,0.211811260888234,772
7.86253989172521,0.13202194194136113,781
4.893253599984463,0.103055334988408,778
7.511017511750408,0.13989852389834487,776
10.54342573859586,0.15091733673132504,787
7.927498429407596,0.06968067224965538,785
6.235737156667382,0.00447876782926392,782
9.415666858146245,0.08452252391793859,780
8.469871742122374,0.08568849703888216,791
5.963985775165714,0.09942966826862672,789
10.589871611696527,0.14696173493729062,786
9.541595633270115,0.035498229258450247,784
8.934412515133452,0.0626652837164177,795
10.968614825716173,0.07647666735592158,793
12.292777573208134,0.13946362747565033,790
7.994042687117654,0.05450129425414496,788
11.964669208068257,0.1385540253778055,799
10.861856543890406,0.1671429022467565,797
5.134372338146039,0.20600514417592614,794
7.108391621888563,0.20576959412104845,792
7.123086704345896,0.06709438592003146,798
9.997036306284027,0.17637915326008693,796
