9.846684848494553,0.11790834308242555,2
11.66500158963836,0.15948662617255152,1
3.846250998906365,0.10499452506181794,3
2.872996171606883,0.1983807994867505,0
9.886794640573939,0.06399837550292203,6
4.457511747371075,0.08034280607819254,5
9.43003636636973,0.21852516943107078,7
3.230114830827042,0.12730259072008784,4
9.685784922658653,0.20193108591306014,10
4.996017559164684,0.01673634635718691,9
5.114302541021535,0.1575275537907782,11
3.467439400470782,0.03537144358532921,14
2.7671285581251426,0.047078259529163606,8
6.471898008535835,0.1365869235222939,13
12.077434965435005,0.13011026646057747,18
8.986519754451324,0.13515931561928413,15
10.346339140432258,0.1904528344622043,17
3.6052964433255696,0.16135114170252796,12
2.904669291663158,0.11377305673420367,22
7.0420656686814365,0.051545746909203355,21
7.393241143908972,0.30954488409070324,19
12.071798342439786,0.13576078275183787,26
12.382982589108309,0.10551451074500143,16
6.977766948216254,0.15151258588742791,25
7.305695690163519,0.3161122879771208,23
4.85698769899035,0.060217077091777184,30
3.5854752912353383,0.09128204697537484,20
10.771535977360358,0.06969841270322055,29
6.546825574406508,0.167712161890678,27
3.551857883490721,0.1341227640919709,34
7.646654711552182,0.13448845982144145,24
6.089460657331971,0.07317771088164331,33
10.0929818390489,0.261232460978196,38
5.848858672786488,0.07815003323301496,31
7.418677432378857,0.06565911202608743,28
11.542167122357137,0.11746291237992108,37
5.190013901115279,0.08912103726955525,42
3.202676417513665,0.09262500606114075,35
3.3010870383584967,0.17409710858357647,41
7.117970929122958,0.05878706822427089,32
12.074671558238467,0.06374412108882224,46
11.964024528400058,0.16398597238070356,45
3.5800207580447916,0.1517703115551492,39
3.1280784549024574,0.14303310892930327,36
8.311959186237551,0.04448940033443819,50
3.5314002287870485,0.2820751506625524,49
4.129197776326228,0.038401843631085106,43
7.063804951493703,0.09901100411994201,40
11.497877677777714,0.04036141830672106,54
6.137445347423908,0.15120084109222728,53
11.613691715369768,0.08851519194674957,47
7.23952729842268,0.15993279060679452,44
2.6684420820366936,0.22123665715111632,58
8.069438429663737,0.22205840859802872,57
11.938261300959933,0.2807556179026692,51
7.731342794298785,0.008955837160443824,48
6.8518259351326645,0.15274878555642243,62
7.067223911664991,0.1187280776476416,61
8.371664209304846,0.14563979557730983,55
7.901438216130834,0.06862695672632602,52
10.393791298737842,0.0726770752790115,66
12.179874277937968,0.15304140637031527,65
7.078942683437881,0.08419231825049324,59
4.316539002293118,0.3082325763532747,56
9.264230143177636,0.05559090460449243,70
7.926177679199506,0.16178816503997795,69
5.246181063904135,0.09908490893223523,63
10.1651736257652,0.053532299896783576,60
4.887647585366485,0.14640482070906988,74
7.281088349833595,0.12556461272128902,73
10.677169065254091,0.20232141440604884,67
12.307107477566788,0.08685138072451024,64
2.9081436583585063,0.07943536977622255,78
4.047153461925134,0.09985796740232798,77
5.443843294084321,0.032843445575066604,71
9.252567074203828,0.16981154673930857,68
8.560151206816467,0.062069054721508005,82
8.996840594730045,0.06172826000901435,81
5.5334191360291785,0.17524078027816925,75
9.286654246399445,0.08859118036469774,72
3.9613157275139566,0.22689562912487937,86
5.841011921302879,0.10393855579620699,85
7.159592588541778,0.09880510684096339,79
9.04926320620094,0.1537286534350253,76
11.94395510655047,0.18523904756987583,90
3.960954185839709,0.04787737908908099,89
7.232127144504982,0.18721127725628114,83
4.955421131397044,0.0750110707408325,80
5.750914624168769,0.13853404664190636,94
8.670406173881236,0.21942532938275525,93
11.225977501239239,0.1610575768872607,84
3.5291548685375274,0.23887464415523932,87
9.899687122748055,0.12910763329431688,98
10.826716401077942,0.05485709939492431,88
10.635911231942243,0.22617810492343968,97
7.875235482436668,0.2805803130803565,102
8.235855971533852,0.058495217759078115,91
12.095542116499539,0.06555701603052008,92
11.765701353704632,0.11167929172600091,101
12.415363284302437,0.12079202771383316,106
10.143312512095378,0.1593363967704151,95
9.953912374870868,0.10938592469296256,96
12.00368284597943,0.14666583033101643,105
11.507991718427732,0.1424553097617772,110
4.2976514949204505,0.1138409041947631,99
5.380215084521955,0.12018555334026595,100
10.004179064665033,0.19149823058081544,109
3.7903531582556815,0.15652115108424686,114
4.322706896076016,0.20079509320819444,103
3.145616516534359,0.18776774862638154,104
8.026054515864013,0.059961524976295116,113
6.236541319155035,0.038732214423263474,118
10.495133514533133,0.12631930914033865,107
4.861993247374967,0.1364032957462698,108
11.903218165441915,0.07854957795613728,117
9.346077890286729,0.2555426572143635,122
6.468479428134986,0.07111630747966889,111
3.6430944519779884,0.15157096242640755,112
7.10471621925427,0.07083759824664142,121
8.912555969508784,0.0978457258631936,126
7.005389230119539,0.09147139529792137,115
9.056688104869988,0.1294906160121415,116
5.168821421900857,0.19386584636938095,125
3.2059776297533182,0.2109788635965314,130
3.058306291199963,0.07082902097418342,119
12.015613870247503,0.085313883387513,120
4.172287055303713,0.1967188567747903,129
9.217702778184211,0.19794649207834777,134
8.62019130248388,0.08680102394732943,123
5.337731614441964,0.05070586917684583,124
11.823292070804815,0.12277972147821521,133
12.027776922035486,0.17299810942218308,138
5.34146392046433,0.09882655299655072,127
5.554063347615089,0.047244260217901096,128
4.451945205906202,0.1143581020684914,137
4.916051528223356,0.1007263744572768,142
3.747378369503087,0.10093046615221186,131
5.460617339414635,0.05004141128883506,132
8.496269601783407,0.12073148774086513,141
3.300563348578706,0.14252023515152398,146
12.341661529649992,0.10092297493910594,135
12.156990770973353,0.08313215591289966,145
5.007622359850049,0.11825934888657862,136
10.526351302458037,0.09993490133577528,150
5.612173389795938,0.07771429957093555,149
7.217527092044197,0.1252452535165757,139
8.147042880024511,0.06692406885565093,140
11.27641550978528,0.23868886979292434,154
12.040898395836596,0.24485585114790234,153
8.853603630262493,0.08512883712247629,143
5.828044887192235,0.06434872382873277,144
11.46999555718739,0.10538309798912303,158
3.603367361094273,0.15614236374342938,157
7.661936733721124,0.13827368618795727,147
7.672120432451175,0.17429010678857038,148
5.0852209450902075,0.04690322927972131,162
7.208441693334563,0.1405628672497249,161
4.406778029706663,0.18901435973325642,151
11.89748048567984,0.05025048919933728,152
5.6803393399171584,0.08209315306779985,166
12.041570361383393,0.022699800157464405,165
5.697222029274448,0.1700395146745543,155
12.12698506320341,0.11789897394241465,156
10.65099884012223,0.10316345855338807,170
5.917292905998246,0.09964804342104716,169
11.628642900647776,0.17417804534343487,159
3.0448435254271136,0.15478248412189358,160
2.518247113276151,0.08703187126075733,174
4.633522582059927,0.18198526662721498,173
11.449242396928405,0.06528719236669787,163
6.8058453206519385,0.03296623742244856,164
4.9909955627351845,0.14081460908113694,178
6.392822285523431,0.0754274685111648,177
6.656164090495935,0.029484838761035338,167
10.328538975460361,0.0728755992358014,168
11.138378407249546,0.2503729979151475,182
12.494227090758,0.16577506028270653,181
4.470540260064925,0.21745417156316915,171
9.742226394315072,0.18200140754920713,172
2.8791773020732214,0.15357910805169928,186
10.430417997485236,0.09311577060394893,185
9.887869714147572,0.05362019481446632,175
7.9877268321406545,0.0833661403094268,176
10.426303420087475,0.22907515880376456,190
11.596801071456566,0.09981310257383655,189
9.125366218980133,0.24967272931249124,179
10.653299962051047,0.03313576162541889,180
7.769050507200605,0.131941948809977,194
9.47033717308796,0.11151819864520063,193
6.648634762277823,0.017992863978512935,183
5.150906022867929,0.1631237380824769,198
3.1720098543408906,0.09836707617316498,184
7.609469179913408,0.1482922886160371,197
5.008102319657789,0.06929660232958638,187
7.6903931683037685,0.1320919647683206,202
2.5708215469238116,0.06153927529986395,188
10.727169250520367,0.16232799541961915,201
8.710399572968193,0.12286613063571068,191
5.857080676809573,0.09996070556785802,206
7.539444025740142,0.10823802257290221,192
7.049501045568796,0.1294196525998503,205
11.123332447442728,0.17727680930307654,195
9.065589430320589,0.08919541740929686,210
10.784363804905041,0.108619283103497,196
9.094608188395004,0.07425472847068948,209
9.043014654039446,0.05651265982093209,214
3.2153560317081684,0.18382499114147202,199
8.829597380880212,0.07162983406214395,200
12.356319906242495,0.10059874878663369,213
10.695023842308347,0.04080400716444279,218
8.546850797665934,0.1817220783902736,203
4.857321527289621,0.19430768710200627,204
6.095637934049564,0.06413244620464757,217
11.1496784319151,0.22845642249362297,222
12.331731596612315,0.14409707179280232,207
3.4043470658653363,0.06335743831910239,221
8.032412824519922,0.14102920381314393,208
4.780789774248015,0.04761977895951922,226
10.530914392490168,0.14042187374302942,225
8.179409255751942,0.1279440098026949,211
10.53333698866145,0.1845186756484023,212
4.434771830390337,0.16492730845987905,230
11.48130901696198,0.13225169326277483,229
9.475166549296551,0.19603159779287815,215
6.076613952097141,0.08140087722787298,216
7.720436343375784,0.0323533766150288,234
8.249220502463235,0.14119295241214425,233
7.603451892645456,0.11277279348679724,219
8.832311866197522,0.1279543156039554,220
6.785674725012326,0.01423283773154398,238
9.689932270879071,0.11291343499720566,237
4.152383664438709,0.14808765450817948,223
12.119735393244335,0.2140086948531523,224
9.55606769828701,0.22403861046528994,242
9.30486347896152,0.18574885162920807,241
4.7165502554951235,0.051945316380191335,227
12.487186244660759,0.13089194642748253,228
5.054715688749215,0.10621776971331165,246
4.007674533858737,0.25978051278429687,245
10.055551730346085,0.08480700531387736,231
5.590567895532365,0.08754655779966633,232
10.381462522039676,0.26416091452234713,250
3.2711432781332492,0.07738625149939474,249
6.560391915678434,0.027479231874401912,235
3.361204366848126,0.11930203321164955,236
4.947394265965885,0.0745041314729221,254
5.247106466401839,0.1295112862053472,253
5.0920783460426104,0.13138768152890917,239
11.500014020972927,0.01665777797065207,240
12.452210585480973,0.18126788570854047,258
5.051783959294913,0.215959390695651,257
3.4249457516407866,0.09210370087639895,243
11.605932992442629,0.17781067567201084,244
7.511892046323901,0.051572721056365595,262
4.0622397161229165,0.06196276562615689,261
4.079346695932891,0.12257531316912713,247
10.857758145494994,0.0893803197992445,248
7.71561536949552,0.08348529400050181,266
2.745337881701717,0.04959701926870262,265
4.361514510862378,0.08346919009859134,251
9.637995808710757,0.1740167038379408,252
3.421437703291722,0.09754665798200181,270
5.215942370060288,0.06739153887843974,269
9.642358369440323,0.09448176342793824,255
10.586259310373539,0.12830287035800494,256
10.199785280361445,0.12297125445881517,274
4.7209324283009835,0.1333700143699151,273
7.663580086571137,0.2250180616316799,259
5.31551571543993,0.0378336417759668,260
11.654402341055537,0.024491140756365257,278
4.393407186958359,0.11651833090402874,277
8.230039952251007,0.13704411316595308,263
3.5874908982367373,0.04184122736024446,264
10.10510736655224,0.09966225573667833,282
9.017446567826806,0.16226860562208054,281
3.6798147431972614,0.08336551973003577,267
11.203742021164532,0.04703788412494944,268
7.929271082102321,0.13738104707025975,286
9.38080369109658,0.19065867296815844,285
10.380997427504836,0.11515428949112157,272
10.498792040358353,0.09983332636037824,271
3.968351197408584,0.10822638511816063,290
11.409749844985866,0.07411102487314566,289
2.6048148750215527,0.11352590687822946,276
10.629535273146093,0.11142316847501195,294
10.287468291409784,0.20423801049318202,275
12.39578416475845,0.15292730073571764,293
12.355570964488864,0.16184741428863403,280
5.392029184419947,0.06248045240884031,298
11.736281585699228,0.07608249896719883,279
10.713450140819631,0.11852249052935547,297
11.09247066805927,0.05092120937879248,284
12.124741038130274,0.08530579429224672,302
11.067307943394088,0.2940798408553786,283
4.115561957728454,0.04522846087953922,301
11.637504051933105,0.10367574868321393,288
4.9836365715128945,0.2515942842259924,306
7.243660404894454,0.11649682006335427,287
12.480349644363022,0.11076984466279904,292
5.971912506693224,0.07421143029219013,305
8.904514033274973,0.10078741666908049,310
11.788027862988095,0.19902851129307303,296
8.238649400476069,0.18449910849418527,291
10.893112436433704,0.1483375367058923,309
10.366544676859707,0.0725651631337578,314
10.33190999150964,0.13635787320416223,300
6.0023452234799635,0.07000409972257944,295
8.114450530035972,0.23565693919034839,313
5.392111092128268,0.057140516118165265,318
6.670805938196339,0.2666316894145696,304
9.788671305717457,0.04041901345546061,299
9.188705373209352,0.07089532014124154,317
11.35804164043263,0.08347615109058903,322
5.570864194175203,0.11912940329019028,308
3.081520625011377,0.06292661626104448,303
7.000865749384379,0.11524042344446811,321
10.100095235723554,0.1708716020398275,326
11.381305094984898,0.08227509590686846,312
3.047731136355374,0.06903532103426267,307
6.60031585657764,0.36636934793893605,325
4.887122339388843,0.1136009699900516,330
6.119716872764128,0.205579141082236,316
11.53150261637625,0.1671165510612366,311
10.399638510012526,0.224179795987479,334
5.060225280991038,0.13170456426998875,329
4.140009077427358,0.23889665940215538,320
10.071457407156144,0.1383010665352915,338
9.09345594472622,0.18427158264726648,315
7.553988960884164,0.14082721709454385,324
12.231937442906592,0.13281481779421273,333
6.8044111541284105,0.13587267009243525,342
6.957159889895964,0.050007366519751066,328
10.595460637411339,0.12411751604678581,319
12.450094254146235,0.05081378551347655,337
5.644582880899631,0.1721739493851408,346
3.235869150914541,0.21060898451736085,332
3.12961279956287,0.030602197494380173,323
11.677516775844465,0.1900649436355168,341
6.348192365847406,0.1382846024406667,350
10.049104738941825,0.12141373630982821,336
4.14672591213537,0.12744614447646918,327
4.4794780615096546,0.16997256090408827,345
7.089494732043143,0.1983507209108537,354
10.991260080363448,0.054488072812285765,340
11.581752560862434,0.18066979995765675,331
4.258348259606022,0.15246805701545493,349
7.973522922948886,0.10529060222638918,358
10.571497172427716,0.14854280825136568,344
3.2445280606251794,0.08009264106014852,335
6.180067581071893,0.019901672974026664,353
4.829960741362374,0.07136422684310517,362
3.609779945026631,0.09890317659344379,348
5.529964889594585,0.10353388492458981,339
4.6973972416292415,0.13606370302657167,366
7.012821476429405,0.1130121039678649,357
12.128934517946039,0.10261145863404647,352
6.794506009571252,0.0702077984719724,370
5.06209825547592,0.2060276148107846,343
8.673123873358051,0.2674333541366544,361
11.106604473373308,0.08833113940267023,356
6.878903530308289,0.07460966297084169,374
7.9262892312777975,0.15190867762015092,347
5.754513104222062,0.21443558895882242,365
6.116256457474342,0.08524616874196522,360
10.26641668402787,0.1445406123397156,378
4.760728734437636,0.09727127010248895,351
10.292988845679472,0.25587494858504467,369
7.4120900287921865,0.019563397811424025,364
6.84068272558873,0.12407275896492354,382
12.387111916151191,0.13405276451203027,355
6.278159574212584,0.18155195885224285,373
8.724573166890476,0.0351402093351324,368
10.950737121276791,0.1343454108401544,386
11.198407860796738,0.2144035155337415,359
8.62470029145873,0.08246021159085262,372
9.466965995104108,0.17683035999228788,377
10.345968588796996,0.0674010902618647,390
5.764453328405102,0.019504855496998964,363
9.935201663756896,0.10402124190103368,376
5.079138332616468,0.11496059088192828,394
3.1646053208187377,0.10226250446878736,381
9.181963090621409,0.07147894525838672,367
8.63434960166157,0.14086074523500694,380
11.122011491324724,0.09006707073570012,398
11.678530579789971,0.15040534778384557,385
6.6182667703637685,0.09204951138962336,384
11.973022384734836,0.1228714551391398,371
4.874232786876036,0.024957943369220137,402
12.258744932946788,0.159802003089731,388
12.292961464466659,0.18978663699513773,389
8.82477812549627,0.12928393771767818,406
8.870219280994752,0.10278326988634064,375
4.082287661015855,0.13309307567731068,392
4.65680701508287,0.09836809085889243,393
3.482651061971631,0.10837991908090182,410
3.4137413622417623,0.23503914763212064,396
4.466536750614654,0.18895306476797266,379
8.484395111859905,0.2002414721774534,397
3.0303505607985293,0.15169070704509213,414
9.872071542997075,0.1592780258161295,400
10.692682063530617,0.14371780567869127,383
4.628757231252195,0.32979401276224063,401
4.926464818001773,0.09196998915276568,418
10.916802401862407,0.20892900656578042,404
7.004335178262719,0.13365893593312955,387
5.891589641513715,0.11811439230747132,405
11.131555314742545,0.13872174304376966,422
6.625848217439906,0.08096227008697506,408
7.740858493220699,0.22063995984559892,391
12.103429390406047,0.1059886611152596,409
7.466035591814624,0.10198362552956933,426
6.213695673428764,0.14487253886179985,412
4.670164584339762,0.13337197177395976,395
5.011989998082674,0.06954654063281836,430
11.77475215074071,0.012846749377790812,413
5.728362203772299,0.12871300001999184,416
6.105456725963357,0.04497718487911183,434
10.63574474887703,0.14574816117312056,399
6.822975668803376,0.10502456820482764,417
9.580046392190317,0.19320278597465707,420
9.865681035727727,0.11195111699148029,438
8.335507839807265,0.05545897021601214,403
11.466492296331518,0.11642390518899191,421
6.160327406360189,0.25147945877970673,424
6.36255674467329,0.1961327873713825,442
9.322377153952566,0.12125830744298523,407
8.14452262970141,0.15499277069353767,425
6.545038703630758,0.11274742397310417,428
5.958893500700818,0.023170858411591288,446
12.38821403474533,0.17576145839702123,411
7.805267094412275,0.22461634691274118,429
3.0294962053989494,0.1320502160369634,432
10.707272118148039,0.2571860584537236,450
5.062026064317084,0.2814638743117962,415
2.6269113301984506,0.048672662406501865,433
8.262842686142097,0.09995643140357435,436
6.014225444884822,0.06675831427326862,454
3.866915183313815,0.12345409137303168,419
8.204524919914622,0.13985660374114114,437
9.61159385242714,0.11396398939743158,440
6.044493237669018,0.10866791145365784,458
4.179738110535215,0.21155847458150828,423
6.44093021024613,0.2677427317900218,441
6.872923507874552,0.09957385059212613,444
12.402954613099496,0.05147911414539219,462
10.087829494589322,0.2543357269396726,427
6.368341262109711,0.09655017480895295,445
3.1844883573793092,0.19923228254648007,448
6.687868933701479,0.1567892705746765,466
10.896295116330814,0.1231913761636045,431
4.449715698079722,0.3366350987191946,449
4.325281616424733,0.034464314996080804,452
9.45549247088554,0.037022489842434524,470
9.068832917431468,0.154597813385686,435
9.034319602421615,0.2973280969687868,453
7.897186609343123,0.12149803291269519,456
6.820487171224362,0.09205275156364942,474
8.373077522928533,0.13424093170753823,439
5.03808908557033,0.14155632221053754,457
3.0438134186170163,0.12620000362723321,460
5.581210146386074,0.10003356640946809,478
4.299923634371222,0.06646495723774017,443
8.136242401225946,0.24082195883724922,461
10.156425464852312,0.06876350184705693,464
10.42835369829455,0.07414435242687195,482
11.54487198480346,0.23629304094647174,447
6.460310978807486,0.06760704611578433,465
9.907112596452437,0.07585612393275365,468
6.29560067864317,0.16089217750674967,486
5.629151924685476,0.09420308710475628,451
6.168707456918651,0.18845955750493104,472
12.10180404119292,0.1637222367966961,469
7.769372361538762,0.1247880566874453,490
8.153433179257501,0.05361090571594738,455
12.45694520825862,0.1394479781687535,476
4.118688884741059,0.0993286367804027,473
11.975106567760843,0.1439419609266172,494
9.467310519404123,0.12425754117637987,480
5.371166038176467,0.1244982796147573,459
10.06347647874955,0.1598188814297493,477
10.624777039820557,0.11876925943169954,498
7.557263610724945,0.1275043573681201,484
9.360244531329283,0.12592858218274175,463
9.147059859883043,0.02371844807327094,481
11.959188761927685,0.25494577537673135,502
6.62738519655055,0.053855738256342316,488
7.441502670109481,0.11711562357233292,467
10.34349612378596,0.0921592484198078,485
7.28884491639738,0.16145772394583263,506
4.736644329523959,0.14382771370121541,492
5.957027078870858,0.06839571399072351,471
3.2919544730735706,0.09611842528498184,489
12.440735331897919,0.19406452789790668,496
6.762300114122772,0.1199400117614198,510
4.726713331943549,0.11987389731906267,475
5.593236523083883,0.08720022321789661,493
11.243960119247427,0.22098625566996133,500
3.8574289709495346,0.017975017352583878,514
4.195741779790515,0.017380485431628203,479
11.369762650353936,0.2835463808095528,504
12.31833968843284,0.1036250893511558,497
7.6628821562636675,0.12190210736228715,518
11.297796157741999,0.21479335158352827,508
6.349216694029488,0.25273996322784426,483
12.375877867840511,0.07109903336420408,501
9.391574193865434,0.2356536336214827,522
11.941947766458608,0.2560126638218219,512
8.445416131522487,0.2844968528860741,487
8.24614457546983,0.13478152555431364,505
7.768464239625258,0.06193272554304007,526
2.956024414358632,0.13923832267096073,516
5.062017910373044,0.09997797917820914,491
4.456199017207938,0.07859133958952931,530
6.326148749344482,0.0477141999305889,509
10.228866250038676,0.2618216413600369,520
3.5404694961371352,0.29085556956732045,534
4.463499274739366,0.27991042115791603,495
8.592881364812984,0.12885442268075117,513
4.736650158823719,0.1819919895619041,524
4.419505127207632,0.08278391668782177,538
5.815164720064324,0.18857274412977515,499
12.481793445469494,0.17806381598825927,517
3.4010133079613967,0.2802089896089042,528
5.507057206182136,0.03924687748501233,542
10.042643648279856,0.16427871092069557,503
10.832999630126004,0.11554361854470259,532
6.832644953111018,0.12732192624478103,521
4.934815429621269,0.030890298527214935,546
9.197869887863684,0.26044515446079036,536
3.8152400331853844,0.03851154648166136,507
4.428011547767234,0.1966309823656461,550
11.506522947372778,0.18880068136808206,525
9.092119483357255,0.06366538977281741,540
4.701455531265277,0.06515574477108094,554
7.995499788541175,0.12568990959494813,511
7.071070087785637,0.10261405239138904,529
5.44634765027145,0.14075479562440582,544
2.620077578313599,0.06557287360619563,558
4.103428211384318,0.09531831662643314,515
11.599178128896911,0.01366424844470268,533
6.879285277786868,0.06246328467626753,548
6.65129493976492,0.11285870229450266,562
8.51006115001459,0.1395143375920899,519
5.880828625891043,0.10563784454149394,537
6.0233225283959655,0.17744538923925304,552
6.025480747943033,0.04776752013155103,566
9.440139451539192,0.172404399592187,523
11.652840770445103,0.18897152250149432,541
5.583280903628497,0.06268163474195301,556
3.5928046123153012,0.18303424734823226,570
10.602259467621222,0.10574042457049256,527
8.632864011697404,0.16529874037349754,545
2.965584165285838,0.13475271861177204,560
8.941454543382255,0.2234905723680255,574
2.64656000744504,0.04713449780415572,531
3.3738108271338954,0.13826304914637041,549
11.00828913312178,0.06336124712778297,564
7.741290176730706,0.08178260398533499,578
5.811974518695129,0.1780259536722928,535
10.388700447026022,0.20339837348520295,553
8.853206599589345,0.06421592794235198,568
8.425145767746772,0.16680224514032915,582
12.093532249127737,0.08003009649463816,539
7.632902960081392,0.06894077805320076,557
4.596765932884848,0.18025586835940202,572
11.618393121421306,0.2699764253350115,586
3.0628402659224707,0.08187924157675619,543
7.234948478214701,0.10359574131951732,561
7.5893927972011985,0.04247439528842448,576
5.675361481789838,0.309118397259243,590
2.6156568268270264,0.13620553434584032,547
11.486113670764567,0.06640291649764879,565
3.21639665924343,0.22579956390889025,580
4.509186446018053,0.055729081989904276,594
3.863866619235629,0.17641607339574783,551
9.23017368372394,0.17627733976921883,569
6.644026528288698,0.11810352743340397,584
10.010518702467802,0.06494075276882598,598
7.667883515644872,0.16234427560075101,555
3.1960786627130533,0.11344951960900829,573
6.654098781931448,0.15291706597818472,588
10.330805927078863,0.14474081076037734,602
2.8509965655192815,0.0650927657995962,559
9.672460707922545,0.06505908322012699,577
12.38727748841493,0.20977998153902153,592
6.256748421416801,0.21274790943596267,606
3.370923261372348,0.09908541759208449,563
2.9408900572771124,0.12435533053281322,581
3.8368422508916957,0.0994889158199515,596
9.125442908306786,0.23460161121977335,610
11.628842188051618,0.06485640525572565,567
10.720840583586147,0.08021238402498652,585
11.996020119068374,0.17705288074619507,600
6.842345922737508,0.14007704229471743,614
4.957381792726414,0.2518530887357686,571
5.117464194915071,0.07409879203842047,589
2.7745842464456585,0.14471880689213806,604
12.153823896601523,0.21277296864234244,618
11.72445791737372,0.17861831498102038,575
3.978353743569587,0.1652878197215739,608
11.74037767570005,0.06785190254986997,593
4.136747365617182,0.12468615711175404,622
11.149459054065463,0.18845174252864125,612
5.749457866616158,0.12015470958199835,579
9.979213018871018,0.23391479479632868,597
8.296305630600939,0.2526580985997132,626
10.223484268394287,0.17506688130093356,616
6.9694960492212115,0.17280922892437456,583
6.70125166150743,0.08316027817739159,601
11.067606461592236,0.06664530978700572,630
9.334466076946043,0.027497179746529182,620
4.722348449360894,0.07656020176013269,587
9.229475766661142,0.07038396638718648,605
3.057726960873899,0.05720188685654344,634
5.949326082040138,0.14791500891333864,624
10.20044357586509,0.14206466058220507,591
9.236416460013423,0.05798377518305196,609
5.611689583492235,0.04025784166685534,638
8.21409559569309,0.12772108054283696,628
5.699050187324018,0.11997868014404056,595
3.8209713922208732,0.07290786791228164,613
6.003235583717292,0.053982234560563426,642
10.235556199823877,0.16271931952906027,632
7.3034501421431886,0.24438782735587547,599
6.592870441270576,0.13670697219912933,617
6.6745081658516785,0.21504303086492343,646
4.400212179344644,0.10712051316650822,636
3.286774189778867,0.11411939966220414,603
12.335189290965848,0.19043544404757456,621
10.703032293892283,0.04402593728972681,650
10.191269988756243,0.2825515050209267,640
5.461103453576838,0.010667931527722016,607
8.532909826490497,0.10466891183030824,625
10.340270708505946,0.15367091837539115,654
11.442308614211328,0.07644521864370507,644
7.173686271721592,0.02690072531618535,611
5.639419293653495,0.15002961691969718,629
8.008182327419952,0.033965211504873874,658
7.841559904236288,0.11150586082467911,648
12.45602597274441,0.1622012944053839,615
3.01555963977719,0.08150371005021609,633
6.105347836234525,0.05645703144947237,662
2.624370189234914,0.13882029792984854,652
10.768125508026925,0.0889856419196772,619
10.911820709652257,0.06430046457049976,637
10.041837174482483,0.24078809023240175,666
3.147374148693639,0.07203679618067382,656
7.413646993024553,0.11751541709211993,623
2.9892574597302266,0.09463668085940762,641
3.8685660045492942,0.1308684936999682,670
7.567433464431685,0.29348778403515513,660
6.235177409762466,0.199564483042081,627
11.369120144386825,0.13258020004839569,645
12.417364874693863,0.06816883570781264,674
10.765097365998054,0.08826228438759293,664
7.218928434990012,0.09458469520202822,631
8.987773051302652,0.2177460117448622,649
4.832248913156056,0.10891139930331038,678
7.817790877293294,0.22022476100618082,668
9.016760818043785,0.11009030297018088,635
4.025778337903835,0.04310530226261631,653
6.3552088162626506,0.1283203909798478,682
9.456763725072179,0.11872218581301289,672
10.069897389472828,0.08720209768882108,639
6.401543323968872,0.21764046442560453,657
4.92669632515714,0.02888502086306538,686
5.375031544605382,0.11566777292821001,676
9.536211529610936,0.15330188191703265,643
9.317201525639227,0.08291611155743578,690
11.0059103698803,0.20616507379457896,661
11.358272283639927,0.10828067709806569,680
9.167427418231261,0.14426962926821738,647
11.528403940740642,0.17575473494175567,694
7.469838545108674,0.05744161815018595,665
3.6641755014739363,0.17001359400994498,684
5.481868487663175,0.15330736621292004,651
10.566332865606027,0.06973231905733615,698
5.995863397667211,0.20173551337114262,688
5.440851044391977,0.18536009515886073,669
6.231495965463719,0.07020972066813212,655
4.109843679794652,0.03416952707190972,702
3.507168227895124,0.1747193933839187,692
4.790507438113698,0.18704289048202902,673
7.252444707183164,0.06513676048221136,659
5.890531040265932,0.12333576261715451,706
6.339081277630917,0.2174489249214625,696
9.059443470938847,0.1449151257726327,677
3.5247934739990683,0.1102720749704616,663
12.115933547392952,0.04301170618869103,710
2.5509992827196557,0.023708825336339976,700
5.401532735168764,0.06371155701374455,681
7.607475234356119,0.12000345217354774,667
7.311160254150874,0.12866048424831178,714
12.247522837669438,0.25927188674511137,704
8.93150710553002,0.0010746422384331849,685
2.7553764429541214,0.11304411355642206,671
3.764370166633909,0.04498910768435954,718
8.654706300546437,0.19907668462771202,708
3.8785280990743862,0.22257546153258204,689
8.558036392603295,0.14093733861557609,675
6.7067605582888845,0.1841689309924065,722
8.339975496279258,0.1653391993006602,712
9.519624498948822,0.15682264944822588,693
9.13535840337417,0.1122452010368334,679
6.178971811426087,0.14686385420938397,726
5.769798751315385,0.14486660490624576,716
4.449184527761,0.08240678594553615,697
6.012039328771438,0.17051566182331257,683
2.8303672741927066,0.12399870380935962,730
8.717367223100196,0.08992848571680939,720
7.2183057070119805,0.17510248842615633,701
9.564252125780026,0.08431683709529603,687
5.2054215457510065,0.15572385822192622,734
9.883378737508057,0.11284562540245982,724
11.604698123940057,0.15458369288450735,705
7.0742223657356345,0.16278441694403992,691
10.604455412691223,0.041604275626767516,738
3.539868448422988,0.14688933768176374,728
2.8310770772320315,0.08351103942082136,709
10.035277842768568,0.16290693341740733,695
8.082051230853244,0.027127691214766804,742
12.224607313308223,0.10364007060918855,732
10.009776832649262,0.1802972001910106,713
10.959822829298204,0.07422135703599865,699
9.378568823746853,0.22319621593753014,746
10.187109412338753,0.12266443179416697,736
2.5415530597228297,0.2675834819291701,717
10.554768807816231,0.04506760807986916,703
3.4750339211220185,0.12310389218530665,750
4.94609787671755,0.12197317474932373,740
10.328911061662897,0.19982384288130203,721
9.271489431266643,0.12913668692361188,707
5.12189368862347,0.27022409038088774,754
7.363190251336976,0.10574106064608824,744
10.504164951961938,0.09114714177672838,725
3.0108368647147232,0.04868558131431345,711
3.014160135517093,0.051343156106557555,758
5.5930344868742825,0.13252552819354796,748
7.723916316283704,0.2010387925390548,729
5.05864191648977,0.18924579973779332,715
8.42900251900669,0.21733681606254143,762
11.596549915231709,0.08475998278288312,752
10.926643935084487,0.10558607002210388,733
9.91486227486785,0.15661863212451754,719
7.695470393625554,0.17843593716766692,766
8.89092908862349,0.0777614166996297,756
6.465914638833609,0.2578053520152674,737
11.133949782850053,0.07323368879118247,723
11.5345190258026,0.1343672753003765,760
12.483860449992024,0.21509577169020921,770
2.7080117164036785,0.19462319668613987,741
12.460500405103623,0.143510587193702,727
2.5945192882024024,0.17883000014325717,764
4.597809345807483,0.19149304079524748,774
4.444045301506034,0.1176608978081464,745
4.094844108195548,0.10913753534840998,731
9.417896653437657,0.3139893765007092,768
9.178633228678763,0.08495475193631513,778
3.25003599699629,0.03812897663597942,749
7.6002976314038815,0.027088063898081795,735
9.291370567992908,0.021776616640422727,772
8.913974665721593,0.12989694739991373,782
5.750403872995235,0.09215763283054396,753
7.990628678748138,0.14949321755118916,739
8.278230565728105,0.19860798700451654,776
10.649696892472372,0.29428156775128894,786
11.094237993751191,0.15627410447891327,757
5.074719542107806,0.1101445981416174,780
7.841116374207435,0.08956738801018921,743
3.5752065820810097,0.14448260458490478,790
7.545137944674663,0.07649857090000416,761
5.805533101540492,0.03959751719394611,784
6.1791418870948025,0.0626629050046547,747
10.76386148525415,0.23659453467499764,794
10.739923160211891,0.07649221055954247,788
6.739352217565884,0.21297980425403137,765
8.636840597901951,0.35206418943043655,751
11.743152533443117,0.188910736715025,798
7.688016739404456,0.07829837073019312,792
7.735031673627047,0.07974006093162789,769
2.6847198390577107,0.03625480097509522,755
6.030888684934417,0.14125663862361912,796
6.383656775967682,0.1268203951221197,773
6.45808773245069,0.10574194808301261,759
2.660215132180025,0.07711408586263156,777
9.337807665414141,0.15753053891719973,763
9.480664572140975,0.07067647583991658,781
9.598110261015252,0.03401007721943663,767
4.7219072297496565,0.11277970385907976,785
3.134547840014047,0.19744726480150343,771
5.006331522012485,0.25435685362482746,789
3.5500376973575296,0.13991562529823712,775
5.28364727017887,0.15872063335216738,793
2.6186475001959253,0.2264278631467216,779
6.210075405755134,0.02387202210075974,797
10.788381209613437,0.05027694757039586,783
4.170403009689014,0.12868405102303856,787
10.97005410327592,0.16255855024335422,791
12.44510811116099,0.06211311132860556,795
4.284146371724001,0.09629232820878916,799
