7.594670422046786,0.14599809747935774,1
10.340820760408418,0.062430420522534794,0
2.606729124073693,0.13957047960048785,3
4.339834684373512,0.08001741703309552,2
9.223997703248166,0.06762135465633172,5
4.983401736626059,0.16850056057557142,4
4.36874435787572,0.17264866742973461,6
6.806844255300853,0.1382854841625274,7
9.909041624935998,0.07613113195443294,9
7.1174201816784555,0.06723904714201281,8
6.181884887972427,0.1929643857211517,10
10.68755999375724,0.09955669450903595,11
6.637889473469461,0.08159881491358134,13
11.529133534234923,0.12613541274203519,12
7.7279109218410795,0.08510893381369686,14
12.21672811060319,0.19832414557870912,15
3.1051760059643962,0.1699575543517945,17
10.796395123205816,0.08400427847309502,16
11.21004898791212,0.15251157543273086,18
7.4188711433380226,0.1282021288871842,19
11.14000953478837,0.04626416342115012,21
5.099411551969693,0.12308141027392977,20
6.002873987867515,0.028264773253488487,22
4.758704390163574,0.23008553027077727,23
5.8826296050745075,0.11824558624116698,25
8.462585083839603,0.25895083782761236,24
2.944868132053263,0.2061994961603002,26
7.390993505402771,0.03414717806327771,27
11.11617300007849,0.046259318287285904,29
12.461073036823871,0.22185000886923778,28
9.44367298696212,0.15577254667195653,30
3.186838294440073,0.05943098286133322,31
5.23928352201613,0.33891125266259614,33
12.452646964337664,0.07356242388864896,32
8.14187113751079,0.07222453907827209,34
11.977700460760554,0.07531389658668376,35
3.3933979211783982,0.16787172653290217,37
3.4621379773543906,0.14923983666920662,36
8.487946344635091,0.239158911200666,38
8.680288581147101,0.13968753314089163,39
9.995487205566723,0.16712194812404524,41
3.7036510856181337,0.1589937265471682,40
9.191616938616722,0.0837539802299554,42
6.0549869613883,0.029392661939813842,43
6.378981990925227,0.11255492690992044,45
9.169394656789677,0.238421845898095,44
4.9874646295606375,0.05032444681185362,46
2.9747647269102395,0.13837532908470349,47
7.383388915773174,0.05807947478246929,49
12.340355907287892,0.07526817233424149,48
7.114964382369307,0.05304638626060343,50
7.088337444642109,0.15889959650108398,51
3.026633521531882,0.17914615215343938,53
5.579027376466609,0.041470993479231257,52
9.14797061410814,0.12509369997062222,54
8.312255246275205,0.07467959005421136,55
8.081679457288269,0.08651197710376217,57
6.981215405578441,0.10238332587235995,56
6.716927191235244,0.096884677673143,58
4.406910731832408,0.2469519433960156,59
5.375587728033521,0.21633856909301685,61
3.579720873982809,0.17387760018791273,60
7.561921683489363,0.21076948254824127,62
4.204024625385139,0.11511415413812542,63
4.277130166841977,0.031934169289744616,65
3.5722160871284983,0.054557088332515206,64
2.9248400550641005,0.18912948831195753,66
7.316369714709187,0.014851355509013923,67
10.907159581632662,0.21973560871135123,69
3.1686247650528876,0.10551697914150145,68
9.466230448009401,0.09285688664432167,70
3.552601190416583,0.09614234041642351,71
7.2170998075981885,0.11901704301124201,73
4.309566431405746,0.14597148228542592,72
12.17860556320871,0.10217027429193198,74
8.205538890697222,0.18125314241546278,75
5.9225834275768,0.02379662594714368,77
3.940049019893672,0.1033151222251876,76
3.009640934366171,0.044822653829321206,78
5.064000965726691,0.1598871590090052,79
3.360237725306355,0.04191950160310002,81
3.286876910274855,0.0741321705431111,80
12.042366484356146,0.21660212337620735,82
11.715063650303161,0.05215239968274922,83
6.34810188965485,0.19131771466297262,85
10.837716597294067,0.1486295490248138,84
9.675817681854298,0.09320966867214346,86
7.768588412504382,0.04023136756076033,87
2.530688180829949,0.14987356673825403,89
8.182852422273188,0.09271686807571136,88
11.79069519393315,0.12067595803362403,90
3.4305268525864916,0.18798603080698043,91
5.740231449733244,0.031554007583211044,93
5.240156478358279,0.08776607172030214,92
8.028215657398716,0.07303603418771848,94
9.292148131013601,0.1141160983685448,95
11.699393393735143,0.13742453888317294,97
4.863185994268924,0.09267442528771064,96
10.99240621911378,0.052196006013173625,98
11.008499646995759,0.023772696114688525,99
6.533195746981798,0.02206468623417153,101
9.377204379301565,0.07220462370690325,100
8.059147809358798,0.08386417957252365,102
11.103867837129362,0.05417758905286999,103
9.910782276213226,0.061542023555347006,105
3.3441558524253256,0.10552857110058766,104
3.907288849584125,0.10959605157380897,106
4.2437877092915155,0.08068990160200396,107
8.624092468665808,0.2377519172458305,109
6.864148756862065,0.1842689099062894,108
9.781950757669595,0.08096859691263276,110
10.426780685489355,0.1533331696265276,111
9.409114809430486,0.16769437437475557,113
7.632906568103746,0.08610007733448116,112
8.662393118589375,0.04056876720484258,114
9.898232162888867,0.13678153453679706,115
8.559410136694392,0.1294214328200575,117
8.903583716979874,0.1916709533361438,116
12.071908213321,0.07883636731909949,118
7.036568790066405,0.2487794903464906,119
9.088300221389726,0.06532099569387588,121
9.832078754821437,0.08086801766478145,120
3.3064809589751154,0.014076668426838222,122
7.6506101460726885,0.03424350780896991,123
5.69893888476421,0.10251938654052001,125
10.115190531225835,0.06724012815646836,124
4.088456036074193,0.1713402770589893,126
7.97528208382826,0.17226010088705868,127
11.29231117229866,0.16978059819442326,129
11.454837347826963,0.1288842047984806,128
2.7555573923281154,0.11384480407481819,130
3.225536755924762,0.12089117266030709,131
8.133674453773454,0.024145375551703263,133
8.374213009328924,0.11246217249457807,132
10.51028429018221,0.13003499785646652,134
5.485223791595169,0.29121104345861365,135
3.493703628042182,0.08896365208016571,137
8.306187941433798,0.2854753036301818,136
10.736146200393527,0.19069314633214818,138
10.779865229291847,0.17656975856357743,139
6.603139821019962,0.09204339870963951,141
3.413080393623591,0.1858326226788617,140
6.926520302915225,0.13356273766693424,142
2.5066143816225916,0.11674355466164275,143
6.685307656909112,0.05000337396657361,145
2.6899773250662506,0.17259995387963778,144
8.56371340736943,0.16322055490953602,146
12.474903223171683,0.1880717271975179,147
11.740525554822137,0.06579402445680164,149
11.367242720099885,0.17424953555062284,148
9.329092437416064,0.03834864486283879,150
2.6290468210824427,0.21577800057873772,151
10.460569116422029,0.16823651594480304,153
3.9064303600615657,0.02126584598838817,152
5.202347935938022,0.19059866494659838,154
8.649041665451826,0.21560321312400893,155
4.338949751493244,0.16752200359682115,157
9.057715592529913,0.07425437099856975,156
3.4900706467717715,0.02643300693764346,158
9.042921179246878,0.06571937845351271,159
9.137702190365651,0.08348046609879965,161
6.680371462888983,0.2381122827685701,160
11.451447579568267,0.11893632602691993,162
7.317023295123537,0.1254586417576316,163
10.05565569396979,0.20867545949364877,165
6.471075792102148,0.08539934089028778,164
4.741272550578416,0.21051636007219893,166
12.491214441902196,0.21889905363625803,167
6.683971552779542,0.1768156676343915,169
7.924341335020523,0.2557265176268623,168
6.225690362005078,0.04434679811691576,170
9.309553445080162,0.09656667076291547,171
9.155418798852462,0.14876306791060942,173
8.366868395787948,0.11368550633351769,172
8.109217293339979,0.07074934271217388,174
5.6559802170550455,0.1096007323592284,175
12.225029888714214,0.21752222985992234,177
8.76970982247408,0.08374916693212214,176
3.6644345949245585,0.12598663795999918,178
9.64010095751739,0.04822093675076979,179
10.379646886448095,0.072970907762285,181
10.208089976602146,0.1440165379152651,180
11.456042537789736,0.09045191125508134,182
9.48050728756165,0.1248029429999023,183
7.252920591424326,0.22359074253398303,185
11.46267752024783,0.12377182170347652,184
6.8685627275829555,0.11094175600299822,186
6.984805589547465,0.04790107470160862,187
5.104510911138229,0.04213525367601381,189
3.5168116408666594,0.058996418863729666,188
5.596404822235148,0.039118666530247675,190
6.279480192421312,0.19506444387473384,191
5.609958321222467,0.07396552051606252,193
10.00596631129401,0.13441165716669798,192
9.888712250246918,0.12378836538003478,194
12.130876085912657,0.1058174201389876,195
3.8502306927626027,0.1528892789495296,197
9.841038770742248,0.12092743417230199,196
9.21628977222988,0.06609400201734816,198
7.320993548195114,0.11509756232712727,199
11.00631181237134,0.13234355929729913,201
11.521946288460862,0.08108889644647854,200
7.5051073569805755,0.101742006146127,202
4.724809614666604,0.18764279370469505,203
8.513990988886455,0.06409048809330047,205
4.245073484137521,0.24736244353725573,204
8.106791428629753,0.013880827691208214,206
9.696015615612101,0.11320944465320411,207
3.6280637310583863,0.07773807991678605,209
9.19097365128698,0.1526554002451046,208
4.1897447349713834,0.11258401511310379,210
3.069332338076781,0.0893015204399066,211
8.649609031327934,0.19848497195202816,213
2.8803114192072297,0.20736772726460573,212
3.5858989447467824,0.23438682505047553,214
8.775637779209777,0.13903864581981729,215
3.0152053939478165,0.10437742602026608,217
9.900560176237963,0.0783964131026163,216
4.641578866626281,0.1493481907054729,218
9.82860176317453,0.01513418072243384,219
9.428186277921444,0.16298633072074092,221
11.27136359099423,0.12436915219640055,220
8.985555131276387,0.1639806602327809,222
5.4893902487465285,0.07351948329950334,223
4.99235970199002,0.2941508707523142,225
5.936033574495133,0.16200741975819555,224
6.190823027380485,0.09341634875753148,226
7.146781068102353,0.19738855599855842,227
12.211038349988028,0.22477869563547037,229
6.1979769701561205,0.17162282557736017,228
9.821528095935118,0.11862318739178779,230
6.263872056262674,0.14777155446985557,231
11.360258613392576,0.08321051906076717,233
8.526888643703348,0.055593693625432865,232
11.905063138072068,0.05067383311583808,234
6.137121965744607,0.13557666666281057,235
11.083992127504525,0.048851604756037746,237
9.011573056912566,0.1643939764805769,236
11.793481901929539,0.14202781188246508,238
11.485693185049024,0.053710324378610744,239
8.547072832896404,0.08308778749901768,241
11.266336560347966,0.11802952948835942,240
11.757041573266738,0.0641557745536345,242
10.711281682894366,0.19038247650838777,243
10.779673075072274,0.05755437838786509,245
11.296358885326775,0.06059472728912438,244
3.876237147702264,0.05823012934786991,246
6.428314041778065,0.17701481714617495,247
2.5963038630391866,0.06979838544851359,249
7.388649076319761,0.019010934771157558,248
7.620273496978466,0.2768474590768546,250
5.315786801319563,0.061793023601935504,251
4.033859876831983,0.1688269596838246,253
11.761976098523766,0.20981609417370584,252
10.290912399138502,0.039845197160878684,254
4.742083953786205,0.17867607973504035,255
9.170244629366053,0.05480516803773984,257
6.894458702462419,0.06230699406187269,256
9.224551636880362,0.18072653108917905,258
3.289479209700686,0.1617828961538617,259
2.9812479045416715,0.1687180857838343,261
8.690612328451241,0.07811823970832098,260
9.556765815209113,0.0427602570944009,262
9.745138636046622,0.11625421032910638,263
7.816405087979707,0.15653054605779537,265
3.6846150218075344,0.016680945027783393,264
5.596171194536891,0.045997291997681454,266
9.760302871075588,0.03354982797425678,267
7.976845477971284,0.047622638258807075,269
11.03454036061256,0.15545460685774667,268
12.414859775455245,0.03732179971793071,270
10.819445912254618,0.16219859676910006,273
5.081872905705041,0.09863003993070715,271
6.412906918982807,0.07938204433950194,272
4.706574043752404,0.005446627074510893,274
3.2679977319938134,0.12089150999670002,275
10.30273908501815,0.18124699324616195,277
6.690297650056255,0.1104834430337623,276
7.809892216351786,0.19615848810776265,278
7.620791002231816,0.2459060854555445,279
6.78411884044044,0.2818322965024262,281
11.54845562871725,0.1831509587070011,280
6.375998917124491,0.0955472306194009,282
9.462862404015832,0.1856259084366718,283
7.856787806611811,0.07629359150238973,285
12.033338815645436,0.20739971015499759,284
9.659014380238409,0.20501645085311537,286
10.252348049240911,0.11452005159661344,287
6.130576483526187,0.2546847255224169,289
5.024969247456308,0.13743667707400264,288
4.823207452487583,0.02244983163679326,290
11.341838533181276,0.26208344431662195,291
8.108611429395348,0.13160984293997344,293
7.102241432008951,0.19931662124936111,292
3.298099290856026,0.20166177191931728,294
8.103431665198318,0.1300829684049486,295
4.754083331738395,0.18098292742464808,297
7.7293898594077115,0.13092430034685962,296
10.681454223091029,0.0980449256099637,298
12.351287830872424,0.14658946966666073,299
7.162508115636995,0.2107496731951149,301
10.466299132365208,0.06743404396773951,300
9.014028090477186,0.14407560113445528,302
10.510012242616591,0.04391615229568658,303
10.607561393429467,0.06928898993982084,305
3.268667137773813,0.20020124701617298,304
10.974328933231819,0.1624724823831879,306
2.522476402291749,0.1419181431103947,307
9.140931674353748,0.08750411050394297,309
11.294318209832173,0.15054810933809917,308
10.754260947079416,0.24757373568975433,310
3.768464592173463,0.14081547406736178,311
5.9619883078899285,0.05640326291714129,313
10.309548372407232,0.08969436932265713,312
4.101342582489781,0.057679938051843606,314
7.433653782688144,0.08344058976228627,315
11.294624633729459,0.138260570386937,317
7.754610434723183,0.03880623431468025,316
2.6919817360326137,0.19333468928295516,318
9.464889564732903,0.10424664190677542,319
2.67717136937251,0.13988843953862282,321
3.949718829985173,0.11719885286841708,320
5.816422169165102,0.02237674367719044,322
8.155023038200357,0.0884553960901781,323
3.175519555018551,0.14530240350674659,325
5.674939504971327,0.18627942337410314,324
8.975934702422274,0.034720420850608905,326
6.256488539991265,0.06504337345794023,327
9.633750564632077,0.09344689088284003,329
3.9231834671333576,0.13098983901118302,328
6.5968645085608415,0.13300513285619783,330
3.177739112804648,0.09933679380656221,331
8.558093472474592,0.10395047305401546,333
9.681513652980666,0.06413869561503248,332
3.2530159373597223,0.05866562665255111,334
8.58943427998325,0.04386222079365454,335
4.374073945037191,0.11825796981711699,337
9.565291703640586,0.10423372304018018,336
12.497441944364462,0.17281369933427704,338
11.292513254948206,0.011435769886253246,339
7.817668982263778,0.18350696481952358,341
6.4409151604867185,0.08711682191280257,340
9.988512404199419,0.14202513380143775,342
5.551056527763976,0.19373448706097593,343
6.945847341549186,0.08315530541773995,345
9.978349325741451,0.20546604504845561,344
11.846122408424645,0.167200395559271,346
10.397570615945607,0.10477684302559964,347
7.461720869070975,0.30384373627786543,349
2.6435687688851894,0.1498872158109575,348
3.2067483519880593,0.25934174320464065,350
3.8414715664817045,0.15579075980181772,351
8.424420373459304,0.1256556134563941,353
3.2639959889746595,0.19132137214109324,352
3.5929918459322154,0.0888330186005937,354
3.7992842052725404,0.14646911425170925,355
10.015153902776525,0.08571521495038059,357
7.676568489297023,0.14595290004242542,356
3.2094819652134223,0.054428274062963626,358
4.367496936713895,0.11450014346450395,359
6.204689353713961,0.08247135232518117,361
9.577486175441887,0.1616046433511665,360
8.56256439150217,0.11617220710510055,362
12.091941650215125,0.18422891456799173,363
12.485851240406795,0.07834644731527285,365
5.368931594095246,0.1151687591524989,364
2.8667651663081606,0.08759089610829775,366
5.497857653885467,0.19031733472334034,367
12.209521148078512,0.06548958889677672,369
11.194256504646328,0.1281154345207418,368
7.200979028653183,0.049624928237203714,370
4.526633173064556,0.06529576753600914,371
5.5958536772762635,0.049717381899258895,373
2.9789415968405653,0.14327609465728203,372
3.16220830798966,0.11902009069409952,374
11.493252823629714,0.09745889158612503,375
9.011633486891974,0.1091131329637589,377
11.454792928264432,0.09378989524502775,376
12.196539419044235,0.12961996264415016,378
11.493865968032804,0.10619847941244497,379
12.269443865608936,0.12808975493744032,381
9.238044728228502,0.04650185119645589,380
9.856299784150512,0.11940325541443123,382
10.135315410460674,0.22004044976660225,383
5.387650671615748,0.12067342044324723,385
3.865705912851638,0.12619568587392246,384
10.50715937427502,0.19747498202724204,386
11.879361939173116,0.1498841221717824,387
7.080597080302551,0.19720037044425343,389
3.4657952792189626,0.1549317636491947,388
4.852789962571196,0.17999397012788476,390
9.341852797077513,0.2717241143429009,391
10.761432511738597,0.11927744362257292,393
11.207348159839988,0.1542261918472151,392
4.75826646195891,0.20257931273665142,394
8.078855583980683,0.10947934557706854,395
11.205384913673036,0.13261375006642767,397
11.832545985777287,0.08094257288837484,396
5.585787727400096,0.12283983103786494,398
9.30138162840385,0.08896841968346329,399
9.21715064354828,0.06479830101776798,401
9.34468633314992,0.05255438485679889,400
8.574195413051104,0.1504317186209964,402
6.152081615628534,0.1897435538310509,403
11.483045783608421,0.29186929321534166,405
5.6753033458090645,0.07343124622803691,404
3.8763285374635403,0.1536441827369862,406
12.08449329571376,0.0946380308758429,407
8.606767622258246,0.035854316049619486,409
5.203609071896489,0.057405080453990634,408
8.26942026118019,0.09660175140352274,410
4.9120851855242815,0.10405439814775459,411
12.239596838295734,0.1211913231876509,413
7.23314130825811,0.1207098845368392,412
10.265905739952796,0.14999379983136643,414
4.89738437895248,0.16111181480115905,415
8.149128684837471,0.061033513415534806,417
8.552929377268661,0.050854221209102324,416
9.914563689606817,0.07502898053155937,418
9.916024245448618,0.07441680780775446,419
2.9525974307065495,0.17938607031667736,421
6.710194498561963,0.1357519457723942,420
6.398354795650942,0.07765191017241768,422
6.606489972088635,0.16823481271917198,423
4.75701967662228,0.1764508559081463,425
3.5552622094356368,0.18814073857581406,424
4.440068208895863,0.1567433292773929,426
7.3971170449553405,0.10904334919720071,427
12.054625638418218,0.09974959142372812,429
11.463030738483825,0.024454820606573856,428
3.349491090785419,0.08217102293392017,430
10.610586654590366,0.11002753539809854,431
3.704988327691676,0.31954870729252116,433
11.604388453760397,0.17575386102405935,432
11.16250978791843,0.09227804738322094,434
3.749227406149833,0.10796953916469423,435
4.0711002764824125,0.06128536937966154,437
6.618295205133274,0.12644499475905085,436
2.541896037296522,0.15330272213747,438
4.9083320629328995,0.14066329241094963,439
10.941158299623284,0.19141603604382398,441
9.055177715717566,0.07485738942022266,440
6.293304753005423,0.13171754456951695,442
7.68280499728122,0.1475951079002977,443
6.718396699206065,0.2007749036930108,445
5.550565660147847,0.12225205423916229,444
6.63788059903149,0.15989714296042065,446
5.552858229712898,0.05045501112807443,447
10.969169806778137,0.1152237185256658,449
10.826317116883285,0.05258833579700343,448
10.938893583114412,0.14106565770212612,450
7.265252357039056,0.1841547002461448,451
5.7197354637093785,0.12788121101792474,453
3.3333210544942373,0.3121738000426961,452
3.4318830573666483,0.1546379395546883,454
4.696077562265552,0.126108853224899,455
7.726313502166301,0.0923716053480623,457
2.6110080322985563,0.21348605362043865,456
6.423812143129405,0.11859196612844279,458
11.926031306564855,0.08365247130262074,459
6.107073314667984,0.1334527541560256,461
3.608819853516251,0.13370591040998436,460
11.769197333166957,0.183934085978142,462
9.806248922566931,0.1821748383614532,463
10.56622766235284,0.12801232287490155,465
11.16367940408897,0.12118759528206174,464
6.962981748414704,0.3389576881256029,466
9.05672349959287,0.062972274936963,467
3.806911405878741,0.08679900501138614,469
3.415848912080486,0.2419574289375641,468
9.700239263664857,0.09606752752907867,470
8.012363375751582,0.03500981028258604,471
5.464143362582846,0.16589633995920552,473
4.781646510091697,0.23417479028989385,472
11.684637830058499,0.21344102556408445,474
7.515780718316618,0.022760873963343767,475
4.40424213148756,0.26149708902092483,477
5.7528712860881805,0.04237991107421473,476
3.8066839602226277,0.11674221160823046,478
6.206454724067802,0.19398082078667647,479
4.734449608184744,0.07182879592002696,481
11.49350263269331,0.28905724746602934,480
6.095684632644847,0.1293384443313794,482
7.787466654379481,0.05934817615149432,483
8.480461623594039,0.18703731491453104,485
6.592889015893942,0.07238686190278354,484
12.397995256878897,0.08807949741697758,486
8.690496525462857,0.19050915007091118,487
3.5495288703772445,0.12860165728168893,489
5.802284318602286,0.07051117977642878,488
4.956569937964299,0.16239276347130888,490
10.686251367390572,0.11335424343957697,491
4.788901158718506,0.0470606312563476,493
4.590818095864693,0.15232321923123016,492
9.386297844184845,0.18850520107818974,494
8.466043789159432,0.13183615598830603,495
4.123327687124446,0.15478850542393355,497
4.129608466307438,0.16515498866129547,496
6.769949320488198,0.15022758046052226,498
2.5451491308853758,0.037228391375029944,499
7.285016242859532,0.1264151106463954,501
11.590679014476407,0.09575851910084043,500
11.591104588433316,0.15816813133261318,502
7.479769490727595,0.2266181066879896,503
10.523168717883957,0.03868255473197203,505
6.462726231684581,0.09772158418167343,504
5.724799143105821,0.050550359546294325,506
8.690013978413429,0.1208912378017182,507
6.991137192174702,0.10163350729510837,509
3.495279165156777,0.03423092550927867,508
6.722802691800892,0.15271330756300727,510
11.00777816811101,0.12698990279249345,511
3.8961525685048537,0.10714008837709832,513
5.8186554772075105,0.1418926486467386,512
6.64633416298275,0.10744090367480436,514
11.474111720792992,0.07092394842768285,515
2.724780982530385,0.06139511645192425,517
8.929089074544958,0.08632397296748441,516
6.434724045380406,0.1825611214713725,518
11.177422355602452,0.09719591513331659,519
6.94426946704462,0.15114870332111435,521
3.6371007453654993,0.17262147954881604,520
10.146463351300715,0.17714237685270406,522
5.213501062739722,0.1409536487163952,523
11.4919075562325,0.017926515915664572,525
12.20733246144744,0.1577183725536686,524
4.693566352454896,0.23523009691904267,526
2.8513657353510125,0.17359276871525578,527
3.260101735117403,0.19753178708967242,529
8.555363767762913,0.11068952647676003,528
2.5025073133578912,0.2151656961363283,530
10.940731253551263,0.2156942220720561,531
6.872086619375493,0.11530571067055036,533
7.094625842854669,0.19079487369028147,532
10.785942504062758,0.08595510041611895,534
5.060315576349836,0.09555076482051604,535
10.913712948825228,0.08653764077857364,537
3.254875178655743,0.15326522401006945,536
4.718513885566288,0.08109368187736034,538
5.914005347166781,0.17930219289811858,539
12.015040465082494,0.1531478193091539,541
9.592097118042357,0.07785528239630458,540
2.883355586187916,0.091948767189761,542
2.531207107509003,0.14620194604321343,543
6.093770102125612,0.1599343745347126,545
2.6366611970218203,0.09179553696748732,544
8.20506462083194,0.11575201907754376,546
5.659419880530883,0.22965341197905023,547
4.688789145417069,0.046510173914046944,549
6.365531320281837,0.032017812510858105,548
3.246899747555776,0.10124642174058032,550
6.051628542382023,0.11963985344345288,551
3.217702845257253,0.013035396238895637,553
4.969257551399037,0.19584834775394058,552
10.012054532725578,0.07102382002206807,554
8.880807066265909,0.11699839635265619,555
9.995793211535203,0.22070271995116433,557
8.02524726493645,0.255221247925297,556
10.920053874607824,0.14800233543245556,558
2.7386864209479986,0.08915908680982175,559
3.713287836022048,0.06052556984469202,561
10.97770933344198,0.19290869722769682,560
5.0005485445965725,0.05395603816024763,562
6.149276557811638,0.19017633244348287,563
12.110105766302404,0.10228383336206262,565
5.32605777283532,0.24140990349910238,564
5.528768302468742,0.160074867425316,566
9.514647434453408,0.09183326039317191,567
4.001191709220756,0.07784841534548254,569
11.381613510916967,0.20198953098689723,568
5.163299328812423,0.24416061232461775,570
5.32565340559559,0.007958671581180587,571
8.594806682700307,0.22784715177008238,573
8.08919427785444,0.19185570673703994,572
6.503617617756574,0.07540109780640532,574
3.792871855503692,0.06882715760510542,575
10.22360962797362,0.06668283195834922,577
4.539338364387071,0.16850169772638177,576
4.762570679617123,0.19494395010473797,578
10.387107506615395,0.1785208683352698,579
6.879504194503281,0.20475528307899504,581
9.696126706480804,0.10145161350517724,580
4.159961336414922,0.19690077340296466,582
8.569440310485305,0.1539009024485464,583
10.830233570781175,0.07985467729539952,585
5.4335574658263,0.03863817848131966,584
5.352836298084373,0.1403676162499274,586
2.532684502374374,0.16750103315185672,587
7.050033379312141,0.1179585785316675,589
4.780817590760512,0.16382436020089367,588
3.689387371973496,0.08354955545164082,590
10.96512715063131,0.1641914049793321,591
7.94584483217144,0.14401300745151654,593
7.076065126471508,0.05991107709034911,592
11.24480905668229,0.16647929110236262,594
11.853253088112584,0.09374979418152388,595
6.822221895266932,0.08546618509987919,597
8.058428876979582,0.15203816558458236,596
5.1442648210673365,0.10616077615618696,598
3.795495818931567,0.1433927867202029,599
6.870850460606114,0.18955995748442872,601
9.221799588188368,0.08713142084959079,600
12.209065841659076,0.0821001163507346,602
12.278468216704244,0.11954005022366299,603
7.78952518036546,0.05288861722284571,605
12.050584888860268,0.058511283219132675,604
11.612860526202368,0.1167761436216664,606
11.031577608332512,0.23314204274398334,607
11.184327912556872,0.17836690948653905,609
3.3776908880252074,0.043998080805063046,608
7.178626105430319,0.08083029644073571,610
5.070432318218185,0.021406257813775247,611
7.008578802398988,0.23169201781960358,613
4.08829597108428,0.20490167582671961,612
4.934249216573525,0.19803126460068476,614
8.909253346981878,0.03680398701787039,615
3.6232947222836853,0.1288272809616306,617
8.605787696178044,0.06900234772747628,616
11.4867294985746,0.1204946113861881,618
6.946687338429392,0.03266165273467417,619
2.781542580808749,0.1887093729934255,621
10.119696007840405,0.15572377261517076,620
10.436167768329755,0.049410371153682624,622
10.865788425085777,0.12748242682541253,623
8.652057494490668,0.0646344704752519,625
3.868034380261227,0.13481445335474077,624
12.09056196447109,0.10825359425604947,626
8.961334645700294,0.06733991252110304,627
7.116623626756935,0.07398467369413732,629
10.906907929576008,0.13650853271666571,628
9.544904492588438,0.08612418583624452,630
11.758437068057816,0.20495229414325178,631
3.417459059661252,0.1297932343285458,633
9.652954990966787,0.15902302280875702,632
11.275217112725777,0.11972654286851919,634
3.4561915050601835,0.18406558040966847,635
10.03937370289154,0.03525872070212844,637
10.535644502242432,0.21168619633787117,636
3.11672156237915,0.13116373861408476,638
5.5020570846753305,0.13257847789148025,639
9.420949027794778,0.15786287119425327,641
11.768263086733805,0.21839006587563523,640
12.179171731043516,0.05145286022162864,642
5.708668844289988,0.0984795967379144,643
5.661214969590473,0.11965939471921186,645
10.162949872637537,0.07907544784078224,644
10.345933350098498,0.16753229603208994,646
9.615240430403981,0.09051391218252106,647
12.38921319885636,0.1267209692856604,649
2.8758566114460873,0.08922360149771935,648
11.192703398269813,0.056012639460929305,650
9.055984344769513,0.22916155817676623,651
10.37871555638652,0.18205261722775,653
3.6127286022291925,0.11793565564517863,652
4.87652590920817,0.14655725515617318,654
6.862917588600488,0.0713024381790479,655
12.41578141489576,0.24355135623244928,657
9.346204402392061,0.1472399376813467,656
2.7879735963470087,0.08096723875410278,658
6.857284975083234,0.02357962478737309,659
7.0459462942105695,0.04022396465145053,661
8.21508723480091,0.1471801410095391,660
5.524362287521701,0.12567188944965885,662
6.568251045351646,0.11157950865742061,663
6.588608239404474,0.04869065544003079,665
7.075791081477694,0.10337515173827401,664
4.663430133607074,0.07046144017806097,666
5.36974224475113,0.2571815184583388,667
9.12084078063058,0.16392724837017764,669
7.808742634770212,0.18255399544485917,668
5.360282931771513,0.12133620776107526,670
7.763619035696906,0.11637689151833133,671
6.780860656070818,0.052259009800281246,673
7.036107816115487,0.052485637449766934,672
11.550668945824702,0.1631269358190319,674
6.4415354378420355,0.1965182340226983,675
11.494624308280281,0.18143456293169288,677
12.38092608209296,0.05874238296692624,676
6.268293844094797,0.1713304947100613,678
12.093966818311262,0.1480602650714715,679
9.175566840107503,0.1978180837736245,681
6.296046498216627,0.067145369731124,680
7.23373696550913,0.2198034746798664,682
4.006807072493812,0.03803792678454025,683
7.552101766287706,0.22376118442596005,685
5.931097696115267,0.16830933813694127,684
5.279466124038448,0.0812478274420007,686
9.484578723681658,0.11395773867906141,687
6.172649385094639,0.08602880689130339,689
8.852498977584702,0.16219479064329106,688
8.06919983739609,0.14905350880746623,690
7.687389245049905,0.07962666389640119,691
3.509830949419044,0.170723889394576,693
4.751108465005206,0.14436653894289492,692
6.308293972082936,0.10741224374810295,694
4.508836018485576,0.11428546998929914,695
11.6589714288136,0.1283971821561658,697
9.884596312131382,0.09901151769424722,696
4.88755368706561,0.0669226353801832,698
11.765761949425224,0.037491971845935744,699
3.172678511231549,0.18649509293204783,701
9.953352572575918,0.022883320081732526,700
12.005383851565421,0.05653229690052397,702
11.100371037707166,0.09638226293431489,703
4.047294205135539,0.11022209499534115,705
9.456907236314532,0.1512243540341027,704
8.87551448429626,0.037847896429413275,706
5.134101665248224,0.09289669684653337,707
7.334516308869924,0.14568776485468046,709
3.0739625158538475,0.14408497761710146,708
9.54805078648505,0.0908278783581184,710
10.164415145335568,0.12047005520460939,711
8.928924707876039,0.15522091640392066,713
11.913169969585812,0.12831980467606394,712
3.7560164780634486,0.07751961549449271,714
7.743555981928896,0.17839408607950277,715
12.274954276493439,0.13670379944858144,717
11.163750432855608,0.0699409562883092,716
8.353028960717097,0.04476837661401351,718
4.715418182749552,0.08225010543760261,719
8.469103626875699,0.24216806122837553,721
7.507949979265215,0.04671346322317707,720
12.299008451972803,0.0770192456961657,722
11.649397377630953,0.15503845377744913,723
9.124177270871332,0.1970660437628795,725
9.448021147758991,0.15252323527174358,724
9.95714958888834,0.0700898974987153,726
11.833796140511932,0.17375323001478768,727
11.642845343978847,0.10684542573560929,729
3.885081894517237,0.07045853291460522,728
2.904356833573707,0.14171826394587728,730
8.93967711215501,0.004545886971706131,731
7.144712165662796,0.0963265379188051,733
7.323343974417069,0.07692465230296175,732
6.62704274676469,0.07242067315742051,734
2.8429436552356337,0.30695095161018493,735
10.781589345808083,0.10620833456869745,737
6.41938253761423,0.12667131356034997,736
6.642818198026454,0.07548521722360749,738
3.6359382944791285,0.09017958209076965,739
2.708328883875204,0.11940768518615717,741
4.9376785399584815,0.0860738083346312,740
8.512692631823388,0.14381344733297768,742
8.388930574150649,0.1306152404340399,743
6.743976376820395,0.2545127083798225,745
7.139885759289849,0.05048065293502821,744
4.969999225130995,0.2016098701415528,746
7.303304611541671,0.05446889147398033,747
7.114850003020294,0.07814390956741979,749
10.612785609178555,0.1983591865616895,748
5.52619671339219,0.1019305496309704,750
11.811325112978338,0.17406249613985147,751
4.486411868680919,0.19426050430746708,753
3.041121165703692,0.10062982851704233,752
5.370387434159671,0.03716747566812645,754
8.068721949421128,0.22734161232379418,755
6.158613665710845,0.20999499284299383,757
7.013238797198179,0.034736422290712075,756
8.235522205916537,0.12053711973732764,758
5.603671044643793,0.08012825507760202,759
3.0093557312794283,0.07981573033177741,761
8.838535309575846,0.18534604071398827,760
11.932051765218324,0.07681313587764303,762
9.06313696870129,0.19612414689706625,763
11.593119278225188,0.26263029348990535,765
7.139757606097086,0.15480451762251562,764
10.371882949369144,0.051054045588168596,766
6.5705353655708985,0.1453003206311167,767
5.661158257906896,0.09081317242019853,769
9.634371220110367,0.17630199757950826,768
10.948789192888126,0.12250679833750296,770
10.105342804468496,0.11701816159302017,771
4.877730511598117,0.20585154672734488,773
2.690437804569469,0.19312089630755835,772
5.322375527761509,0.06592487326809289,774
6.042043943533356,0.011633991380399798,775
9.01679463609884,0.023285604060898715,777
3.9442702306709254,0.0684193829354158,776
9.245157374309038,0.13093720481766857,778
8.000927269925553,0.06311208001383217,779
3.119682481671494,0.13327370108684294,781
5.22015908622498,0.21129460838339365,780
8.090518468831442,0.1787828755594449,782
11.588958643282975,0.0545264053388953,783
7.590665362590439,0.2164015692185556,785
7.51916977556414,0.3656652259458468,784
5.387853152349381,0.0719112918024387,786
4.15014046289399,0.22102931320092878,787
8.13179659244507,0.08269377112552376,789
3.2921278412929778,0.07305749209073707,788
4.63386467953558,0.07694263588295878,790
4.701187256338751,0.2527331015552271,791
10.6086810708468,0.1074526943170911,793
9.083133807520017,0.17597021770025112,792
8.38843536127452,0.14167468876945558,794
7.677098857154067,0.19960007845542552,795
5.981204081430248,0.16057626655428392,797
8.086318780728574,0.17128308997180353,796
5.451568626157939,0.09004677999649105,798
11.275700243479307,0.1335511695789036,799
