5.178970496475363,0.09705294568021088,3
3.914051125353031,0.1756635425295458,1
5.436409243367812,0.0865370148893333,2
5.195754833112161,0.07227186632477055,0
11.527583558696287,0.10470727813335329,7
5.5123500031294,0.0705085157909269,6
4.070791070961485,0.11081118247747948,5
6.4223488795381485,0.10142451431242142,4
9.024156220913476,0.08334400287976283,11
12.288409954727028,0.08742705088394445,10
12.193145297133444,0.043205431079131676,9
5.045129325861986,0.0851806769897476,8
8.202428639174338,0.251157496627962,15
5.663185003466068,0.2857938180157058,14
6.55599204460139,0.23016296738261774,13
7.373772548397353,0.1183539872094413,12
10.052779140940245,0.10992070208765087,18
9.665185806972953,0.08737356580067876,19
12.32261354182839,0.06897039369525873,17
5.020887293623311,0.11304212278279394,16
6.793529930594193,0.1216149981392475,22
6.874812841576935,0.08220944199146817,23
10.773132281531012,0.09401511913501205,21
3.400668524934234,0.2593287357347507,20
12.335757967213413,0.06573313226318228,26
6.9836945046141,0.26704267661010966,27
12.350065938222887,0.10964938696736436,24
4.468102693615381,0.0820732178674086,25
10.13335014421243,0.19076658928157886,30
2.5889349343999424,0.17456111930668597,31
8.035544083243206,0.2513810447499767,28
9.714794252752103,0.1546565835505256,29
7.445272105375728,0.20416415889031705,34
8.231717108118538,0.04829696928120361,35
3.2926910228577846,0.0893197585785025,32
7.508553811867261,0.17447132553919753,33
9.991731431761698,0.2358241120278058,39
10.519276280349523,0.08905767432481546,38
7.563462572708809,0.06513676065091496,37
5.803774173493542,0.11178892130424134,36
4.319159018948852,0.050126997968878144,43
8.80885891964856,0.08937453416208964,42
4.7822576058764845,0.17058625243431538,47
8.556546303255088,0.0280788624307965,40
8.093199874198199,0.2653545529875677,41
8.745458741322448,0.1355470343977319,46
2.9001967006538045,0.1596344439061452,51
11.102156768031637,0.17221436284557284,44
4.168083253653494,0.1412085523906123,45
3.1009266589600184,0.19100599069041385,50
6.509776640729369,0.0892676609070331,55
10.675007180345034,0.011021937387455955,48
5.0195279482175925,0.004042429935129303,49
11.748383631819708,0.15679751200774084,54
4.962691880969579,0.36814183886460106,59
9.620933127277361,0.11397279858185985,52
3.0909290743744986,0.04247934042623048,53
9.95905344593028,0.14768400351374414,58
6.058172819971564,0.1261241610513519,63
11.660448813028042,0.18463608187742797,56
2.9558170264406627,0.15389496504123845,57
10.086628272094966,0.07778874652621715,62
7.606064439464481,0.10096918092714154,60
10.726900446822276,0.2129391932285396,67
6.973143313924027,0.0456797295348568,61
5.0384098277256575,0.04586839370596099,66
10.565263102580012,0.0746335471228201,64
8.16660404190493,0.19167695960953898,71
7.921384881864343,0.1330386687983359,65
3.3323451371947566,0.15899533269576116,70
5.2894644809863784,0.061449763947076054,68
6.986594807624548,0.1929468019082714,75
3.613605016091943,0.09376780115063747,69
9.182937097040371,0.14129440994222692,74
3.179930019622428,0.08839837264551326,79
3.0090860007955955,0.047255801213400506,72
11.061333233149885,0.13367195689149253,73
5.144458457469839,0.024142208740068935,78
6.967132760450273,0.07627009267801872,83
8.496617858736927,0.08926519715236204,76
11.595218329456571,0.14523399239860177,82
5.011345220401062,0.21606067737647894,77
3.6168578971201173,0.18155944155460174,87
3.628396715339451,0.18738884714299972,80
5.597790875048369,0.2899364205118788,86
7.7209929659934895,0.07903567975817319,91
11.687598035070044,0.1270438670362482,81
5.130905952397612,0.24638792897376127,84
10.366277291961497,0.07963507550983706,90
10.73882484721572,0.021643702213548215,95
7.54808852536595,0.04859221869880695,85
5.995585412606477,0.13801369586845627,88
11.363842537918663,0.03754201993091675,94
7.548080301848447,0.04012483561395752,99
8.91915440529301,0.21524492026971204,92
4.332708231102983,0.1981168443719615,89
6.214905253850354,0.1908052860087689,98
9.21806553216287,0.13703671635287967,103
3.732172521671303,0.044176467140180364,96
4.759166315330158,0.029751681215652654,93
4.746740692572194,0.0920040554864959,102
6.809257538084259,0.17689656055615566,100
11.427678501021125,0.12160508663765063,107
10.318375669940263,0.04474027621725615,97
5.5917551968889185,0.09431519686004806,104
9.424986086315156,0.06794161261090541,106
9.348973099286003,0.06828434772676949,111
7.005199400056061,0.12413077598336895,101
3.046625241325336,0.10608025432655876,108
4.187394315214178,0.06069182489237336,110
9.390474624518696,0.052697885968881475,115
11.221992762358767,0.19911789048797954,105
4.439401424342114,0.0679016429627972,112
10.214653544810018,0.1613638235083955,114
9.63689844452659,0.10816912272126283,119
4.6595251940305396,0.055611351178698434,109
8.812134505199296,0.1341857425439513,116
2.7666253516932935,0.06956846156051986,118
4.596767536760811,0.03287306141018298,123
5.161315767186077,0.07857672819827692,113
4.314497282858022,0.1952481200488479,120
10.594787089554217,0.04306267403079753,122
11.801839357087026,0.07903862197074817,117
8.96137783091648,0.20208166983878179,127
4.199437426734308,0.1247747440997874,124
3.7149439768884305,0.061730109535965944,121
6.564357328038693,0.10647057146512295,126
9.390461217555064,0.1898866124551232,131
11.225747618372214,0.062454519262637946,125
3.7315160246548276,0.1425747413003529,128
8.029742585865797,0.16742498385788696,130
5.739990160797843,0.09083849078626889,129
9.874847014744311,0.040039333615622584,135
11.806454989857206,0.08620415986561787,132
5.497525493092331,0.02964094577975261,134
2.607051112107902,0.04416428977188122,139
8.056699443675527,0.09601413746374876,133
10.669951286058033,0.1212550471635427,136
10.296621856201966,0.011615735879988357,138
3.769074317337544,0.24568150492838883,143
5.079348547003432,0.06953363132919377,140
10.984830922387339,0.05351556221880576,137
3.0403723208321964,0.10451339480553049,142
5.336306958062085,0.0729390873132958,147
9.229720057783517,0.14142524139307297,144
9.965581028401981,0.3146413328303139,141
5.7364652521058614,0.14748213189899376,146
2.849011167428505,0.0965728601933502,151
4.730821990855826,0.09478476258247115,148
12.064109235910855,0.04763766290465276,145
8.4354470156017,0.16682404385603497,150
4.4742329528852,0.04049703815289932,155
3.377609126817769,0.18872516230291064,152
3.2584122553759745,0.08381458910315162,149
3.7568475293281733,0.12735515406969553,154
7.69892471358723,0.02585441483550841,156
2.8403501920591556,0.11952278546342537,159
10.681577737452002,0.1376959400348693,158
3.6037067343831817,0.20856586557609763,153
7.6094396383127485,0.04731361452282983,160
10.175657148541875,0.15500077308656954,163
5.296054040862285,0.13031308247677748,162
7.396038444519,0.10645910511569173,157
3.25416628806893,0.0828235581307254,164
6.40454822531635,0.1146980765846579,167
4.009074634931923,0.1538828227369251,166
7.499507215080037,0.07623059349084277,161
11.349096739656714,0.13938039646247743,168
8.093121441960793,0.1810115913540702,171
3.8517894542686637,0.14034491088486906,170
4.122853874941662,0.0944136823249635,165
11.957053015658062,0.13211232840321702,175
5.782862524874064,0.06091681093850995,172
4.763864959105481,0.03184088685604906,174
3.3751512605386527,0.1254636739031427,169
12.042008754573345,0.16931047793472392,179
4.807847442361685,0.19039834534789812,176
2.784871941765512,0.06252260588381565,178
3.5220033095865197,0.17933371567283923,173
12.44211726307374,0.14482537609261714,183
8.966370772201191,0.14608506349821665,180
5.018818350900894,0.09002043135344573,182
11.120795664696303,0.07044186660122802,177
8.69911968389011,0.12495352460158603,187
12.140897747837855,0.18174324471350284,184
6.241777770887892,0.04306328226914187,186
5.647764605828031,0.13684303347181878,181
11.989406949987824,0.16513102451699938,191
5.25076315658675,0.1407643310334675,188
10.810241267444724,0.1585557901237694,185
5.20294861290192,0.15640850740463627,190
10.54452615896761,0.0284280068754669,195
8.946713877310586,0.06804137235616559,192
3.65709765179366,0.11533557355696332,189
10.926707331069883,0.2085480831709291,194
7.358774462397891,0.19537901193056628,199
4.026949015105893,0.06132508842375929,196
11.043466088572398,0.0808790955324174,193
9.948650443979194,0.08724445053826818,198
8.630744285914728,0.16479198962198394,203
4.690185325156801,0.21305076358063046,200
3.9650068898168156,0.08604182812750466,197
4.542250483931466,0.17913376162219863,202
11.248109934032428,0.20273665527127488,207
8.920749299384628,0.13085663356257735,204
11.053967713454119,0.0611140596179703,201
5.957093288797285,0.1357085941361488,206
6.077607653738214,0.11080572863802025,211
11.753666614550674,0.19635419690090253,208
6.279142673746384,0.08940788944106548,205
10.282107707683657,0.05543680268547953,210
6.16828776003211,0.01964468888240612,212
6.446556777110004,0.05063504524928802,215
5.547023808575259,0.23358282937121527,209
3.4361914728639986,0.06277299921118888,216
6.142801393676689,0.054531828311306665,214
4.606361852899054,0.05586379697278021,219
6.989022907672716,0.10615054858966105,213
8.633507539610651,0.034620875681194346,220
4.387094399587706,0.06285001385466588,218
6.598006907395927,0.1948564792277467,223
6.557768294861566,0.0858868473735595,217
8.803560097561125,0.21499416871032972,224
7.505234424780117,0.22898518106873378,222
6.006872630964077,0.17429749854539336,227
4.568988591422054,0.15499181522532637,221
6.99593324509515,0.040589838421670035,226
11.644877806885614,0.1444241637405657,228
3.6010669952073138,0.18336237490129215,231
8.613551937880857,0.16221249005413374,225
3.8254202481995825,0.11573929115155886,230
4.012534731472187,0.1996632120317005,232
11.95679156527634,0.257310865424998,235
6.658070682406834,0.12008226185645508,229
10.229602183144781,0.08597011187886523,234
2.6278788986319768,0.030163446910376864,236
10.059077946857819,0.21515148451267058,239
12.200429134511358,0.0162093457993908,233
3.6257204149490807,0.09911243403103243,238
4.880910060386454,0.1392812804051854,240
8.665276248292123,0.07886658086915936,243
6.2364001230326895,0.3009338238752661,237
7.2762479949474015,0.09409642043913274,242
3.2618031721740373,0.08769527460280728,247
4.928624989585019,0.1691974979893779,244
2.614598225104624,0.08643002234086694,241
11.594598511339917,0.18653527580985294,246
11.246778759124462,0.14947556603306036,251
8.149436209600733,0.09613201701287455,248
4.242804318469448,0.14832711424366982,245
9.6796030691295,0.051133599489683136,250
12.49347832500881,0.20904570369347095,255
11.300017405457112,0.12475714220771905,252
6.126999841247878,0.09778140851619359,254
4.418892322439234,0.09472549028879183,249
3.1801081275963616,0.16165165681256324,259
3.503318095100154,0.15111656060594103,256
9.618758355441148,0.11740891684960329,258
10.884973645621063,0.10962464726206422,253
11.126975175125649,0.07998555415652685,263
11.18034005070295,0.09861815635894167,260
4.248416686225366,0.14875551537655848,262
8.125394305436263,0.09316787718160936,257
10.161266250761901,0.18255865866693774,267
10.383257522848151,0.051843828433949794,264
11.085671219537813,0.0748398453688199,266
8.69800034549058,0.10004949174572986,261
3.1080205321931476,0.15224038724567085,268
5.219215882584462,0.18934267112465963,271
2.8238009184136192,0.11243887427544036,270
6.400622648270352,0.20140033678511948,265
11.309220298992905,0.25738404801860426,272
7.808068576569061,0.13546671811142713,274
3.5181869202763205,0.12452747729744698,275
11.832650601816608,0.18510712360653786,269
10.40082262055515,0.13362734912137406,276
7.790180244842659,0.14458605277978132,278
5.002339216626669,0.12708948293337863,279
5.435183662301197,0.19347262386058586,280
5.992568687445493,0.1254710187200866,273
7.307220299430233,0.09935251186886133,282
6.325948431410008,0.03716509932398731,283
9.23833164356969,0.08142447165931507,284
4.487778553803475,0.11248175687003462,277
5.63188367108015,0.09908427362391486,286
12.228655033320422,0.08349713015876721,287
9.041745691184511,0.15789716222887012,288
11.496943447413063,0.19754474885004814,281
8.249173783821242,0.1546026998249077,290
8.873840668648514,0.12046277489652867,291
12.057306320375961,0.009192439003243933,292
6.937293534484849,0.21526495643438293,285
11.085190424413216,0.2059844625459101,294
3.0587668054816266,0.21973386523010185,295
4.4759371620380985,0.06882439702526702,296
5.465202334447781,0.12780584404321466,289
9.115609710265783,0.12876100498349075,298
10.10564821796346,0.1069520045754481,299
12.187787054230807,0.21186216901336763,293
10.796807413507029,0.016623136463351524,300
7.940977778245596,0.04500286530155743,302
10.557850203042289,0.1902507127359761,303
11.719557394895027,0.12084071930508034,297
12.42163924485025,0.1570344346496858,304
6.660091691804551,0.04640239450621062,306
9.296074594470264,0.06506887972373127,301
7.4642443514025985,0.13614749267243464,307
7.361587071245902,0.1485434004405173,308
5.680811373945999,0.1124804569724357,310
7.457252116561729,0.07030968842045576,305
10.764002174115593,0.06951668314094442,311
4.802414618330487,0.08549291746291111,312
8.249852084187427,0.13899711308863905,309
9.155777115154974,0.11825101561891188,314
5.731077143425494,0.09597740290327193,315
11.468122549136222,0.01432041887820934,316
4.2489608318894,0.17610241007408267,313
3.9764901283130283,0.0680771930986297,319
8.417443499492672,0.0713497669141462,318
4.019256096402794,0.17999212140671528,320
10.448290177153927,0.1538668826926611,317
8.08662483653244,0.06153178950814336,323
10.457647076260459,0.16942362518767357,322
11.674175709673323,0.11493229921002918,324
2.877579909823802,0.09809778483569448,321
6.24825516918233,0.15154648492977418,327
4.016917069220632,0.10542657428374536,326
5.662540902584335,0.05556875659375868,328
6.684652229032952,0.03521825590087326,325
12.185078280536224,0.11098136273365598,331
10.790436313762621,0.1274681270357923,332
4.765924800792437,0.16515776486485229,330
10.528474471004024,0.07950603185991861,329
10.100196135902662,0.15030752049876697,335
7.661495022616366,0.11996455427761568,336
5.860800412384987,0.02308830639750338,334
2.6239576401277755,0.17222882119728575,333
8.03084729961593,0.09877433354062447,339
6.849184962638187,0.18172294830071478,340
6.346234277695965,0.23715473878992144,338
6.294110306600539,0.22008165187903012,337
7.219388952482171,0.1268196607508368,343
4.147715880265563,0.3511337022509303,344
6.251566713935523,0.14390972859096618,342
3.793812258904121,0.08122518356044676,341
4.952590328542707,0.09095820460738877,348
5.745148568807478,0.1750967255389433,347
11.965246825125497,0.1726714759367803,346
5.795347199527853,0.07250194964616728,352
11.71393846294986,0.06916342320265693,345
8.604909982282987,0.14880328403757115,351
7.059757050928796,0.09847935605581917,350
3.4874678196836904,0.07050691829927817,356
9.831158436932784,0.10090748067095981,349
10.215721412651648,0.05410019818625901,355
8.232130467434075,0.17326161938434248,354
11.078368389509272,0.0569245802480349,353
9.390389167893536,0.03790487417078095,360
11.254565388074273,0.1035327762678679,358
8.683451426412274,0.18212679199285542,359
5.412068562989381,0.10122646212918629,357
9.074140522215394,0.12752564377106615,364
9.517176112028732,0.15465896904910142,362
10.218198519052324,0.18694530660855035,363
11.283999362470832,0.21813042621584322,361
9.520828280019881,0.3468850022002312,368
5.623503416588403,0.11573338970176333,366
7.541299399402198,0.15924101701590287,367
3.2174020334332254,0.11647915020902,365
7.955974882545381,0.053533929237754255,372
10.768616831631935,0.12588768403248443,370
5.09694565204544,0.1650453288727966,371
8.305516904271816,0.08364259583657911,369
5.646962590585558,0.16118379924309026,376
6.771935635041011,0.1853407337882892,374
4.32977610497521,0.045872454324974665,375
3.8270278640631705,0.12034933390562808,373
9.389138170896405,0.2471465125404144,380
10.585011903134365,0.14923335099566257,378
10.643126182602362,0.1175178986773664,379
4.793366149651357,0.13218400680075967,377
4.185845606651823,0.12722507281703452,384
11.702805443554487,0.02065939261217727,382
3.793476942965036,0.09576046123083046,383
3.9494077357279647,0.0610321647604858,381
8.557973204009034,0.06623793884460705,388
6.737689549473563,0.18825166916224484,386
11.060821276612847,0.2172854523500173,387
6.640417691372878,0.025342402696152174,385
11.804423174822963,0.016455188772593936,392
6.801843316651768,0.01777627630902784,390
2.6204769629455105,0.20171841065342197,391
9.38592285189635,0.12691701783283654,389
10.643083136869556,0.1270363249630778,396
10.657390736625256,0.07102472033431484,394
5.237115296115709,0.06263700913090796,395
6.721425515063317,0.10556780859486206,393
9.111351049276223,0.08627526815989685,400
2.980163813067863,0.07819154096103575,398
10.148267873050333,0.007383435168863888,399
10.45280942364166,0.2333087760296651,397
7.997059771072841,0.2477122294660918,402
5.298298494457824,0.2351386205721814,404
3.1625469520852647,0.11309842875656032,403
11.246134335206769,0.19203955985839388,401
2.93393559386116,0.131197261402188,406
5.508106645608985,0.15653823297674044,408
8.810563173039071,0.09010151017222862,407
9.46708752041085,0.07450176660240429,410
8.90278047831401,0.16165726726242602,405
9.733189638715922,0.15395098560853168,412
2.933316117793571,0.09545028543989831,414
6.0497642905241875,0.13678052994546783,411
4.739495011408641,0.1118385409261836,409
12.002726273777762,0.18608212042231922,416
2.997874764054015,0.07324757172472333,415
12.20127597545665,0.14551634455253357,418
11.506264999048959,0.20932719735739314,413
8.177183346548702,0.018447251837199693,420
11.421523239170108,0.051869254488034894,419
7.959650579427366,0.07845945220440034,422
4.295490236727662,0.14834974368623252,424
3.750366470899519,0.09024247601054902,417
10.782995313439468,0.07567553143416562,423
10.1751097728729,0.22054427135831003,428
3.672176501087583,0.2303333905073159,426
6.434812081956053,0.0682600635960265,421
6.8551223719488705,0.11204977861657561,427
4.03765331987286,0.0832330850047178,432
7.0494615338525035,0.05848449130388829,425
4.517748728186862,0.18201880950237345,430
11.464401720971544,0.17858184977181063,436
10.17404142897098,0.14780975115562975,431
8.480291789520852,0.0886000715494279,429
7.911673149163319,0.031868691434129806,440
9.765951864294053,0.13447816556988143,434
4.885412834930603,0.0526160170205619,435
5.0603032292404055,0.08235008136927396,444
3.2530587787482768,0.21579033016365076,433
7.630446878248188,0.2594758390287117,438
3.419487938930892,0.05436021887278597,439
11.529487278872997,0.08669595894520765,448
12.320177066685426,0.009310889269918144,437
3.631886468217538,0.06719019360271213,442
2.5270605056164666,0.20986347958081242,452
12.281591472024612,0.09481123764556289,443
9.20893539739873,0.01917158035434167,441
10.986652710914427,0.04929154095476528,446
12.069683179630324,0.15248804913826627,456
10.142866081680415,0.2802822293825466,447
4.998467408812392,0.19158809938285196,445
4.883617707162898,0.08908849655436886,450
2.638545892005376,0.20404084230086902,460
6.7982963585715686,0.12819298234861498,449
3.3593661576340903,0.06368261577757144,451
11.592386769396596,0.27809086917615916,454
6.121800868842261,0.1581750298446415,464
6.07100307731354,0.09829388648689452,453
9.778385896865267,0.1580425661369955,455
12.476653756237395,0.045500910336515585,458
6.2672724290985276,0.1133406266160046,468
6.775777199540476,0.1847994190185785,457
5.152716524369303,0.1375246574995959,462
4.239890504872691,0.10634546617293959,459
11.568286703774932,0.08250700376871092,472
8.840081551005897,0.11015176933827941,466
10.847017713115726,0.18664769302913134,461
3.178410698802192,0.08263068690367113,463
5.432394343230936,0.09158778380637933,470
2.5686185409639526,0.22172274443840992,476
10.778632391142821,0.14957999456625473,465
4.443260448726377,0.10610692790453918,474
11.80478105230259,0.19729570774330202,467
7.407648576448035,0.05168263530123989,480
5.375734458355069,0.2099351026414635,478
4.970740780870152,0.08371807606925909,469
7.717702759353396,0.18836477691861275,471
12.471366950175241,0.15222500909037637,484
6.520760622998783,0.2780014470431482,482
8.575984068173476,0.13992651303637169,473
11.111626146820345,0.16777566734457955,475
7.893339353877421,0.06220187079994273,488
5.596974042143801,0.10300785180295664,486
5.142796303961363,0.06699379601761841,477
10.126991414729002,0.07845789987359533,479
11.204135981943185,0.14075047221537926,490
2.6149156089988965,0.13670446478854026,492
2.691684650489975,0.12844890197126438,481
5.656550510207725,0.1859019695378823,494
9.747471764725255,0.13406216677906077,483
6.326844185768615,0.16385683325612177,496
10.35175160951864,0.16769962724011866,485
5.346651002372743,0.11243337037600903,498
5.803731350908848,0.08433006994057689,487
3.4527766803547566,0.06479194370398779,489
3.372904528197563,0.1199328060099597,500
7.771347264724728,0.09934833985877223,502
10.830577178510616,0.07350685723535043,491
5.1738866004994755,0.043982360215116395,493
12.231077520972784,0.07019040184364315,504
5.612172342946614,0.05521861159170532,506
8.997485056378816,0.13957289751758298,508
3.9112293918339014,0.0997346793686985,510
8.578121844060075,0.12992340412102543,497
9.312067701602233,0.04436088359749859,495
11.141089813905493,0.16655995399716414,512
8.215381074034468,0.050455942566333616,514
7.0017562407671825,0.0973685748216501,501
9.32428575809194,0.06253544558816489,499
7.047261801477718,0.10558104166065792,516
10.409395690171948,0.1252689911140677,518
3.444083821936208,0.03875479159516995,505
10.211005663899282,0.17012128398937187,503
5.665300926300155,0.026794871957315225,520
10.488985256676813,0.16077987797351556,509
9.93827353926182,0.13200704875668307,522
2.9104262476473997,0.15478739094270536,507
3.3410683022639045,0.13502832233181575,524
11.400306953481381,0.040617379738848006,513
9.681892422756505,0.11819810712462497,526
2.5610755441104693,0.1760372826860294,511
8.992305683051036,0.1594033106143441,528
9.283393729351957,0.2165753871103414,517
4.439206331914138,0.19675356081227302,530
6.829309030531388,0.060981859586454336,515
5.381395502288923,0.1243175264552914,532
12.407967754005222,0.09117787684031647,521
3.715705989328626,0.16776902743181896,534
7.752709658464614,0.08898550149079204,519
7.051133572860698,0.1327608306785285,536
5.712036945771808,0.29004214358263436,525
6.5032819389458485,0.2963524706482064,538
4.967848981969423,0.04862160874920802,540
4.6008067481396395,0.05426615363838391,523
5.690621828359634,0.13150197207621717,529
5.918264571599467,0.13610473567217174,542
5.371075228454369,0.07446261680919958,544
5.58145702847057,0.11250145452830529,527
10.84505541940069,0.11539437868648175,533
3.321913024293349,0.07396664561046139,546
9.629625258060253,0.1256758303648012,548
5.817078582994371,0.07294140978846352,531
7.892759190799187,0.06276582197215418,537
9.921508295218846,0.20321076057468035,550
7.707907571635858,0.23162458006714762,552
9.575454500897843,0.14946606527802772,535
5.941351281127406,0.22093424168051945,541
9.740793714735744,0.11735999441541595,554
6.513083233097844,0.14631766569540194,556
5.7273471352977605,0.02755741777257415,539
8.97476547261105,0.24100810882946325,545
5.156205695354999,0.1272309687638893,558
8.160679778659983,0.120716534915987,560
7.01383922371954,0.06008632175343424,543
4.489594457671941,0.06570017379776007,549
4.7624027175230434,0.3128535456085189,562
6.426143282265681,0.12338085585763513,547
9.10405849752306,0.10685822168008968,564
11.585319144432754,0.1648710577009037,553
4.64467154092672,0.1429904359749886,566
7.701016092464822,0.1717147816292779,551
3.166950177274497,0.06256086329728293,557
2.5535353428077965,0.09175077830399697,568
4.386793416420759,0.15545454701854083,570
4.848441290798231,0.06674138102688575,555
6.924663765416525,0.0824872160314179,561
10.220840847373239,0.04346487692956388,572
8.35159226948976,0.20377778764072985,574
7.047741861855711,0.10201919829001345,559
8.757995086425158,0.09039379272011672,565
11.426594309691014,0.14123126694671503,576
2.871798908227091,0.20132153240141887,578
7.673628950248734,0.23408253111427554,563
9.212388539788796,0.025902625947248705,569
12.268524049043606,0.13526582079007532,580
10.841136187645798,0.15175067003594905,582
9.995791428207186,0.12026312430740445,567
3.5651617542661365,0.21984053991179972,573
7.243846973294039,0.10748737140891873,584
8.904407675799705,0.07685804533942703,586
4.735203818482469,0.10982811763878329,571
4.2307063593601235,0.2058786691178753,577
12.03060503907409,0.07214394693364642,588
9.018918303427965,0.050780024716649434,590
9.526826395268898,0.09288886623735809,575
9.065511811279352,0.1124937023781621,581
6.535274097611399,0.08901383399598986,592
4.783242397752493,0.03629568182810873,594
7.893208548934916,0.11550680720432804,579
4.980437935009924,0.176574777412816,585
12.420270781165213,0.2822126049995886,596
8.897302640377116,0.04191739555874792,598
9.689909594303248,0.06364330391780028,583
5.168058454994988,0.10012160663245842,589
6.571275350040975,0.10964977814662365,600
5.191537251230089,0.22479239489453243,602
6.822318842063125,0.11436492753454378,587
3.3278209093238162,0.12134148844357664,593
7.638891656970372,0.07755444464595501,604
8.621683772693288,0.1982166773508019,606
8.780982129767713,0.12462571551525448,591
11.47672350096821,0.04932880903980289,597
2.7334240832082903,0.05386181674891453,608
9.889744950867042,0.113063523762706,610
3.3431953891993373,0.08397673917830155,595
11.804904577627148,0.10762481356470369,601
11.544460770690945,0.049429025784688226,612
4.07786153431343,0.15155584981267178,614
10.641462384908781,0.10785998825564912,599
5.678737889671743,0.06956554593970403,605
11.165425335046098,0.1722081944496554,616
2.928720427028381,0.09966534397319614,618
3.1410970424546827,0.07697486716326363,603
7.324462031755971,0.1399867635024866,609
10.781935282719164,0.14180506988848635,620
7.467460510449171,0.05984069541936052,622
8.806519003024077,0.10060829792300233,607
6.3131783615285535,0.0905293969427381,613
5.3151169393773525,0.1332463002571765,624
10.121854536689023,0.08847360672238075,626
10.859147920706665,0.07811782111307736,611
4.734512371224749,0.060595273790276266,617
10.350704694892077,0.17461384975096225,628
5.303739417331245,0.15414216907081735,630
7.045524624783889,0.016831239222089296,615
8.283572811675196,0.04316989880329197,621
10.086312246988307,0.12778177457550519,632
10.338178449049831,0.079145952093033,634
7.262158375249782,0.04408326222930403,619
5.844093583548875,0.13242969709176264,625
11.043578619899273,0.09571650214703298,636
9.686797482833306,0.19120900671300264,638
12.203913959379577,0.18025621845379078,623
6.647149709296363,0.12426276735266517,629
6.605531351267533,0.10233679892412806,640
10.228656784814254,0.02836577792570078,642
3.619624738178554,0.022085540253849706,627
7.462289245385019,0.17608709432783315,633
4.873768091455543,0.22776488502182862,644
11.953561899517887,0.31129549292243686,646
11.556103503301845,0.14017442157776885,631
6.101343822555685,0.1206888702591026,637
6.213083517424753,0.1264055380231888,648
11.41515903996321,0.15045782776206698,650
6.798236381398533,0.1767770703314775,635
4.619640443808558,0.18244357943467923,641
8.67360820404765,0.041947589418227745,652
5.3496887222697955,0.04586060993514725,654
4.111501304045911,0.02929466972019252,639
11.066794686719355,0.14338678810129188,645
9.672487127393389,0.13925939751177885,656
5.971940618984869,0.11479456407382771,658
2.8501587602655576,0.10563864683324597,643
11.078191713554133,0.14239723660517356,649
3.9983432072705316,0.099254178525617,660
10.725526790200062,0.09952840828874801,662
10.833773523733829,0.04600313308081174,647
5.759711091210376,0.05914790692316046,653
11.535377084977604,0.11196386279707791,664
6.790997839882095,0.04828342199604419,666
7.4988560095020995,0.15906839269358267,651
5.085289341775646,0.23173256895861957,657
5.461189178235584,0.05814198651450139,668
6.2037893342694215,0.08835046984453969,670
6.621689264835168,0.1446059115144733,655
8.199406868268682,0.0963423137137468,661
9.254925155248275,0.1585058186501354,672
10.459742677567485,0.09373104307097402,674
7.19573453826377,0.38159363800532664,659
6.597225176301786,0.13660869811127865,665
8.78880330800424,0.09169526814874124,676
6.157253086839968,0.20060045471600146,678
7.564970018376976,0.07861098354001379,663
8.825597867049009,0.09348176121227236,669
4.438737302176772,0.07793762803522304,680
5.978391235532254,0.13288070738073585,682
9.147677498266944,0.15510770918900582,667
4.174176980535416,0.18737885001028146,673
10.928809516670913,0.14676611389987854,684
8.695655149244494,0.08542831239350206,686
10.491354095927264,0.1547740915132107,671
7.451922291743496,0.15921962198116485,677
4.708671446399987,0.21311009896715896,688
7.228978506365697,0.10659783341523876,690
11.039280342934735,0.12197789758286522,675
9.246258502887473,0.023008118299904137,681
9.793236571603835,0.11157895305607475,692
7.5652462045297595,0.08447425145259557,694
7.367987165888655,0.04725551456607758,679
10.723296983538656,0.12142652838857262,685
7.110539671209186,0.13493952554250313,696
4.847197392271115,0.1448403735966529,698
2.9137700579801096,0.05124563850045299,683
2.50072847207261,0.07287148791997976,689
11.858056440149001,0.20045782937773637,700
3.99750539563118,0.10991993118390289,702
6.201411427325971,0.16507748232775532,687
7.741258071086393,0.11717559120243203,693
3.4869162062161276,0.14329084162706338,704
11.868073343903784,0.012717757886783521,706
4.322625766177434,0.14115332719533977,691
5.952173960101349,0.08626823538768048,697
3.8631712238793723,0.02701893411709437,708
2.890799322787172,0.03516319135044175,710
8.913300741868017,0.0753532631228106,695
8.21720076368744,0.0835443210399589,701
8.228953844374356,0.05763904826464994,712
9.038950927036332,0.15628319597245735,714
5.271250028606243,0.07916160671159093,699
11.482939178139658,0.0583943812123129,705
9.164041648907041,0.21244476048122382,716
6.228531003594297,0.24902759652133633,718
4.907216503686458,0.039375515699496114,703
5.274583497815564,0.2732173488368111,709
10.994588048127389,0.058859046540280915,720
3.4506137280943774,0.07501765729589005,722
6.0077974492816235,0.07663213454718873,707
4.603205618480438,0.15802830346525346,713
9.384572809017849,0.10409642289107142,724
9.147687492856633,0.11876495796351527,726
8.071009564318302,0.1669853310469895,711
11.832168736654074,0.16206364858419944,717
8.432830011181844,0.05187313115533257,728
3.0591834382055882,0.23128012779104756,730
7.683604654896418,0.11900261933306332,715
6.847932609713725,0.04678281684635879,721
6.840649413423316,0.12939598376677353,732
7.083057223922671,0.061950675626677554,734
2.545256095590802,0.18670871367409145,719
11.478663230517286,0.1363100285014576,725
5.275330933281126,0.12020980867049647,736
2.7094644437198534,0.17522821924309318,723
11.429983652035308,0.14678294919650806,738
9.28055154911462,0.054150256691233904,729
4.084581375224224,0.05126868962673749,727
6.241525906760596,0.08832406253024028,740
11.760208929269112,0.150041166222083,742
2.908191386684863,0.07826381067264163,733
4.255520744172356,0.057848647285407645,731
5.480245370853646,0.061816162311962734,744
6.309752073139841,0.10419312364206963,746
8.003013754232802,0.09262401042982948,737
7.292115525948879,0.01150404248034301,735
10.32147423563998,0.16894633475113202,748
11.683017776135532,0.05487682087800292,750
8.055662838228056,0.038854499683071586,741
5.636692395351589,0.09709948311158499,739
4.956194141802195,0.10383941082027258,752
5.6494975775025,0.04377585675362362,754
7.437390233328712,0.17710198604729702,743
8.611443975180336,0.09887316520737585,745
11.00901395850302,0.3734728859351639,756
6.693946832081133,0.04095527628502011,747
8.431321485990308,0.10791265567049667,758
6.482319118968254,0.06572373204691309,749
4.098088640510644,0.1209597288766051,751
7.805988999639084,0.06889983880555672,760
5.41214340131315,0.11026572359580074,753
10.336665745522657,0.08301000214250309,762
3.823335055666739,0.12857871620425784,755
3.2457071351090363,0.07584706509940672,764
10.604039879989283,0.12413093771930638,757
3.8115077223531033,0.07090700101065321,766
9.312112550646907,0.16069850789361584,759
7.265289204998945,0.11112740453691615,763
7.83078709924732,0.13283190076561666,768
4.956336700730906,0.15135499585789658,761
6.7349657877453515,0.18748932936334337,770
10.411626314646426,0.0919156914342289,767
6.390198758219929,0.10921316702610205,772
4.716897627790257,0.170980399364566,765
6.035125754959248,0.12100880925182095,774
4.855818168649677,0.09477031534064477,771
4.5195334345434,0.12676233713817112,776
6.425077540431531,0.12568832878185507,769
9.538273478009877,0.12858034638124222,778
8.908590875738932,0.07572021593791883,775
3.6730456491997487,0.02407339366112693,780
4.06139040649216,0.09132321119754522,773
4.250032581189606,0.1666004976355383,782
12.01927351700068,0.22127378447036425,779
7.322456834698635,0.1030547715264728,784
7.48652071977973,0.176342424522124,777
9.555367222807407,0.06145515190987882,786
4.084905737951329,0.08905740080774682,783
8.498667663698996,0.11405410037259228,788
11.046097384276479,0.07888958321227686,781
11.786984797616105,0.14629923241925571,790
5.950415951528331,0.1284490864661871,787
9.66569512947004,0.05729317706815891,785
3.4180309341644888,0.18280877992923097,792
2.783649485365276,0.010125065379571231,794
5.02742775658275,0.16264282543593078,791
8.383969479783968,0.14478429471933724,789
10.262670864200958,0.049655195704653585,796
6.66795865044816,0.15556038573848768,795
5.036454283238366,0.18906710348579447,798
9.450208185558708,0.17331075052901504,793
9.89055855261119,0.20921369798535294,799
10.114968058436974,0.09962682892989755,797
