8.145797249276447,0.10496907113879042,2
3.2543826404691734,0.20466053056894395,0
6.828949274242186,0.3060224417780242,1
4.8669656703009565,0.17109944149348466,3
11.205288536104327,0.08187881725149981,6
2.74314849844567,0.13992954464767204,5
7.965511959237358,0.24727171359745903,4
7.646213868467525,0.21508950947916505,7
3.486050065323698,0.17475592039637006,10
6.860394529755761,0.29074935347920106,9
4.5152274507081955,0.13705667792180762,8
10.123359680653131,0.18481109243252886,11
7.219398384655293,0.2072602233832769,14
8.77076317457034,0.12286844246713027,13
9.872854327096233,0.16102189389763935,12
9.946915065184802,0.0923440611509977,15
2.522897568870998,0.06644714830946667,18
10.393452096039645,0.08256795835505584,16
5.026987292082609,0.16997873017673068,17
8.213503615558057,0.11580710233266425,19
10.480685244553461,0.04031015244301944,20
10.254908280190872,0.04850798226937683,22
12.249293879967828,0.14303990706284755,21
7.8851653564847,0.05189593001407081,23
9.86038564436809,0.18151347326356196,26
4.108434995971864,0.12606571306530553,24
7.698075339664703,0.1790676215402545,25
8.979238941567779,0.09802984831583426,30
4.150378903776785,0.03298140797712973,27
2.7127937551491343,0.1923012798354462,28
9.795773337821766,0.20730000833657272,29
9.103615894053215,0.1394820663254763,34
2.6874232555937008,0.20973044749603886,31
5.06369244184425,0.14559754591796098,32
11.72519238789653,0.17721273792291561,33
6.579225764475547,0.15156102847415953,38
12.482645226727936,0.05919904645648544,36
4.178242630075314,0.09662095852436554,35
8.668562986932224,0.20071420147966365,37
8.647888475342466,0.08626856320316457,42
3.7374577224160066,0.19533381041139153,40
10.723067818762441,0.31629023043696436,39
5.123827679313772,0.0782827768504042,41
3.696953064697616,0.12765785558596784,46
2.6258384375654598,0.053118011783749065,44
8.097813062697321,0.17020470255285633,45
8.895234656655568,0.11554564438393278,43
6.702301767596798,0.12914418630793198,50
9.953873363034143,0.037746441299650074,49
6.469929431905964,0.0612617029772353,48
6.980153649083541,0.0537683192409783,47
3.168605894775145,0.037576789372993996,54
11.785122172067988,0.07229582029137219,53
9.070230034588668,0.14810145691841223,52
3.236827920288924,0.25626006018097164,51
3.5947966796059747,0.09763128390297854,58
7.458874958723538,0.15616692058049828,57
8.086601443205431,0.09389789698168213,55
11.482820455603735,0.129706372020683,56
6.794725238444506,0.08959087721190384,61
3.607072161072643,0.16239884032652577,62
4.392746548665273,0.11493149864910142,59
6.037392976126004,0.09772411505725419,60
4.318832876202431,0.25040167306016586,65
10.690679964736356,0.07615643131270429,66
3.7675154102935737,0.2341671825058319,63
7.506850431681054,0.05335680101595898,64
5.756026797713973,0.10505714945603145,69
9.721370271203865,0.11558958469923326,67
6.190650120004577,0.2520820186926324,70
7.927463245804534,0.13618888032160323,68
10.282854242694057,0.1964965733752155,73
11.18271755209418,0.09922182435744205,71
2.737370537129028,0.09707554221268398,74
7.898382895021411,0.09897535807596941,72
4.701320530096416,0.18263292180268142,77
4.969555953768506,0.04090076170160457,75
12.482053952327652,0.1580063734936769,78
3.7322428288506746,0.06487531917744448,76
6.279968566478836,0.09750818402312303,81
6.107841579563934,0.23322910797379592,79
6.737996761215845,0.15231976672981964,82
10.107478688206495,0.21436310050545926,80
7.592190339886013,0.07642954805776986,85
3.0146627450635255,0.1338558035965645,83
4.563844731141398,0.3245713699191101,86
8.275204023842086,0.12437642439227886,84
10.482241606149842,0.15582061297678404,89
6.11466996543585,0.07567497125112548,87
5.103334503293212,0.09139352205283607,90
4.637312392020457,0.0580890259118571,88
9.822954528539702,0.03679309465035418,93
10.157116417944907,0.09487637539123184,91
5.308382448143998,0.10207833876091231,94
6.8495996299582185,0.12398107255973699,92
9.97986472300633,0.17405422469436244,97
12.472353920032269,0.08128917000783575,95
6.863982632686671,0.09690275011341552,98
4.5453219345803895,0.05038602621667726,96
9.096527150902993,0.13852988501143745,101
3.8408173144303372,0.07783681720027807,99
7.45781596166244,0.027921389068772697,102
6.7196086289517245,0.11057298813170101,100
3.3672532543595404,0.21255418865282538,105
7.298096604134717,0.13705023660858318,103
5.151089330075317,0.11638007078864601,106
12.14803288425201,0.1662622377579384,104
8.535709888382312,0.15381522790423663,109
4.10774311654917,0.14851819019223597,107
2.7607758390043746,0.14498586595620866,110
4.311574684674772,0.05644935840111812,108
4.515011113412692,0.1819540649166767,113
6.052986430350416,0.0807223247613604,111
8.8072469218707,0.14186622568907548,114
3.155085382877484,0.22143686580309274,112
5.8913903840240645,0.290986606107809,117
10.850069956412467,0.19195381885978918,115
3.7923613911409837,0.20700497268901763,118
9.68633480578399,0.1982276190312776,116
8.304120141800379,0.03894890605548854,121
7.018813436669649,0.07186135361471196,119
12.368933009636361,0.15589191923451443,122
8.235231725310602,0.02998993804492202,120
8.291554240822833,0.1435066035573107,125
3.218668924393512,0.12811593713659758,123
10.923425648453861,0.15071805312839648,126
7.923023064496194,0.13345672656500748,124
11.712925846516288,0.10377698630343835,129
8.697129895819712,0.06686239050929427,127
8.7405021505585,0.0922489461578977,130
3.810476773530569,0.16530631085741632,128
5.849532077274172,0.13067607812091217,133
2.656399520271495,0.249362227841312,134
10.444945821415129,0.021438085286153166,131
9.904907090882272,0.148979511081372,132
11.754416505789164,0.038907086254133,138
3.789732245515408,0.14960058022632067,137
9.728096772529906,0.1216733557137789,135
6.801237768660552,0.12432757862683748,136
12.114981565935377,0.10583338007710713,142
11.549591009337592,0.18290275156018804,141
9.170809686348022,0.21792673517680816,139
9.34522487702807,0.13101717588870035,140
9.321661988444227,0.17744688782546694,146
6.6381402659168725,0.03539552032647963,145
12.382998330286792,0.06900825173971485,143
2.578254419625383,0.07561194255747639,150
6.528036712901562,0.2575340128616727,144
11.311241918887047,0.14047037505216944,149
2.5613250718602165,0.09558500733690892,147
10.473806496446763,0.13574162182851388,154
6.6499236065499225,0.1477607625083486,148
7.696294616102342,0.15583437780438628,153
4.345154537052734,0.1579150315315523,151
9.060663648569449,0.12992692718911786,158
5.98024658981208,0.2702847296607895,152
10.5097201370636,0.1636527214044962,157
8.014592094945339,0.03090142165727737,162
7.928499412146749,0.10786033962679237,155
6.377984158923259,0.1653421410037778,156
10.587512201267423,0.23912403910276853,161
6.6434490498949925,0.1518465328603695,166
7.549928217865975,0.060889547994840455,160
11.144358738322182,0.2110031013411359,159
6.337335711872461,0.05098859308693211,165
9.408459977135134,0.1562090087241378,170
3.871799438043093,0.17034404979799778,164
5.139052768318269,0.14290388782705044,163
6.141725362625275,0.13099776408351366,169
2.5186020672258302,0.07222998315604251,168
8.156045574531785,0.04295101416818231,174
9.64526589275128,0.11130253438442866,167
3.2317606279161017,0.09517144002721346,173
5.85869779803171,0.16668499631614617,172
11.453079491143573,0.1605767967522985,171
6.626386058851525,0.1309993436562429,178
8.659481652521412,0.1291437853433267,177
5.561232373691418,0.03818076633993464,175
5.2170254984702105,0.05438415810088298,176
6.497977945695455,0.09502415116115595,182
6.1258853079743725,0.2931456958454989,181
7.755646988710263,0.11035171836095836,179
4.670243260321919,0.04470571881209476,180
5.803783716051183,0.1801535347999217,186
2.711600304873756,0.19445310630453386,185
6.343778884459143,0.014774791564063083,183
3.869074871464473,0.1363522020117069,190
12.285531934839453,0.10892210000168599,184
3.316277297214781,0.0736050703492579,189
12.034213709303712,0.26944860625076494,187
5.6695866478336185,0.12791741827072775,194
2.9076048211153624,0.07884900188999466,188
7.779518445221873,0.14566878618913867,193
5.8343209233742375,0.052802180101520504,191
11.816419060122458,0.12873725338249983,198
10.209360146832724,0.09060315248615225,192
7.5106151955668645,0.1564671761503165,197
4.628215329789683,0.10118252478276318,195
11.16292968373801,0.10345495703173413,202
6.355040602992574,0.17918462552361136,196
5.546040414907285,0.20566217730580916,201
2.63836338779507,0.08860847550736833,199
10.772374161640489,0.06128741430279216,206
9.14581176476027,0.08151714721694917,200
7.279208235764788,0.05160228438536865,205
11.070421612747722,0.16637458967435081,210
3.995294022694126,0.06274169917821724,203
7.496039185491249,0.1200285051613407,204
11.635872623665737,0.15241197863299252,209
8.186773984083015,0.1655664040736008,214
8.50685472731638,0.0803814716935114,207
12.449613271618999,0.12141801785996226,208
4.971238910102299,0.17352994664470245,213
6.839578160661634,0.08887197503623732,218
8.069491622920639,0.04678628567900107,212
8.604729337913742,0.017067944244143447,211
9.77852743223166,0.20719956387206487,222
7.56923270669965,0.17138031943295515,217
2.9525395622805704,0.18372652896139532,216
5.583052819641888,0.0649149777741272,215
11.542066637435394,0.1331196346536422,226
8.42358692801707,0.31386998336547145,221
5.129334718247915,0.219994360554063,220
10.344195332554069,0.05152655082078237,219
5.705976769060013,0.11753924069006022,230
2.8960859644990666,0.06256239453217942,225
10.7688379584155,0.1575350451337596,224
6.631804189319053,0.08102096089002218,223
10.312300194408405,0.10505853692958458,234
5.055114949678114,0.11532724138456239,229
2.930394086295834,0.2916585261875891,228
8.036235821553221,0.14269577729184815,227
11.727366376928922,0.027164317174794207,238
9.369018370987607,0.2474609959343834,233
11.735279629657503,0.12406807594063121,232
8.76818052177947,0.12945475382772936,231
3.2609045394434033,0.03277210135739505,237
2.9449531358488015,0.19503398630374208,242
3.9831547011789303,0.096759345966624,236
11.66410008460434,0.11406470418453452,235
12.25650019769822,0.14237839263430777,241
2.6744288778132974,0.12764605142750515,246
10.075177466652537,0.06204698992886866,240
8.93839187403406,0.1329660647946392,239
4.626250169266662,0.10437559633133711,245
12.094576751508617,0.12452683790731359,250
5.42078129550577,0.09601756307774428,244
5.959915873907727,0.1077403675920134,243
11.931235962518972,0.06186043103690178,249
12.338120524428456,0.20804943616328556,254
10.984119008800224,0.06829517656287916,248
8.1269471383709,0.050476759660024066,247
10.71287473688369,0.13014578078740455,253
5.310211742708978,0.2760897938525967,258
10.378675162489808,0.13377285228789268,252
10.941982834304502,0.035986884777600064,251
9.57767410135713,0.2092291134319039,257
6.35404697999539,0.2783844483212456,262
5.666833362048706,0.07357715339190457,256
10.940836878043285,0.1095914847194782,261
3.940068892813322,0.08666039132601498,255
2.7188865664440476,0.042485416080005,266
8.688451643232801,0.08134141068296231,260
6.138359104683733,0.10557335545227636,265
6.063748433609777,0.01834013336052449,259
5.732461641800737,0.2132702039152281,270
6.65927292754485,0.18983878672654203,264
11.682530311680381,0.09009884463467038,269
8.785589976050282,0.08679182603106206,263
10.173666988791954,0.07990240981531163,274
10.53371753371077,0.06749837143643657,268
12.131688212838215,0.017664810418624093,273
9.58445353919582,0.22364083990686337,267
7.658221005438212,0.15473158568711792,278
12.195282921677663,0.0913587924858882,272
4.440424164119323,0.04425983415485916,277
2.9424583050622233,0.1983967045791562,271
9.130269444247311,0.19767098905531458,282
5.559795345515546,0.06438487226019657,276
6.519169263377847,0.26483467791203646,281
6.1047778155146375,0.028285939567617793,275
11.874696018208132,0.1479480425446774,286
10.138403443823503,0.03434588690601841,280
8.764763267022566,0.11459504775183703,285
11.194867761443486,0.040865051034526034,279
4.780446760188688,0.12414280203671063,290
10.299481459868563,0.0539013569436638,289
7.722380637422387,0.034943399946049246,284
10.629653827268772,0.0933330912378972,283
4.4414929647014905,0.12427332891564258,294
10.49037016445117,0.18077575113721825,293
7.233489769072923,0.2087820454685989,288
6.659997739695974,0.15051125825084588,287
5.262123727410673,0.038255897787524015,297
11.576305069383007,0.17483040596779897,298
7.409856264883058,0.055290125061226415,292
6.103616631350891,0.06089100794068243,291
6.422816409777019,0.11882820143086206,302
7.908217500769678,0.09410869542520241,301
10.050025394144795,0.10728088929530728,296
10.87504335717137,0.16199526622392568,295
9.457864015593156,0.15492054502124722,306
10.450750441448058,0.1964376373626682,305
8.812215878626933,0.12890996184068898,300
10.489401382237668,0.04802152974141058,299
11.769697647526131,0.06987160272364877,310
4.169660716281332,0.19322314523651915,309
8.494208358914026,0.19938612680051782,304
2.614112403098626,0.15389046436616546,303
11.156681747085976,0.08119050543116284,314
8.310968979116755,0.06951700531462128,313
11.21521217782327,0.1810271722773203,308
10.493560536792279,0.16558616472768023,307
10.801470960429146,0.12253401459884067,318
7.469093765579462,0.1909252725881919,317
6.369321467047325,0.15458572514340738,312
10.486289953744993,0.23032573431748277,311
8.910019580644834,0.2798584832489352,322
11.271695858661918,0.0744481888886242,321
2.5505603534023913,0.11719005938952612,316
11.010136983844607,0.14436277327082414,315
3.5481390810169655,0.04249623168637737,326
5.083481603298999,0.16322216239185666,325
3.458941115956068,0.07896020497730527,320
10.940748295004155,0.08437599812327871,319
7.910932465827387,0.08373975833161398,330
11.810475972671723,0.12752392517014224,329
3.6397282173826295,0.08597570229095804,324
10.650609907179499,0.09116698482911166,323
7.686134509215565,0.1141055340631767,334
9.476294051662954,0.11375746435008503,333
12.312575283299672,0.17620680576080366,328
6.509540885272931,0.12082544529234784,327
9.898156879184558,0.17713165703972966,338
8.945720593831958,0.09955636104174721,337
11.136932891070538,0.09940916093866338,332
4.75499752296931,0.09061425374129477,331
6.191132919345694,0.14640058045139825,342
7.956501554454441,0.054985769627880134,341
8.077458499098688,0.007476533007066128,336
11.718236184392138,0.043854207639720186,335
2.9462696895915674,0.12424015226318266,346
6.748743170925228,0.08793844289409986,345
4.059007318285919,0.08740610727177128,340
4.861174448514668,0.18375183004694784,339
8.992508608059667,0.1289144264983204,350
2.9219588527817852,0.06966087684238699,349
8.44435125843388,0.18759127473682535,343
6.670068192233276,0.10035091832028087,344
4.5375913601657905,0.08900671630259094,354
3.1321200588396882,0.053694123408229925,347
2.877628283045949,0.16763750790136814,353
9.169758293416528,0.18315398087025125,348
4.431189755300489,0.17396331222964356,351
9.81164475869906,0.13707401144825626,358
5.395493332311823,0.11655209665709493,357
11.97164120895597,0.03888407430851718,352
11.954590466953675,0.1533058324689294,355
12.074878808717301,0.10893597347087024,362
4.737903444770839,0.17529009380483343,361
4.295033940653701,0.13702669546083412,356
2.69897899726792,0.16958751024175833,359
8.934038430649668,0.22058908482601122,366
6.004469641235504,0.07705407077735994,365
7.652403681716422,0.2308472675330513,360
4.0437343453824255,0.10171055302542638,363
4.259598983742752,0.09958136213519413,370
11.920709654214136,0.016264877964719253,369
10.357802243016563,0.055135721194249365,367
6.796754831431898,0.0055733562095370195,364
12.439923526073919,0.020833073820121287,374
12.22209900723151,0.031068628965322684,373
6.0111714581902636,0.07890283896741493,371
7.16131490030686,0.056372570011532924,368
6.864725954118804,0.16324546790842892,378
2.666884207266106,0.08765565348007644,377
7.096548708209962,0.1086077262912954,375
4.338523133297926,0.10611797294140271,372
6.224932984255121,0.11879739765426463,382
4.450092594180441,0.12129786914727157,381
8.02495514401705,0.06975106878779479,379
11.36018976878876,0.04064122219277287,376
12.321354051778563,0.17797905438649808,385
7.99009538084383,0.17924658647332278,386
11.242817323695261,0.11375401196485345,383
4.879668875120644,0.18151545810151404,380
7.681074130231156,0.10617408033564346,389
5.366698027055678,0.13736675651643074,390
10.052260064147866,0.08664193536193893,387
5.069105779518832,0.1471495937664567,384
9.827977032074298,0.09993644456257937,393
11.848670928069739,0.22363936980355803,394
9.399692971856368,0.20985802843718973,391
6.133987589721553,0.11797913911681775,388
5.1533865197763715,0.15458121807530287,397
12.204297213662175,0.1857677938521152,398
3.4474662324112995,0.09246593897549721,395
6.2775259374501555,0.1204849383186693,401
5.179331067736351,0.20041074831384373,392
9.781492225957722,0.18614118311011038,402
7.741431487567031,0.1301531255472863,399
10.59218658028244,0.07437698489748679,405
5.5560485578505165,0.031149363365183754,396
3.263355229659802,0.16376474363754767,406
2.715642202366144,0.24438742862190047,403
10.437724332073742,0.08330162053180618,409
6.6110522893406305,0.11513100234241197,400
11.800589583773256,0.18735473739074185,410
9.814983660840404,0.05220030001379522,407
3.591230323921255,0.10903917756447966,413
7.984019305080803,0.21057788605727829,404
6.8946830247925845,0.1639251946122952,414
6.491025328718277,0.2493522872841133,411
3.4274555096211468,0.20581075878349975,417
2.514157192712654,0.13493752033690667,408
9.3445057573872,0.2847746737769719,418
5.371497577681765,0.06696970008374309,415
9.309707948663394,0.15784563316891392,421
2.815792849873533,0.04417385477982008,412
6.644101964611587,0.09371411956545432,422
7.010111717609936,0.2486944919711435,419
10.730737220410987,0.1206601440705166,425
5.526002076669105,0.0437102360593004,416
7.127179577227867,0.06817615562972835,426
11.14912028002044,0.07192601956921783,423
8.861262069685651,0.1030558249143536,429
6.730141823166318,0.09618497704339617,420
7.067564119351152,0.146780199489716,430
10.292654389521694,0.04675684149964762,427
6.687326107444957,0.2619055816388604,433
6.020376330386146,0.11362989184495563,424
9.784847685578166,0.1434677759288074,434
10.381425735700606,0.12988931834582199,431
6.402707046360129,0.16446473252795,428
4.895060288244349,0.168783483274045,437
8.198831042093998,0.09278119020582923,438
11.440168767724966,0.11829099032695312,435
6.350801693210054,0.062265543148133234,432
12.289350140005237,0.08640812389414171,441
10.22654223028903,0.10238611464370505,442
5.840783892233549,0.11712963169793394,439
10.148380141191856,0.13448297360567513,436
7.939806314720617,0.03476919990357721,445
5.7106968257054636,0.05817365461139391,446
9.999312666755324,0.20011651345759673,440
7.489163457720452,0.28805209460623526,443
7.425615865215041,0.1665190984830206,449
10.59986379517295,0.037827993587513715,450
5.71404909404162,0.09459798722101509,444
9.943345494477308,0.027510353271476856,447
4.593823839092234,0.15110980953651176,453
6.430478872011388,0.1313862304330493,454
6.649265350517563,0.09710816958594864,448
8.474527231069345,0.10415973353468583,451
5.367099102482525,0.18540173499032653,457
11.92430179701944,0.1467185169676013,458
7.708981913144904,0.1569957271947835,455
10.242108104595943,0.06697762146493419,452
2.552119344355781,0.11624556098141535,461
3.6326858422114627,0.1979089184205858,462
5.379005764512243,0.1420038703049328,459
4.420283710609998,0.16861442394890713,456
8.84960796558205,0.1398640069855322,465
9.17577852432467,0.10074818137928224,463
10.12610708526833,0.06674687671976964,466
8.547873742552895,0.10754543816026568,469
7.470422707939241,0.16413505691392422,460
10.546465791706801,0.20228486166558662,467
12.176064241339965,0.11090035433723303,470
5.343777594099857,0.05813466198926608,473
11.469076703123948,0.10471534903541682,464
12.26081260846662,0.1321778713496345,471
5.7732535286110656,0.03339225989333146,474
4.062849154610063,0.1079890311742575,477
11.330293767705301,0.2029338213400355,468
7.381572815534617,0.25490011937882756,475
4.507420674767975,0.13738383754355557,478
11.526405584985131,0.1085216101662083,472
6.001967589122294,0.03761868874034126,481
5.526890978775619,0.05991925902275071,479
10.039878508486032,0.13802785334566695,482
5.769430859418289,0.27322401812506014,476
10.50090650458868,0.10621069476583177,485
11.022884212056182,0.07642300367536514,483
8.04485187565704,0.11175662849491846,486
11.322996189872232,0.16204994985792678,480
7.869356332609264,0.04904350255873593,489
9.05798609762029,0.1429880425254464,487
2.915277895030096,0.08293918001693865,490
4.869778828635428,0.15944658707456205,484
11.266524517394974,0.10463805764919526,493
12.082453661279164,0.31166734692528103,491
4.966684389530567,0.285828881212775,494
11.24720691933812,0.2692381958133329,497
6.652401298582107,0.12067485623431846,488
6.431000824964647,0.01938203508708094,495
5.370227195818864,0.050462082766173394,498
11.832532740084254,0.3115997757652978,501
6.625235834529024,0.19431811634158494,492
12.490695877811927,0.22481201493101222,502
10.128699767569517,0.1591648919533051,499
8.672602308519668,0.09561404656617348,505
3.0765537638930818,0.03875642771797288,496
5.72336532926659,0.06822142846289582,506
11.4910430531444,0.054891619401107476,503
5.798689673121648,0.11270168912427858,509
12.374727713998977,0.2725636059290896,500
4.857381224085389,0.22150272857935166,510
4.4135121555044385,0.2160338491692229,507
11.348969350176707,0.047478766831972094,513
3.1694826022588485,0.07764630983658777,504
3.452201601082697,0.018498946862545974,514
6.748386341683393,0.1804149641123018,511
6.6658915141961605,0.16112622495724466,517
11.555482216901812,0.08556224214419726,508
11.417111350360319,0.0952309421968901,518
7.138311176501285,0.24216571957216113,515
6.479170855695996,0.08781329728466908,521
12.407572944599185,0.15751800205917862,512
2.654263181645675,0.11387330724372971,522
10.402982090083377,0.10885785443474316,519
4.364095725044778,0.12595570873473058,525
8.830118281228284,0.05380127023750179,516
9.05566678529608,0.09519377254559189,526
7.082738584397079,0.10597538895212377,523
9.518290334018316,0.07365446607386415,529
6.737123538802851,0.18645913723626642,520
9.310710717295603,0.2125005245073903,530
12.2288690914862,0.028944098351455824,527
3.527276856837387,0.10852109932333374,533
7.036608353514346,0.1186972649023994,524
8.090459633687233,0.087002187071755,534
11.823745446826324,0.1771911065556556,531
9.969268433096577,0.08002053244192302,537
3.5478553437129268,0.11043627111291175,528
10.156815763995521,0.09081677629160283,538
12.120239518607287,0.09349288338708217,535
9.115618256166478,0.1646660309193263,541
3.345483260703157,0.031328921729531035,532
2.749897930311861,0.037168544357468455,542
4.295760023160279,0.3013060860374685,539
7.879377411605221,0.08628960110985306,545
3.6435753194940226,0.15389475417452814,536
6.636058200045342,0.06342521340329209,546
7.111847085889339,0.09802307568911088,543
9.891509979736764,0.07583595483106663,549
7.96679189591157,0.12849227172481653,540
6.324639627697306,0.14262785761558994,550
10.840500574762581,0.23035624702781915,547
7.339538879330444,0.10196106491386221,553
11.28337323191917,0.10436452460407009,544
2.9388501851299855,0.28076979349894415,554
11.314697768569523,0.16576096614577904,551
2.9379143673202934,0.28973267509313994,557
5.140283346705149,0.34437485739619556,558
11.009789516874472,0.027186385640583313,548
9.908847566758002,0.38533651619245,555
4.830594758256229,0.10279169901700856,561
6.534646390090968,0.09364878130833565,562
7.872325441844406,0.13982351794685818,552
10.126914498053587,0.14203711121259913,559
12.352852702471179,0.17409620400040995,565
4.224352449871884,0.2114666435810206,566
9.256979820176241,0.14696784889941925,556
7.704289353270908,0.00694275128452175,563
4.737841538494218,0.017143286665985552,569
7.9724874553930105,0.038790700430652365,570
6.632960969815693,0.11412588708799815,560
6.598013159539891,0.1108483990752248,573
11.177985546336421,0.020129108287944262,567
4.94525623457995,0.22200837174959331,574
11.14437346757722,0.022580505640834594,564
4.553010378337832,0.034346468607091146,577
6.740164126772495,0.17788673303189845,571
2.6874829783057663,0.11020581296952531,578
12.001148603985651,0.11975773197878899,568
6.092807238882595,0.1655117888426069,581
8.036714461406527,0.2099914195843815,575
3.3169872247527965,0.12266300034698055,582
9.637536172812815,0.07294090616423486,572
10.128000930823097,0.09059674300326359,585
9.353067973686914,0.12606061111604214,579
9.636180515056363,0.19270819025708888,586
5.024351711780679,0.17694506632023088,576
5.347595648530317,0.11470529400637458,589
4.279319495409962,0.18056730902185703,583
4.034482497396725,0.1688698082162582,590
4.979606084594145,0.13966642312993416,580
11.194407746632503,0.13891667811984762,593
10.84248314534281,0.21777402608200935,587
8.931918903386036,0.053217175539620555,594
9.169243658721474,0.15486373156210587,584
11.2978548266924,0.10662810728026828,597
7.732346437803739,0.06819573679913235,591
6.035368938162673,0.132371515790239,598
5.548159220957044,0.06776734345600778,588
2.599099415648202,0.0580217927230901,601
6.701341836576896,0.1186515701546565,595
3.8831372857696933,0.12387973785437284,602
7.134458893444102,0.09985669436491443,592
8.760424583013808,0.04998833317831074,605
9.198881429953257,0.22108115816922158,599
12.208018183310518,0.0754335201631703,606
11.73248722724835,0.07443389596750713,596
3.9670252937597983,0.017193682254001776,603
6.759687502499981,0.03744101843791259,609
8.553914357673829,0.18584284727650327,610
6.16975411811532,0.16286788643754668,600
4.9271050910975545,0.1346205324005843,607
2.6590263827208647,0.17234750358754225,613
6.53419538984285,0.1337683057745532,604
2.8253457923908987,0.05172390120720909,614
4.4915733647194145,0.13774733888110402,611
11.214970720168877,0.17994654113594566,617
7.831493717299718,0.025445489429831693,608
11.538044578140603,0.08867072899712836,618
10.728433190377107,0.16338231989346153,615
10.56946554642197,0.1795833593674207,621
12.233992423898743,0.07237062416919841,612
10.245927426610194,0.2565354263748951,622
8.002286155134314,0.06681727507631623,619
4.328021548513696,0.19583528414844803,625
2.636531169274323,0.12442571396973386,616
9.009042699895014,0.12202621798378717,626
3.741784464432769,0.11858377984806068,623
4.698824738413554,0.21404759592282835,629
6.011095387977779,0.15029878864517138,620
8.104113604606724,0.2127034046072306,630
7.5045641536997785,0.0971087039429793,627
9.30511043762914,0.19529315943528636,633
6.481560488540566,0.23034084577284483,624
10.922615966885555,0.2048489809084401,634
8.97522949797725,0.18831708276115422,631
5.846645425907716,0.12130010255156037,637
9.009209656795436,0.20640063011069426,628
12.226790692051605,0.03788694649887137,638
6.626325164584314,0.08630978895371019,635
12.27119364768229,0.08008538910696678,641
10.745696219991924,0.052426952345820524,632
6.3038006868956655,0.033644879415695314,642
4.7290107568635795,0.06012161522134649,645
10.848067652418692,0.08946491607142193,639
7.76293498960848,0.10774082438526456,636
6.328853706080539,0.07240197644285251,646
5.9401860336752765,0.08431602858698586,649
4.6169304037778165,0.1744279156887828,643
7.007714172542786,0.06474475714933972,650
4.549643282802075,0.16984654601700844,640
10.005860969758457,0.19629664451018544,653
3.9105331101305216,0.05121427394758215,647
9.498374636104357,0.17819076727237015,654
6.355942931173583,0.1244458456263071,644
10.181722126346157,0.11106342852923355,657
8.272890144021568,0.16308444001536074,651
8.584189064309404,0.19275019792927525,658
5.244562231122437,0.19807491845893951,648
9.199172905462435,0.25969181618826415,661
7.283175489633697,0.07998087185521338,662
7.043547612176722,0.08372926137222181,655
5.081624224034807,0.16639432142158833,652
10.487347415927001,0.10921051667783106,665
8.381432287734896,0.034829511692915205,666
11.356238660614808,0.11266478181696434,659
3.3426580793303184,0.045900589428188025,656
10.033004363782673,0.19706918860599557,669
9.46404648160066,0.09639016335088871,670
3.7831216778804433,0.09164170772213709,663
5.479466993094135,0.07546539822133173,660
10.599950361396896,0.05801725540999404,673
10.828500252986712,0.16040481958996566,674
8.98632357397134,0.10529619546474055,664
10.912133865905503,0.17616071626901803,667
8.609643781960319,0.0928788970528175,677
3.8532526545635704,0.10749919307717082,678
6.482595655209544,0.10411312450962498,668
6.100245498139837,0.15159362999536277,671
5.515674722648582,0.13459068288299714,681
8.046602862493005,0.06306596908803172,682
5.211583150900405,0.1261739513936877,672
3.8825264752886826,0.22562389911068148,675
7.025195145461537,0.14456899463059142,685
7.976118868901426,0.07328645012490588,686
6.079152609414569,0.19720607885143726,676
8.414587938196092,0.11722439633187437,679
6.612699137831674,0.07977293236215505,689
3.1969992167517383,0.1656308670408188,690
5.550413623952047,0.10959790261157132,680
9.114279317015175,0.16403666249223037,683
12.004296563549921,0.15437179706357843,693
4.930153011004569,0.08011861154386613,694
3.223727417897363,0.08500572164434339,684
6.542269228264165,0.06302923675290373,687
8.55734170652735,0.08541466932500041,697
11.565395529350003,0.12846599866257308,698
6.3090798403892485,0.1487185572945375,688
3.2802357213033373,0.13815273806503575,691
9.883946324322412,0.04749956564462281,701
7.000739645837378,0.1503821018937625,702
5.637993265686855,0.120104668844119,692
10.122726586229103,0.19067370054211216,695
5.710792804080053,0.07922528710721126,705
9.18176821825529,0.1429400754899561,706
8.309438154416506,0.11796189587222378,696
11.890545091838284,0.05626338913566244,699
8.890916748039563,0.08597370338529256,709
7.302030014351464,0.0751098882419244,710
3.8362638643645077,0.08201389407814612,700
7.586274559230945,0.15238082489233198,703
12.421367310705376,0.08421759116645618,713
2.9378925140312164,0.15579928719893274,714
5.2831095361283955,0.16857084743044715,704
10.713121486468037,0.01715405390568882,707
6.433782279009309,0.15108550498764403,717
6.117983912867984,0.09021440371655032,718
11.296298126354005,0.0947726523466853,708
6.135512232652928,0.08749341925166862,711
3.042007226104302,0.12312984474387126,721
3.040341681887374,0.11650024243652282,722
4.736527915962413,0.1786039875058661,712
6.5175365756007935,0.10248969414865963,715
4.610124460083572,0.10193472510145712,725
5.376282065661757,0.22346208633072562,726
3.9134950695852266,0.0719427227414932,716
10.469861990802755,0.13888395319586785,719
9.945895841074694,0.03454733322749088,729
11.256916611207314,0.2285913143039766,730
12.485939672817796,0.1399275105000793,720
8.922300413432417,0.13218860988132433,723
5.102425438524863,0.19838425385435965,733
5.767205382530369,0.1419377019538754,734
7.853803186515372,0.1112221784873757,727
9.247195055282535,0.08635035356544168,724
7.69498372924337,0.06482465743381075,737
4.8996454305383175,0.02801179841514456,738
3.8747721178223316,0.1532915910875975,731
9.376613960911541,0.12977562226678171,728
8.07549949154955,0.13493342171916742,741
6.09193377900605,0.1665479729200242,742
2.7822103508509133,0.10668261501575671,735
4.654955011852148,0.1498472001216442,732
9.325516126726528,0.03608115149805872,745
8.218956301938727,0.0676933473174011,739
12.212823489543187,0.10601885054949081,746
4.117816270436467,0.0734417200684429,736
6.197351790737074,0.20648444881608452,749
4.791556758777073,0.13789248250334693,743
9.407377882199487,0.13358745048113346,750
9.040886907408355,0.18128366616303546,740
8.411654059146143,0.09280288787346505,753
9.456719256599598,0.0439935177025679,747
11.007166412294225,0.16612701797666404,754
12.181283022908715,0.051264061594882095,744
10.233496029990569,0.06738870999460234,757
11.152758942922794,0.2033077822372604,751
2.6890256500183893,0.08489784758852818,758
5.8913071972675315,0.07206531201667753,748
4.912941591992412,0.15086625827133315,761
3.3967294616250943,0.14774124015858806,755
4.43095120309833,0.1704391921015367,762
6.027477618198666,0.19243854299068466,752
9.498974164999156,0.20694662629255767,765
10.450323453923879,0.13558398061515017,759
4.189037912281432,0.11082829640551523,766
10.275842915505136,0.25081102185728765,756
3.8530129760291865,0.08588301179927747,769
5.661716102324723,0.04470210536543928,763
11.134609905537102,0.21711858900294267,770
7.191296108825485,0.07220222050513893,760
4.442952376664885,0.15178169576128903,773
7.676580447745849,0.04317594734223851,767
2.812832475022471,0.11570833391090436,774
3.1209220881943978,0.052700762285171725,764
5.832038733525672,0.07191004594278157,777
9.373832203587586,0.05548358931629456,771
6.990823843788403,0.20825208875526968,778
11.784924170958904,0.0577468994942416,781
8.85992169984723,0.1040421447272054,768
6.2610878591109245,0.1563095580390413,775
9.02539381703016,0.06991005540966216,782
12.402552140975965,0.14601340614283043,785
5.195705801623113,0.09711156594592107,772
10.56620176829219,0.12991094135713707,779
9.894198754829542,0.06073967057252549,789
9.090709165798682,0.12433459034685068,786
5.956441290950462,0.23668807190050148,776
12.063667156702726,0.09351252006630267,783
12.18769682120072,0.20038056277822017,793
8.269048602920508,0.11934244087465073,790
6.102669799462452,0.17501811857468777,780
7.947515504258774,0.03548284983825064,787
9.92348416338731,0.10955144851529929,797
9.082336608808319,0.033290652092065526,794
9.290866430253915,0.09747102011870161,784
10.059212036853262,0.055772851268386964,791
8.026054107400615,0.09523334961014662,798
3.6644982493214515,0.09296790168771903,788
9.675022078735573,0.10467324445778792,795
6.691397310828846,0.08307621075699867,792
11.006906661023312,0.1326160838367848,799
6.569930675865864,0.17526706386056767,796
