1.6512057026739353,0.060763109472239486,3
1.0364344965893737,0.14176993876940217,1
2.341567586549597,0.12205215898728933,2
2.3413375955883584,0.20904755791383925,0
1.0217277181164148,0.17150313095887668,7
1.7138257222355484,0.05241522926387443,6
1.2787927026005526,0.08023524613434849,5
1.940572997094029,0.05133966004591577,4
2.061710371444763,0.14725617153068987,11
1.973733946638629,0.15103679088953653,10
1.6421223073489333,0.07765887563607445,9
1.2584597460868623,0.14141049531490438,8
1.475850299314756,0.10628417954486938,15
1.7548726325588206,0.023872010339120123,14
0.6466721188001177,0.2107615435500857,12
2.2844168411039583,0.2875085758271693,13
1.1610868682147193,0.263075441568509,19
1.5992013099182214,0.1352664022519151,16
2.0193213191162336,0.1079255102692654,18
2.014529844679065,0.17402386167897507,17
2.3209770159997523,0.18789201794924332,23
0.7591580356900789,0.2015711777054203,20
0.7537713095399687,0.29599430281458683,22
0.7805506330951202,0.13554010963421267,21
2.422668390413227,0.08847375266527588,27
1.1574147523262512,0.216573480436263,24
1.8526181363671794,0.1189940626131047,26
2.382019232389994,0.14657009624594847,25
1.8168215147665834,0.0757006223280311,31
0.8985725269886979,0.03711782398227662,28
1.4609659663519552,0.15898644351726,30
2.236098744596469,0.002221068776876252,29
1.732670991479923,0.09852891382325957,35
0.7170045978990502,0.01338234428559377,32
1.6593206507588845,0.14376959209266924,34
1.0334399333660942,0.16625797865136152,39
1.9897582006195842,0.05326634723332338,33
2.1907962190962706,0.05766841120472787,36
1.8034281557996794,0.15223308408508848,38
0.8649350569558205,0.050600158138572396,43
1.6943695621703214,0.0676870564206287,37
1.4350742328696673,0.17845451100906962,40
1.5544272782453792,0.12741342711991488,42
0.5896240961058326,0.1787635183104298,47
2.133705229595389,0.16267610656028503,41
1.1274650909262531,0.11075698886059233,44
1.826722549987727,0.052195702256350444,46
2.449897901125878,0.19574001554885642,51
1.7305943732553182,0.24567116711506265,45
2.439323375122255,0.05146328503743469,48
2.4430289633773112,0.07380855239062128,50
1.3127194128224893,0.061413524752423156,55
1.1233251007470582,0.1604605817914855,49
2.298448879519694,0.1474615800255621,52
0.9421821534188752,0.2184195833108309,54
1.9215812763763425,0.13023130279926892,59
1.448713477863409,0.11094057722100886,53
2.394549546628867,0.18429671179756077,56
0.5110003265407312,0.08532251760020297,58
1.000373464182877,0.2615795773664403,63
1.1952583507058239,0.062160994658352876,57
1.3265260536314674,0.16186753967922707,60
1.7887292086698565,0.07601588994206117,62
1.84374768563024,0.1286599879366994,67
2.2976917357420024,0.24691981981805766,61
1.3217355711079721,0.16535838119680046,64
1.398620787060399,0.05280795484734984,66
0.6254487073435695,0.017221431153281976,71
1.1837949206298781,0.12092770024289773,65
2.4974578876132947,0.21984181993723753,68
1.3117639174047753,0.06022057895941958,70
1.43709045191031,0.14208190515363714,75
1.3163476869187711,0.24761019381532232,69
2.481879759313128,0.29496468404767906,72
1.444996072154249,0.02328892912637597,74
1.0368548669949185,0.16577823988315626,79
2.033751299478594,0.042585163015612035,73
2.2714025812349674,0.26777523713132084,76
1.0545259545346655,0.06565308535117349,78
2.2734670166378375,0.048357418768483346,83
0.730416994310966,0.12622709084512265,80
1.9234285865627927,0.008960029482779266,77
0.838971180298246,0.16552223883295575,82
2.031818376396018,0.23805913593288236,87
0.5853117339208886,0.05324479373789276,84
0.5687457616046263,0.08880684077067451,81
2.1368935333049315,0.08810407459422658,86
0.8744435121469787,0.08658918015365806,91
1.4258661018398693,0.10693576911671926,85
2.291538261377587,0.2044753601189815,88
2.3923905894072273,0.0798874153560092,90
2.134006756063627,0.09131520929899507,89
2.408994556884778,0.07043572236125686,95
1.8179216192787389,0.09566489051443376,92
1.8354134480034938,0.19849524235371457,93
2.1971259357444657,0.16683742937862905,94
1.5785921797935965,0.21555848712319114,99
0.7697986342754963,0.15663146179803747,96
0.7116106750358591,0.05435717851294334,97
2.1378264136395533,0.15854692378735727,98
1.3829819678629562,0.15302488986795734,103
0.706093477768821,0.0652398350271894,100
0.5172064169537327,0.17223507403239793,102
2.1052675476178924,0.09099465583403683,101
1.4302010814976918,0.02002486694014088,107
1.9996225370081644,0.021433469571583624,104
0.5534560970851674,0.18661313049205086,106
2.060184801683345,0.08724942244500347,105
2.2161189162983557,0.07084777918915237,111
1.1671890234744304,0.22499162422303187,108
2.145169893989973,0.11982365013084394,110
0.6270623529358557,0.1627209464997171,109
2.0907916894719065,0.056209780160920576,112
2.112635790804561,0.0929273209494096,115
1.7274052410944762,0.143275860571924,114
2.415735709054391,0.15714509977087446,113
2.3471818211988884,0.18931640951096518,119
1.6787069052052064,0.15658866003381366,116
2.4397393765270374,0.05284847840116619,118
1.5981077038779572,0.0685026273358136,117
2.281490764154423,0.17562713030142668,123
1.2659173149854035,0.1188558049205861,120
1.2626582450975574,0.1776170555532754,122
1.8750580915977422,0.1695418653021761,121
1.0924192277300406,0.24360817486014483,127
1.1121945126786714,0.21802362391808716,124
2.28622655932542,0.11150422345759886,126
1.2543559952975467,0.07489013139673092,125
0.6332542539012567,0.03787477657590693,128
1.8408015784860454,0.032675544573762656,131
0.634223105390147,0.04809623364547588,130
0.6541323760142843,0.09691264253854022,129
2.229096142023833,0.03877827809393314,132
1.9663851262632353,0.1378233754928886,135
2.1746685303436895,0.20473863572694367,134
0.5445986020517817,0.11029585131214709,133
1.4107940320431382,0.20853694322870509,136
0.6612326513768749,0.055475961894161124,138
1.3672944294098586,0.058983152715354585,139
1.3656631676783781,0.06310680830433574,137
0.7118789321486003,0.198573406340787,140
1.4429638332552788,0.18351699148436776,142
1.2013903432506436,0.17982170506241732,143
2.244787301713208,0.13116112545210387,141
2.0092681131005503,0.1216660561613478,144
0.7920753617450544,0.07531296269191835,146
2.321009344388669,0.08676334455599334,147
1.6319168867321496,0.17187849903953045,145
0.9952249583805914,0.17429126655787197,148
0.9077313429508318,0.16087513272950055,150
1.7346600648673396,0.18572066612065927,151
0.7348276164128373,0.06455398807794367,149
2.2258701055697543,0.052153191248733015,152
1.1654532088716447,0.17369338393973546,154
1.130287637873353,0.12154878236244496,155
0.6813269857818052,0.08067772442145349,153
2.4849659656605745,0.11699746139954084,156
1.8487368479133892,0.2833672611959494,158
0.847137979820171,0.1278866362275118,159
0.9162888227077821,0.058782940829644297,157
1.8367693520498007,0.11346286181395104,160
1.8848384233422915,0.11453857402393433,162
0.5701533806120189,0.12178214204350074,163
0.797613275881988,0.1317316044111477,161
0.9146655915323596,0.04484144672166105,164
1.32883204859314,0.14327050764835028,167
1.0199816820471281,0.08242119813155421,166
2.0985857483186363,0.13394704402740237,165
1.8575441907854562,0.13095539987658383,168
0.6344628691042793,0.11194784996091196,171
2.0896502008586513,0.26032165569064375,170
0.8886205691262463,0.11525498229673126,169
2.3158670117428075,0.03445830184685338,172
0.90761697567429,0.09585993131979059,175
1.2199852040277412,0.1552275241495013,174
2.1498791781406714,0.18989551301856428,173
2.1893783691344106,0.1398918313775558,176
2.0998580940398073,0.1749390542716378,179
2.4352555127604028,0.15272906416719195,178
2.097574193737927,0.17296309670624951,177
2.3047807331138603,0.23584105914088976,180
1.5761698607402068,0.18403103355781478,183
0.9407093464482894,0.07200018495576109,182
1.4809935111670838,0.10253049257308106,181
2.312627711105051,0.0730383086082758,184
1.212049325383674,0.13015570732964385,187
0.5705571937467546,0.14227432065060072,186
1.0006522212945894,0.0034390962788438113,185
2.4185952758619376,0.0841509195763617,188
1.7404776453489037,0.1825759757087496,191
0.748958590376056,0.1751418934604573,190
1.7080375387209414,0.059340828917486536,189
1.772748172711402,0.14086502204879145,192
2.363094966237452,0.2903324368519772,195
1.1294128013177707,0.25744855784107146,194
1.5994145167821996,0.15933527856373061,193
0.9247779481962144,0.11638081880529522,199
1.7039295238311805,0.12341087821583219,196
2.103134279417078,0.17439551198898046,198
1.1583285394107117,0.09414540804147223,197
1.6171827857718317,0.15336447059546607,203
1.7168386788283005,0.1748032778471896,200
2.391160494885348,0.13932352086820718,202
0.6380720985997095,0.03144674809659528,201
1.3011024702174083,0.179196464576168,207
2.458267562897535,0.2557998130881383,204
1.8509959968965874,0.12497273568437135,206
2.1914386307650426,0.21259008609141136,205
1.4832863439252657,0.09009130718824049,208
1.4422776815251312,0.11769704437362619,211
2.1670493039350216,0.3065829972318533,210
1.3992000932986743,0.050772621280088075,212
0.5564013590010017,0.08737474869619427,209
1.382438337948865,0.0323234558981818,215
2.3941690151601582,0.1466500092185047,216
1.7504052287288558,0.09606848880829812,214
2.2310211083966442,0.11468988906088225,213
1.6188971120593687,0.18895363745868304,220
2.433520292547294,0.2384188979362711,219
2.0524852291272886,0.14537597746290004,218
1.6104799000821735,0.09878596941467858,217
0.8329992528976815,0.22543462938927705,224
0.9636665408331455,0.033788698667820104,223
1.3432389338779909,0.08116370375538047,222
1.7604962963849986,0.06578702945481452,221
2.3176018920649843,0.1276549220202293,228
1.6487839827246271,0.24178056241727966,227
1.5324725727923998,0.08502905870197658,226
0.5623922530446697,0.1805006824254901,225
2.406224416313804,0.23798333605132452,232
1.647143166928912,0.04134161398724889,231
1.7372097562458106,0.23364553246503494,230
0.8232219819471287,0.2619270373706739,229
1.6771720779194512,0.0956762787424374,236
0.7701549174863918,0.16007495390649468,235
0.8250602760656018,0.2067132450316964,234
1.7025343856744792,0.14690309822665007,233
2.13748463833942,0.14334017838627444,240
1.2500749029944156,0.04883335255886655,239
2.207428029103845,0.07361202561135433,237
2.1564774218841585,0.15318219925313348,238
1.8193982017620618,0.15501898237800968,244
1.3354794346768355,0.12049784798320695,243
1.9431720379211905,0.11282919266180583,241
1.822904414356908,0.07923148802029498,242
2.0078219631511307,0.2304885023551461,248
1.2849055047436386,0.11814597175230601,247
2.4109355503109224,0.03126146601755768,246
2.401520824494172,0.11713397898769849,252
2.0568106830894655,0.13251676366352305,245
1.6050381315370372,0.1916361538262937,251
1.6776774628483218,0.1392407968925351,250
1.0235520163951906,0.08491270860305153,256
1.1683360721598932,0.08999449835662834,249
2.204792115345728,0.1379647647694464,255
1.542970117545972,0.1326080814140248,254
0.8279871131591752,0.1464956386134592,260
0.5008114072919876,0.04655698660936157,253
1.495837640604133,0.08730525912603943,259
2.461415543827245,0.02659884270358309,258
0.8001523035533928,0.1786547250190317,264
2.441978699115736,0.1746857002375797,257
2.4773724835705697,0.07885023896122093,263
1.8387991669675474,0.13976271327717102,262
2.098564380725849,0.04813025643114022,268
0.9028057148320792,0.0994211560683547,261
2.2856423485604305,0.2131552433039083,267
1.0296227732099519,0.09749521685125033,266
1.5508386828669076,0.2462277028460619,272
1.1903362892931164,0.1438081421202699,265
2.2644896838725517,0.05534634220968502,271
1.0521642665009256,0.1876535454826277,270
2.4910761127823156,0.13687988879977364,276
0.5771227498175131,0.09612650046778114,269
2.4982941009079855,0.06419725692100041,275
2.3157868274845113,0.09242592733616058,274
1.4897705499434033,0.12395599738551766,273
1.5324332587383922,0.08135852279330281,280
1.0715898210588886,0.27820544045383894,279
1.100699782321774,0.15510990753842543,278
0.7794284089900712,0.06958004864112283,277
1.588848237744031,0.08368526071152713,284
2.011311212255854,0.0769968393803956,283
2.3721807358312574,0.10008498838057865,282
2.01977753542178,0.15867445211395628,281
1.9802507320221499,0.08611451135714847,288
2.476480208312153,0.1034062522446352,287
0.6543647369663907,0.09912123222833968,286
1.0262337885142396,0.19394203599065896,285
1.6225509028351173,0.20134759307703037,292
0.9793898991944385,0.12026873221250345,291
0.7768108054755396,0.07937730093753781,290
0.5460949854307799,0.1211677801284473,289
1.933757201519531,0.14034215466003896,295
2.1745103641037717,0.15327721793874413,296
1.9323832763775735,0.2235571374219675,294
1.9026720612916141,0.1359751703742979,293
1.6102618271643347,0.1485006224873507,299
1.8842724812989875,0.08616529484086721,300
0.7398337814250735,0.07058453700617887,298
0.8801000659813292,0.020741300380630875,297
0.7475914408533562,0.1877955889402823,303
1.926953485497948,0.10491834946979728,304
1.770291054392807,0.1688437905070209,302
1.3150802948876334,0.19908063017716066,301
0.9347211367293746,0.141470218441996,308
1.2046258990252459,0.0644536188838195,307
2.1267642368623294,0.1902364788898847,306
1.1939360889007413,0.10262351615088772,305
1.6601339656219123,0.11012879592363996,312
0.8024439380829955,0.15274558077034325,311
1.2274524133259892,0.14617200208777342,310
1.7565982013675114,0.16542477660026988,309
1.197593160970823,0.07934991884694408,316
1.3754771745811791,0.10867328485733437,315
1.880623187232091,0.22601707993134335,314
1.1253913394100754,0.07418148808429224,313
1.7034241250569488,0.14113125555002026,320
2.2787557778144705,0.1614515636879541,319
1.9475783914192197,0.22697653609633495,318
2.2882466388116462,0.26594499795310766,317
2.194435537680236,0.05159955516079806,324
1.5120183597954748,0.1223466936577392,323
1.5291868531916388,0.055274812450055145,322
1.3894728700546568,0.25524878007413476,321
2.4431558159007345,0.04563418997994891,328
1.6341670036107931,0.11823096583271608,327
2.1295218723164924,0.19286313283009665,326
1.8273544842793523,0.08937578104103627,325
1.6183759862793003,0.22828244037942175,332
0.7204598630846251,0.17257607576338133,331
0.8704806964121459,0.1596688722146094,330
1.0792239180376348,0.06930837196996596,329
1.4187498915417902,0.12957127037201782,336
2.267783353676981,0.13014247083654237,335
1.2617678544258046,0.07254651063889218,334
1.9795283024775479,0.19879369545698686,333
2.427682509390154,0.0389388446073274,340
1.5399807085171584,0.12638939775674576,339
2.197450792378194,0.07506188798744029,338
0.8448601517089196,0.05413006780967225,337
1.8337644486331641,0.13841037367955136,344
1.4748692529498988,0.06920098347853747,342
2.3409273211212334,0.07847224655989629,343
0.6063527457483897,0.1776352174912339,341
2.473000007667675,0.10689976032732901,348
1.6362516816239279,0.08500049970186752,346
1.8467112609699141,0.11760481188325174,347
2.291458092601567,0.0937566123901214,345
0.5275206132429444,0.07724077863333824,352
0.648929835279173,0.13120988943578293,350
1.1455454218435295,0.1361103561774528,351
1.6538007355376512,0.16353263685836664,349
1.6464281797756022,0.03674697383666307,356
0.7245991148521103,0.27766874124659807,354
0.5836019076734504,0.09994558211676938,355
1.3713994296383183,0.11000414159769563,353
2.217518795598429,0.15365772756587492,360
1.3874849443553625,0.06736077326518586,358
0.9524611259526199,0.22310190029036475,359
1.086611657253072,0.12479889292913784,357
1.872374076735602,0.11821590445235844,364
1.2720953031951234,0.23141047092941758,362
1.5483981956387942,0.12968034200658352,363
1.998225321118386,0.17007937549063493,361
1.524392467412039,0.09792027681080874,368
0.5312733430292167,0.09649376945536092,366
1.301149977315797,0.2466118810148209,367
1.5339273294152502,0.21898122394741618,365
2.040337667265929,0.057741407050298,372
1.92423786299284,0.13624949084331425,370
2.248994770408883,0.1556599985425602,371
2.407971274014118,0.1321687192364782,369
2.221864228854589,0.15401183533534032,376
1.4494283369377872,0.12445506163797498,374
1.9562384529114862,0.14057924208340303,375
1.1369068800720752,0.12320785113845388,373
1.9473928192711667,0.0817853111438017,380
2.461884292582165,0.08509219035312066,378
0.5562448102927839,0.12002731460346479,377
1.3612247878984023,0.05804434700210346,379
0.6607536394922102,0.055606434043731584,384
1.8933717885050316,0.0327576110193006,382
2.048217396875939,0.057079971316900215,381
1.0475253317691375,0.12898536229242114,383
1.6167762119844078,0.11127403194648891,388
1.4507532660007727,0.1117611664714173,386
0.7865580267671273,0.050076691003261245,385
1.5780384035996657,0.17367143675948213,387
1.7662816841462132,0.09078739594505492,392
0.5361204422430104,0.06461371042172524,390
1.0270649595475805,0.14211398226506847,389
1.4035040280136595,0.16205056745039192,391
0.5819602589822226,0.09194114515191909,396
0.7894683400261409,0.22641630179769817,394
0.6211824496452321,0.20351378189325475,393
1.992436904427993,0.1120760551343326,395
2.0199888735957536,0.17144413710394507,400
0.9544892924570181,0.1494033224746479,398
1.374328018282878,0.09739540390768107,397
1.3873422546375989,0.06371387256204775,399
1.7400435651092867,0.1362237048005802,402
0.999398989049741,0.0845548696160548,404
2.322474120559649,0.17378328636127408,401
2.092378356861751,0.13514101363208392,403
1.6774527542974054,0.1101830966065333,406
1.034431090543143,0.13247964981158278,408
2.4821690118931476,0.12605332300415115,405
2.465296837595597,0.14715422905818012,407
2.144119556505884,0.23363274095368525,410
1.5098471735509857,0.03303590314664893,409
1.6040121212958565,0.21337265827316443,412
2.0198192430905917,0.1669752579198621,411
0.5472286401345794,0.1608581232748625,414
1.9907359513002956,0.17891933277603583,413
1.739327974132292,0.1217417349496425,416
0.9804414432157744,0.06307293271240307,415
1.9667503322406394,0.31591842227376987,418
1.947995859292238,0.15054342571391352,417
0.8085023971144727,0.15531615142134567,419
1.1283301744987644,0.06439428477307717,420
0.894335860737153,0.08346775520022404,422
2.473289108988884,0.03814922950025376,421
0.5752375551975253,0.06485296751698051,423
2.4000011468588305,0.13573264625151185,426
0.6013317243105452,0.07782980132095474,424
1.5880029613407776,0.2521755308148825,425
2.427319569922755,0.12744099665999603,427
2.4122925326331535,0.11335241482360817,430
2.096558019726492,0.14540343430652064,428
1.2396187102235987,0.09384358830744549,429
2.0836225101581305,0.044702555871038746,431
0.7543366266199398,0.1975842183040435,434
1.225651619633015,0.23359368643252554,432
0.5632757300984843,0.0922943235888931,433
2.474942588148672,0.1764964176547137,435
1.7380302606839264,0.21663363615393028,438
2.3352442359335583,0.0843064430800152,436
2.1269314191014517,0.05103310482897216,437
1.0957642983979499,0.19238520309935764,439
2.432657686901211,0.15458154973007632,442
1.645746475345097,0.10428650676335041,440
1.5447550891799038,0.09562454463443339,441
1.4644442786631002,0.07919558703018996,443
1.7362268111236654,0.07417200971741157,446
1.1595739854493217,0.09876525973916159,444
0.6576054631985082,0.14727557100761005,445
1.1735039278496648,0.26990669629808295,447
0.7568350735200204,0.07666429796486823,450
1.8305483112414902,0.11994463721385139,448
1.5522720669935148,0.05357208649516108,449
0.7050455094632513,0.21889144819799636,451
1.0151794906826253,0.09954832604753411,454
2.361715339513111,0.13867024477202936,452
0.5970061377607556,0.07557332462346776,453
0.9977082874333372,0.10209810877179736,455
0.5172697264250146,0.11466111768434695,458
0.9969261093349362,0.21735161070485912,456
0.9404845973697984,0.05169914873974202,457
1.9188983849247299,0.3329850577279955,459
2.1985484007974128,0.25797682491732926,462
1.2096091549583532,0.06846179421640952,460
0.7172027763481372,0.2351822375212839,461
1.6554138434683143,0.08556461282839728,463
2.198119681000909,0.2984756234920443,466
0.6611278952862822,0.13566812374084788,464
1.8544859072975062,0.10212825359543772,465
2.4301141069770322,0.07911247995638465,470
0.8340723709211064,0.11329950231789708,467
2.4164144392747695,0.20856358692755556,468
2.401012944345358,0.1373820024259868,469
2.0999936956895793,0.25916594027789003,474
2.3390575671288536,0.06795379663954165,471
0.5260298682130087,0.022607338675749072,472
1.2586342445959906,0.2785415884586649,473
1.051407507063549,0.2577151257024002,478
1.0831188467302617,0.09722033612269956,475
2.392252732287388,0.07066158178299269,476
1.1809601625410138,0.13569155012136871,477
1.9015185177645126,0.1574326382403582,482
2.2276352506768786,0.0758152010784925,480
2.022016832718453,0.05504102975524031,479
1.9669495336055944,0.20259822923340934,481
1.7043220525340006,0.15426676750685814,486
0.5409524540199555,0.072080163323296,484
1.9997828869008,0.05383350464236173,485
1.970399681369544,0.28317007139360295,483
0.9677672725410082,0.13174379839674613,490
1.2482993981163664,0.2254405977300371,488
1.4946176383793366,0.14802291100150025,487
0.6521771630078759,0.09009709540843622,489
0.7327324281829894,0.1931185075931311,494
1.9746684613060834,0.1943480177285254,492
1.3296724317777489,0.04420312410916992,491
1.339698111896874,0.10244604462935086,493
2.3858227243088472,0.09923432978934014,498
0.7501127804236789,0.15667223565982374,496
1.6801911903309126,0.09942692173490421,495
0.7056116342302885,0.10890875928876714,497
0.5301897776264899,0.10291158485427972,502
2.0450095300294735,0.14579458549602717,499
1.3258267223593936,0.14607013343369102,500
0.5783856982878852,0.11136181460553835,501
1.871680592844654,0.14738195361855677,506
1.675442897645512,0.10949982468838965,503
1.9162232719792076,0.19242978862627452,504
1.4772582246512118,0.024747554382840032,505
2.064320602051296,0.10864463703938423,510
1.7780971911463015,0.07994368193032132,507
0.603315719282119,0.10314380838404749,508
0.7694539237234563,0.09818489603470312,514
0.6208721551081382,0.16107840157696424,509
0.7458319555749129,0.13756502039265425,511
2.4849449479507744,0.12129339492189284,512
2.0886035779309817,0.09615368292219267,518
0.9120719626055567,0.11468730692754592,513
0.5165692275578793,0.1576117828245913,515
1.4741880263723388,0.025833945106491032,516
1.5522123254231825,0.13334799120621468,522
0.8683715371494738,0.0897081717500343,517
1.4550408915745106,0.14474287801212982,519
1.4021435697347364,0.13900787683802232,520
1.1004023479060723,0.1481566028453899,526
2.13153603841152,0.10656221588615132,521
0.8955025085459134,0.147092550374187,523
2.073205969801961,0.11887419171946763,524
0.5136364420148998,0.11449229710769343,530
0.7416778811761939,0.2033393478377239,525
2.082074646801807,0.07492161687467139,527
0.5004822055731579,0.10686881085563145,528
1.4921714923059464,0.07545217782126817,534
1.250518600771044,0.05506620599737827,529
1.2530826592597573,0.20278366680216547,531
2.3544893440287495,0.2317545985274835,532
1.917744255650535,0.08476394721603937,538
0.8763357532375162,0.14922131114486395,533
1.933303463012116,0.17822599297439223,535
2.2123370625218053,0.16896700081594374,536
1.986161142272801,0.1835270246167086,542
1.2030649720938362,0.19278229605875088,537
0.9975383634860486,0.20565881248040396,539
1.4500329578587556,0.21242366580185973,540
1.3901804695270032,0.0240543114754008,546
1.1938980671831936,0.041421311165504196,541
1.4856936882874408,0.19203475184415797,543
1.3055036572251209,0.273413350173299,550
0.546642738003686,0.144021476346384,544
0.992682920942253,0.1006238578319245,545
2.3809514823831535,0.14701617090327548,554
0.6487857435716811,0.12171734887157022,547
2.486810949134724,0.12842664192098469,548
1.8644735095480713,0.13328328711767273,549
2.2075026975967433,0.07856737404652786,558
2.093005769867613,0.16371694240482698,551
2.4354583241437364,0.23899657598708324,552
0.8290031221659713,0.10270579324664271,553
1.679300231877588,0.19685971351160095,562
2.171994854856433,0.13962119294258277,555
1.6401205922883217,0.1024363163507083,557
0.8295601908953603,0.12657409596253252,556
2.386737514362795,0.11350791565214963,566
1.030447258347144,0.16128199268980073,559
1.5597928736123683,0.2679515958100884,561
2.423104550828331,0.10331235119022374,560
2.0515007379374346,0.10258469964518183,570
0.5278052591524669,0.1325995319801482,563
1.1946643379831487,0.12167043241980258,565
0.5513167636198253,0.038315688281935906,574
1.090943156358987,0.12434544494134817,564
2.338028813325874,0.3217293785448375,567
2.386290281371914,0.168442361647409,569
1.8572678804652112,0.18586930041884775,578
1.6343022213908547,0.17624894249288323,568
1.4922972184483039,0.13290499680448878,571
2.097598444926056,0.17850599041967868,573
0.7041185139441757,0.08804059187936773,582
1.681034049221834,0.11415992462920031,572
1.075772574393594,0.04880070859153487,575
2.0540597627478046,0.38343991599096383,577
2.1600217565829958,0.1383642726571856,586
2.0887306462347808,0.18465553508264232,576
1.981624513396333,0.1541397551305883,579
0.9396962246673386,0.020738077109255213,581
2.0354151662171263,0.10006142424808584,590
0.9805053841915159,0.07901126114406176,580
1.531907214333294,0.16380922371740333,585
2.340419268255337,0.08024337401624698,583
1.071158401930004,0.010414741899910134,594
1.7955969702762196,0.04001494041312744,584
1.981415586892916,0.07077595120818443,589
1.5085472889141023,0.1436966905443905,587
2.054598767987511,0.060261889822917615,598
0.6416590483386724,0.28705800898171746,588
1.5678290561888428,0.1501605765210365,591
1.3948710785146223,0.19866555430407631,593
1.8857882973184044,0.09943440478209484,602
1.905334342302263,0.12310793931974101,592
1.5544441205959751,0.09799559850868139,595
1.6824368431358465,0.08510930001721613,597
1.5404491868037131,0.1965041256782862,606
2.406399855084555,0.12514487215294626,596
1.782113009453085,0.11195005742372413,599
1.1896634455130677,0.030807675268074715,601
0.7680824887188584,0.11712510462745454,610
1.0865224033834318,0.22974979263360218,600
1.1144248575719455,0.07661582990971409,603
2.2093304229911688,0.06416553779899635,605
2.4004285859923646,0.028635445301147196,614
0.560386607136991,0.057037390520966375,604
1.700183791809757,0.058690123449961495,609
0.5839622237607505,0.10533677143793974,607
0.8560180249650933,0.06416216430733228,618
2.3494315130052286,0.15146970466508325,613
1.0599528666888318,0.019126126352786436,608
1.959592613927657,0.07800551618625581,611
1.7683873893883304,0.09360373695068418,617
2.139562408146121,0.2025480352648725,622
2.189864874105885,0.1539879889816656,612
2.2714772921386186,0.06999754604215111,615
2.0879523106970064,0.08500960977917663,621
1.0515778266373084,0.219283933737798,626
0.6235569378237784,0.15118839974882534,616
0.9843414708394114,0.24710050518138782,625
2.1623150968530025,0.10899800238464202,619
0.7171772423441003,0.04133174883948698,630
2.3539940339712673,0.17194837232689925,620
1.4739158747297318,0.2530231448188129,629
1.3177379814497434,0.05423925287633118,623
0.5105387710141633,0.2647210988851074,634
0.8942067015858002,0.04459275919458967,624
1.0264877287220882,0.2342456060554691,633
2.1715020744464555,0.1722339396899944,627
0.9074323460686269,0.09918302424415193,638
1.6040098031968966,0.19155831092995534,628
1.9995043696229458,0.09164462408403475,637
0.5189778002862468,0.20034771172466048,631
1.59174931932241,0.13976282362894252,642
0.8144364846889625,0.08994983954478267,641
2.174751054529699,0.0914007016047483,635
0.7997793230346775,0.19549722143133477,632
1.0354769063579472,0.20785415627199214,646
1.34787598128682,0.013138189808123344,645
0.9022025854193219,0.07513270592542431,639
1.7210470725553215,0.05920778090264925,636
1.2787499357970888,0.09269407055892909,650
1.151271335797292,0.18803545822978804,649
1.0837444259390094,0.08830972770869301,643
1.663325174181262,0.05805209916058976,640
1.7304489796085458,0.11898538878453757,654
1.675531967534359,0.10609138365223783,653
1.9840933373530154,0.03954055385723799,647
0.8471390547656867,0.05117529891433337,644
1.1498863831066144,0.06899122285217836,658
0.9266317463383122,0.07800075297416037,657
0.8619004921555065,0.11124140839472466,651
1.8650737536438484,0.12449361612416243,648
2.1717507229578685,0.1787163266211752,662
1.1001924770680558,0.18007496585785443,661
2.179178071912701,0.1414582969409174,655
0.5500900630150658,0.11909757034741004,652
1.6734039049697222,0.06712249198650523,665
2.409621570987227,0.19439456162315483,666
1.8777254537549075,0.18474880600645752,659
1.3811498540640792,0.19935372036211862,656
2.2954924758712343,0.24975763995734682,669
2.373027402416097,0.1705579337737903,670
2.4459047914213974,0.1839164398828083,663
0.9050665320068516,0.16798978304939152,660
1.1989736979376928,0.1467586563070459,673
0.7772271529515917,0.05132828872849197,667
0.8531300354654185,0.03527093564199118,674
2.146742509573774,0.11878352790299596,664
2.397370911185959,0.10823907018902319,671
1.5332891666590853,0.12720138099812883,677
2.2350809158719995,0.13087924193283046,678
2.3153399358571143,0.16215440690498836,668
1.3200397940211166,0.0930772516993591,675
1.350275240636152,0.08741810278972957,681
2.1886071060135697,0.06125995126420848,672
2.4475911947984352,0.1512316855834506,682
2.05110568069737,0.15896571883744617,679
2.1794290668998944,0.12593632877523972,685
2.1101080223893556,0.16176668053208187,676
1.6767326061351475,0.22082800157465457,686
2.2794543503024007,0.1307678935344817,683
0.7713518839241595,0.158629038075514,689
1.9924286092227055,0.08670413859105172,680
1.8858072900867504,0.23436325053702559,690
1.0597609769769962,0.14641527031423113,687
1.502067851264981,0.051275578772782965,693
2.0838650055642356,0.1185563418946527,684
1.9750034823211275,0.09085327588824949,694
2.0878170679112875,0.14469157672488828,691
1.1175663785080079,0.19653014958184198,697
1.081061844705149,0.12226197708594955,698
0.9473065487243295,0.12160961555253309,688
2.3454744669527594,0.14752460191050001,695
0.9280033900974409,0.04391679616349656,701
1.6451263739020154,0.08314461584539737,702
1.0153948154960504,0.207294488344493,692
0.6068186403004967,0.06896894257585295,705
0.6112867196362379,0.2562615824738234,699
2.293256075542483,0.21278146029741052,706
1.940481869282822,0.0308520088618524,696
2.1285463604558164,0.10343938964378202,709
1.4952410838669172,0.14942736039624802,703
1.8496811479221529,0.07093408404867624,710
2.374085355502592,0.0635119323776856,700
1.167941990778661,0.21560388426577634,713
1.7109835096882602,0.034095649391349084,707
1.3913132820315313,0.09823645677574316,714
2.3468490763963814,0.06925552437907219,704
1.660792766260141,0.03335012292162323,717
0.7263292499625413,0.05793322971818357,711
1.0418684762906836,0.07903961988299721,708
0.6985555168000006,0.1314207854330728,718
1.1834565625389901,0.018285092853186326,715
2.498712238497233,0.01767203904947032,721
0.6074439567478298,0.16801135816197907,712
0.7278066869377402,0.1232987876795833,722
0.8787424810160465,0.23549402953256648,719
2.2139663662109657,0.11343093333601305,725
1.6565696276604036,0.1031595815702044,716
0.6802905494937301,0.16023479915044297,726
1.6671346441625392,0.20774467928237295,723
1.7589633181327877,0.1276750178567833,729
0.6105403045378754,0.11523759075822951,720
1.8547066135162709,0.0968079418333618,730
1.4895626700041313,0.18617058261641914,727
1.7369585998216217,0.02507181056337876,733
2.1342107749300183,0.17246084134652284,724
1.0702635484113705,0.18815961182511673,734
2.4870668874959048,0.17516422690299505,731
2.4910381716276877,0.22680616100043768,737
1.5378690817231488,0.21812414888262036,728
1.6161104980364693,0.09818809431001321,738
1.1059303139631518,0.232336482625209,735
0.5503746843280393,0.06174257217631132,741
2.4855293009545676,0.0682031235775701,732
1.5101881643657493,0.18643644886420374,742
1.8294996395371097,0.1514743567486856,739
1.785118554874574,0.1398503262739215,745
1.6405002305768432,0.21369233760795794,736
1.3912355956616822,0.23686890126762872,746
1.2152531382441296,0.0609037471272558,743
1.966684360865577,0.021482141713558833,749
1.8006563379534828,0.11688011769404316,740
2.026629367630382,0.1375662803350554,750
1.1317143789699289,0.10129945791914614,747
0.6333862953109457,0.12743883417678634,753
2.312260256233655,0.09488537521541365,744
0.8921317140338361,0.1003686261734032,754
0.9471623844203285,0.21024661990846527,757
1.6280396877319148,0.20939867305317927,751
0.5547508344859731,0.18196272208345687,758
0.8107020457692664,0.046194586555031364,748
0.7950848312543783,0.09632612151771096,761
1.4450203977876392,0.09443307837418523,755
1.5081716463159143,0.11106054913978369,762
2.193442013971964,0.13095007127740022,752
1.9265708634174177,0.059383781349220614,765
2.328176655836398,0.2518003488684291,759
2.324743004938205,0.055583778770359596,756
0.5353180004714939,0.07770950938309107,766
0.9999146083600241,0.0308636931208177,769
2.2908754325911067,0.10665101234077093,763
1.2994830487122875,0.07155643878490585,760
0.7086376218452488,0.21938205261186053,773
1.0988794536727304,0.016311805903265277,770
1.5529247240863164,0.12771801076246303,767
1.8105981054185711,0.06922805661551616,764
2.048030167906921,0.1678778335200014,777
1.4798306435946398,0.18946429397401687,774
1.6694459051485266,0.06353503927540766,768
2.148610364133974,0.12935568816888987,771
1.4204223312426298,0.09068180979830014,781
1.6074217860614124,0.03976345230926708,778
1.2821102755628973,0.19425436855375408,772
1.4495556362280946,0.17257220469360407,775
1.7580731819446866,0.23484721637764072,782
1.682403176681086,0.05421240140925515,785
1.593072709616168,0.07233999242580323,776
1.571735258434659,0.08805459246038157,779
1.070555746207373,0.1371100146870355,786
1.9192112961367498,0.08515238917087611,789
1.6966314865465981,0.10807705934330641,780
1.556689584592628,0.027966667745798604,783
2.3409834681013466,0.33076062364207237,790
1.5950918679506636,0.20999830861465274,793
0.7778318901126311,0.1854461538907531,784
1.877716167311175,0.1204287551635318,787
1.8816549979855166,0.16727410246336405,794
1.748467884885139,0.12918886239832084,797
1.296997998863893,0.1649636866129416,788
2.469737663438157,0.12767993522913804,798
0.574030511674053,0.12243778420541274,791
1.8805929539763355,0.10820691176195901,792
1.3053891897096506,0.14975074387264203,795
1.6351231720105344,0.11362856044079912,796
1.057022047666643,0.09454715917686617,799
