2.176804677015249,0.12747189581188487,2
2.0357053148905253,0.12421389317771624,1
1.0436849588126589,0.04839722543267738,3
2.143966044446487,0.06377778830210999,0
0.5120445650694163,0.18682429337769793,6
1.9337386945878672,0.29229786998769913,7
2.0604869648889315,0.1848015552887354,5
0.6083552332858038,0.07713510646642302,4
2.1139888015522237,0.029313200764841996,10
1.9333810356591241,0.17774099775147736,11
1.1764758572084961,0.10118618791382679,9
1.874392317137026,0.10538994892824637,14
0.5077705349745327,0.1433343831438299,8
0.8228311411485949,0.03163618615916892,15
2.4717842311961498,0.13040619183121802,13
1.2093072686703632,0.10767541644800711,18
2.4928132100042353,0.08941135554389963,19
1.8114309568249642,0.2267437307527465,12
1.3060364104218718,0.12596876563660003,17
1.6788577163731568,0.08238552680155495,23
2.2964333416949634,0.18326058504124126,22
1.2528927310544367,0.024211496911450806,16
1.5575899741635215,0.21397398654538702,27
1.2153344484448547,0.3082515465048519,21
1.4707598293650734,0.01306241926179756,26
0.5707814520986452,0.19698500268758776,20
2.483131330027735,0.13722700041863714,31
1.0465385680954196,0.03386810087936914,25
0.5559125427482887,0.1670895165177301,30
1.9026257204448527,0.03299129499608052,24
2.1346553202671927,0.14651251609278454,35
1.819557907541759,0.11899354213930949,29
0.9201435638031183,0.04695988639203891,34
2.074381443150034,0.2673768375635369,28
0.9886559645041337,0.05789842828366544,39
0.7341827016737785,0.1327684560402627,33
2.45832821381196,0.1334917421115808,38
2.281349220746562,0.21371882629819317,32
1.355779130230316,0.12457775874843109,43
1.3013687519431372,0.0945943954676573,37
2.0112116562607274,0.15042552756995234,42
1.51756798171665,0.09858605614391604,36
2.4660589899925744,0.16084128044765789,47
2.4844730518361433,0.08252156851919892,41
0.7468423587440658,0.05538116158054667,46
2.468195483021584,0.14620350710915211,40
1.071953164411141,0.021712916089494008,51
1.4995417827687763,0.07561032176310874,45
0.9193329305860161,0.15186585571874414,50
1.9997665205848392,0.1808795637857943,44
1.1113896957640468,0.18528648625904323,55
2.448049200245951,0.0910657836980163,54
0.8286216439184295,0.14305499101978153,49
1.886665545978849,0.07934930091757547,48
1.8644741968974226,0.17350056115984736,59
1.9093425910929238,0.2525781271949689,58
2.4892619816066937,0.30212960614963913,53
1.6245851810863678,0.11237738218761394,63
2.3585061779632843,0.053693366385004916,52
0.97818657910154,0.018601425774705214,62
2.130498612562074,0.24868694808611963,57
1.7037355080971954,0.10812067055018393,67
1.6003311875927648,0.14796485223839723,56
0.694674196439405,0.10915405383653727,66
0.8513285060632834,0.0786798975791145,61
1.5649426570526077,0.15829796650047623,71
0.6394844166853242,0.14546471215769638,60
1.179258615926883,0.08416519378404069,70
1.0839450623549944,0.13482838085142354,65
2.4055794661586045,0.0707533196446473,75
0.5374405712056722,0.030228222118300802,64
1.8620971877472077,0.0416112467818116,74
2.446935270047492,0.027371556413657117,69
1.39298912471718,0.1189778697276346,79
2.108026895411778,0.11725673601223413,68
0.9889563134381452,0.16882408014008624,78
2.166276490876858,0.20353984962695315,73
0.6152417272989359,0.08265271253341744,83
1.3654267302999525,0.055915656380313886,72
1.4404584246790215,0.06689990248779258,82
2.2454112692759214,0.17275551591122143,77
1.322814558190926,0.12552058554009124,87
0.7659915197710356,0.08711544616354673,76
0.9970723647148358,0.025304319468167254,86
1.9900773246048227,0.10191573440138733,81
1.861472575437269,0.043427795465676836,91
1.969812393546296,0.06250121331878683,80
0.6460666842062297,0.23277124266391655,90
2.4597264394776444,0.14364803970673748,85
1.834234412574634,0.06766643834863957,95
2.3470210636590925,0.3009408650602813,84
2.0546851534527235,0.15860821739396624,94
1.6465423436428628,0.13594669653396332,89
1.8187627227455918,0.09900746451015552,99
2.0657347881210386,0.25953115453826264,88
2.2919086290827453,0.089526337213773,93
2.263934139959967,0.11456794734393078,98
0.5923704637697644,0.08250486101857327,103
1.4981686338114655,0.0766769200789825,97
2.4300548223743887,0.05643969801376733,92
2.291743961433629,0.03754007751999218,102
1.4973129598209003,0.20289020061540716,107
0.8805217334814563,0.061421889030091284,101
0.820740525696662,0.16571479608734208,96
1.8455840056583543,0.11240929674553322,106
2.0140272084084856,0.22561733376704596,111
1.5355226381494014,0.2031608650376957,105
0.6079419291607087,0.0766380983857675,100
2.042568835376156,0.12719395268695005,110
2.11034001143074,0.14548378225102543,115
1.591609725970257,0.2057439111017516,109
2.4932713329604317,0.08035923084856723,104
1.3060686232653054,0.16313469373458825,114
2.1833807288861458,0.15935013309271823,119
1.3620498422389242,0.15651634461414685,113
2.3228689327562084,0.2723497169420641,108
1.248121319832197,0.03273619472378558,118
1.6154370942525271,0.19040275909752916,123
1.841458113479431,0.057620231489566326,117
0.5749767183601808,0.26773103561199796,112
2.0495190396643825,0.1880362106246549,122
2.4935688561672595,0.12126689791307176,127
1.8513816316567235,0.08786080158721168,121
2.053342361391749,0.15703201056634178,126
0.6735788481412024,0.15284548125841946,116
2.3039969352064844,0.21527632790009854,131
1.5213429260185334,0.04187964836119924,125
1.7998699149649662,0.14356788569512544,130
2.391366714833254,0.09410634000513045,120
1.5556598236766435,0.1057383081740107,135
1.6704582376847281,0.02030483854779218,129
1.0858908140359376,0.21510863178366552,134
2.0810574483949287,0.01328589517262175,124
1.1379760469265334,0.1680738602139141,139
1.5287316069457184,0.05958791705218193,133
2.175958144690326,0.15381387964641038,138
1.0652983147174508,0.06961311696590161,128
0.5220034461761072,0.2160894897349162,143
0.9995693453756862,0.038838385360525474,137
2.0050225395643198,0.0978972810030578,142
1.6321465304352045,0.0534332174381857,132
1.3222821573323973,0.049695219492763176,147
0.5816545541049363,0.16166856052064382,141
2.223668554605016,0.08242044417849397,146
0.505657252717493,0.08130519016033987,136
2.4835342487527896,0.10555823996820356,151
2.3725729417300627,0.10059512905296152,145
1.1493326648356725,0.19277244388385403,150
2.447962660956767,0.10753554218501622,140
1.5534126412367815,0.15475490767209946,155
1.4767122283606982,0.09673445242253985,154
2.256923565445544,0.16553771212310558,149
1.7042627158205994,0.2589971306256898,144
1.3162129138213172,0.058626275198835565,159
0.5498516202409014,0.166432688766034,158
2.455689642804641,0.09341817688698505,153
0.8053499869288678,0.08930127645203659,148
0.5835199297875178,0.07458850694803872,163
0.7622940333534447,0.07038733297818806,162
1.267271233376218,0.19489553425385545,157
0.5077996214014195,0.18418233673370088,167
2.1284572971579636,0.029454022867637375,152
1.4118038940983415,0.09104774253563513,161
1.224844385040899,0.16312059083454442,166
2.0890022341831376,0.11823823551550978,171
2.2560844130512754,0.1314406574107509,156
1.528091312420578,0.09349056233489467,165
0.8173135000189984,0.05026299666296727,170
1.5073127415529917,0.18927244678238067,175
2.3935698097340046,0.10399491699000413,160
1.8925769542951356,0.05108035893868695,174
1.0706819059237684,0.05656649932538546,169
0.6934761027025718,0.1904302589726839,179
1.0024669745178236,0.11258358517249026,164
0.5756996758377899,0.17670488363463532,178
2.355283859112351,0.16822205925828615,173
1.3467636079144252,0.11823301029228446,183
0.9743603146684594,0.1409874089644974,168
1.507899426621464,0.28793826911305437,177
1.430099592333288,0.0976765518882897,182
2.3672514413971997,0.16598064065361998,187
0.9702552618880875,0.09337114934241297,172
1.4814130092837907,0.1382106139529902,181
1.9617988371220203,0.04754477964840437,186
1.1551162325948219,0.12000690229857705,191
2.276258103443121,0.05620719542728691,176
1.192225747542787,0.1298497118384922,185
1.8277322050413658,0.0845794063506296,190
0.5993173420868718,0.11470703210615679,195
1.9708161274021065,0.08610723985334803,180
0.662020963297723,0.07062914508161698,189
2.356135555853366,0.16482609584342867,194
0.6360507945446086,0.24500864648350362,199
1.6202364898519388,0.15202150289474947,184
0.5079860607688078,0.10303934714609586,193
0.9053392502798903,0.030563180809333096,198
1.7437079533851843,0.10211110510919397,203
1.5958295403187621,0.10350782046145193,188
2.305932022668423,0.11797137608164297,197
1.8860219709977122,0.12277622395727075,202
1.3499265772581355,0.18860075657687547,207
2.0180376773113284,0.08388615557800316,192
2.1459123839581693,0.05693044048304894,201
0.5175120435946134,0.15444269275224629,206
2.286279004314581,0.06516087656122287,211
0.6069056909268373,0.09182544856681946,196
1.5290651613941673,0.11010361452905988,210
1.6059868736467904,0.21491034939268508,205
2.428258626390611,0.21122285359722467,215
1.754900429749089,0.26701934840211206,200
1.413395138547644,0.2172440995046952,214
2.352676435099508,0.09834383350669039,209
1.350315861014162,0.0978580655908594,219
2.1819758837959236,0.15180192997096328,204
0.9854010964417905,0.19521419355972258,218
1.1129505361036374,0.23075925910416606,213
2.3027948409669206,0.030267597913522123,223
1.7707766317670703,0.19388448527374258,208
1.3361470274914318,0.09361413481010468,222
0.7286541644502433,0.05290576753559254,217
1.2066926358574692,0.09500593683436387,212
1.523510339865912,0.04530434314849508,227
1.3162186359727268,0.11663894485364878,226
1.4183788533285113,0.22903231568100324,216
0.5060300122398669,0.18062302727532892,221
0.80545230227415,0.11320070827002214,230
0.8737087772042369,0.10620420521160674,231
2.1707299647503597,0.10425197085835514,220
2.3981402639431977,0.04268520735574238,234
0.5190921214460364,0.04677902528044558,225
2.2952641081632894,0.15115021527768155,235
2.264285054210846,0.11908826021604138,238
1.6238118772459569,0.11832864814466233,224
1.5144782255115308,0.08887273477528423,229
0.9622054962912552,0.04844134206474855,239
2.3939722969748645,0.08175866316016235,242
0.5872011224195388,0.11011114475177175,228
0.7293378588862942,0.2839831006549762,233
2.2068614666496966,0.07521162808522526,243
2.271591785957538,0.03599233607318691,246
1.0012763888496206,0.05067249690268967,232
2.0939558753821337,0.09112945623602961,237
1.7706225864477299,0.1844737414552365,247
2.2351796052494777,0.10767057548129491,236
1.7290454935670394,0.0646761521861705,250
1.351145132127797,0.1020781044727333,241
1.3582786737222778,0.1269642975602498,251
1.8725300749817888,0.1198673048252244,240
1.1142038309744782,0.11404473676679994,254
0.7338330771109238,0.1292030867403643,245
0.8189191126986739,0.05014758124970408,255
0.8933939673115077,0.18439618770159572,244
1.6007196486959305,0.08842659266809581,258
2.459466915911991,0.17742058286118323,249
0.632818024799978,0.04085871331622276,259
1.5900579189613093,0.11480491300996976,248
2.3280583309204284,0.11357161615185934,262
0.9403961927033033,0.032058487075496626,253
0.517974734234413,0.14409443457196439,263
1.9833134603976212,0.03498692396612038,252
2.0785133644041434,0.15555266481150473,266
2.099196408180342,0.17799716630532214,257
2.4001518602523584,0.1975607844066072,256
1.396619011239081,0.1620872037616251,267
0.7464382498599473,0.09196931367836508,270
2.419502651956324,0.05628986450560883,261
0.6573658815908237,0.0841160149124549,260
2.207959511736899,0.1914849329935963,271
0.5087323166256776,0.1507510648330227,274
1.45658244576534,0.14461143740173407,265
2.1260362957653722,0.2518038476829927,264
1.7733535040705242,0.24766194270600767,275
1.277168164144055,0.18487427050016825,278
1.6868170644412877,0.12107905457374075,269
2.2954822234177685,0.021237140719392856,268
1.1959048303960012,0.2169096754362681,279
2.2413179218522665,0.14632224311221798,282
1.0466033749465304,0.12439446209994807,273
1.46826790258625,0.08937249825876398,272
2.4548159780616543,0.011509148670753032,283
1.0279828602534553,0.0665910690907555,286
1.9932884218904694,0.1883583386351993,277
1.6451862675434492,0.17326667339637167,276
1.2954149292843815,0.1238527034599344,287
0.851713917898423,0.08215015133130826,281
0.6164828585627615,0.06905031685699525,290
0.8492372991178547,0.09669076456332275,280
2.3780142586280917,0.08429372579817945,291
1.9452465606352591,0.1596773592307834,285
0.5839705554430414,0.14474757144065584,294
1.348114549293381,0.15647379679176843,284
1.8106092104472196,0.10010524351827195,295
2.3933758920141877,0.21727532114483422,289
1.4964504462175996,0.14998269306293568,298
1.844748204566877,0.19475236974608198,288
0.6642060941280332,0.0317794839745844,299
1.6370097173537526,0.16421249171450328,293
1.0583292233467276,0.10317921149836791,302
2.3170453322747955,0.11017594095081301,292
1.9389766774362172,0.21271259735741707,303
1.7212846400067372,0.1138235388243555,297
0.9516822744339561,0.1782212073207724,306
0.776166182019572,0.16366231940362713,296
0.5114974843106759,0.14193044457446877,307
2.2249200156871245,0.09072726486275931,301
1.4693408011482403,0.12347054634405641,310
0.6821307810786135,0.09649259260894155,311
2.386597366758071,0.11759808385282196,300
0.8847274748970222,0.08672838578829323,305
1.3247625843125723,0.033954833196926854,314
2.348516619154304,0.1602319029067367,304
1.8600116802190776,0.08393656394148183,315
0.605603962218425,0.08313529176945575,309
0.5852152774902717,0.04294875670229107,318
1.9404348763704338,0.16564222877221035,308
2.04225398331518,0.1253664585255093,319
1.2596777411425335,0.10422316026244736,313
2.028600677934891,0.05996730929366461,322
1.9037776416950025,0.20044228071068448,312
2.413505098934089,0.09302217806417284,323
1.1693406015872514,0.1493790575803575,317
0.8452336974369039,0.11609522216126478,326
0.9808712047181443,0.12689080715336762,316
2.2489709985627364,0.15733230672224835,321
1.8761671534610014,0.21203340620176236,327
1.6539548380255256,0.18118391055587021,330
2.407863454581241,0.05205892893023059,325
1.5285125631805834,0.1007492692511609,320
1.162065924470305,0.11088753165790009,331
0.5944544087893533,0.16756760364351797,334
2.4710721022293214,0.07198492418031298,329
0.7206050321770769,0.05327032204771453,324
2.1713929113516897,0.12023315659870143,335
0.810524030858276,0.14854417167077208,338
2.397744883776278,0.3119121469927022,333
1.7500492995473518,0.15709295683023566,328
1.3796270930948906,0.262601273633538,339
1.4598561582267464,0.05500231113672421,342
2.4781694017868174,0.07983357323465959,337
1.5253297636530845,0.055202133447806216,332
0.958433057454199,0.06755758528547122,343
2.0198342430660627,0.17690179130609165,346
2.405238187768208,0.07412941231497419,341
1.0453439105251623,0.05086914784471015,336
1.8483259091659978,0.30089151546590176,347
1.1818675162676773,0.04571624957175549,350
1.108461466287266,0.17034519323082106,345
1.392232574920074,0.10404486144534647,340
0.8015989388666163,0.10634219624680295,351
0.8961231903934161,0.1361282131296339,354
1.6641848462762052,0.010512500348261422,344
1.4014179955578796,0.13782420523924677,349
0.8146151897302611,0.09148578432485518,355
1.5104388033821832,0.1740033126871957,358
2.259072012334536,0.11395075670318161,348
0.9859046458967695,0.03973647684912364,353
1.9742988053429482,0.2655440867856094,359
1.1399077515438403,0.36599002466727937,362
2.0043080625670067,0.06616230893464495,352
1.8719510153622099,0.12117177504815453,357
2.2614784341131084,0.1492267198465628,363
0.6397624190575992,0.03403163763704763,356
1.1367670366334661,0.08282785550791995,366
1.7142358104236162,0.0532164613100288,361
2.426366608292758,0.10460809574321894,367
1.2967485600295363,0.15730466284376088,360
2.095676257186659,0.13191372740350313,370
2.381384723037784,0.27162585053312777,365
1.415954536904891,0.05931368980230211,371
2.142873061455197,0.09970245128193542,364
1.6063438530343432,0.15622972415472303,374
0.5821290817691609,0.13028795135131968,369
2.1357049287748415,0.18992267287480416,375
1.2795007869609205,0.23505073270128338,368
2.306968375490258,0.048256783380637866,378
1.2616323626163934,0.09650829087785832,373
0.74473284008415,0.1239598845770909,379
1.935191557611766,0.08015363827624834,372
1.4502487961071022,0.17050669169537064,382
2.0105742317774844,0.11858139292482645,383
1.9513457297041032,0.08981608113183281,377
1.2278751646134176,0.24547947045813007,376
1.3308211901405858,0.2388424045021157,386
1.7392398282460029,0.08388705535156285,387
1.8304114435218357,0.09405451197650971,381
1.6918074559523437,0.24918151717686038,380
1.3070486170332516,0.20986942058721972,390
0.5232047822150678,0.09252442798324037,391
1.1837205449093224,0.14820436947086524,385
1.1513934100113132,0.14586512850367686,394
1.6096187463552882,0.09198954829329067,384
0.8440848154113736,0.11866921659614404,395
2.431394133562171,0.2071219810191538,389
2.404024302101502,0.175697154092467,398
2.4151500165107853,0.11303675191065475,388
0.913972075111829,0.11031730679298762,399
1.7783980954200755,0.15377549385198963,393
0.607011520372361,0.04191502083789762,402
1.8795640739468866,0.13647396281722546,392
0.6656294027943386,0.1682735381648048,403
2.1878146131772054,0.11663947589747414,397
2.1440468680138585,0.16224472358086794,406
2.336076772668041,0.11400540501029331,396
1.1238582192609545,0.10266765417528755,407
2.0165931215802115,0.154801201903969,401
1.3310653287580512,0.185387396492122,410
1.4412851212224014,0.12286752021023782,400
1.4948257104051548,0.15338868318121401,411
1.4294470243998563,0.11895696728987284,405
1.0551515754002017,0.14746889691422935,404
2.475930025371161,0.14690906921391267,414
0.727987019384615,0.07568838962265101,415
1.3411891106748668,0.14165889040722832,409
0.738750789957435,0.03689326954331983,408
2.3624857586551693,0.09146076519199171,418
1.5275672543452852,0.04462995193349007,413
1.0740400498757328,0.16511242497819803,419
1.9281072986941263,0.16431747978613598,412
1.1340127921188636,0.14314197839239626,422
1.9167271963975838,0.10692491838079564,417
1.3632443214631953,0.04479758583266442,423
1.0066574897141145,0.04310468576373213,416
1.5440138400256813,0.15532643816296865,426
0.5328170173698754,0.15616907194497526,421
0.5234579984958136,0.2190654794089788,427
0.6297231296229586,0.09896249910223279,420
1.0534190496403815,0.08621468493844481,430
0.6634914426432941,0.061177161835968254,425
0.8003903485210129,0.037818358683220143,431
1.8244155846753534,0.16749221404697343,424
1.1963252268885143,0.18954137305446245,434
1.1370580643624222,0.1157691972475966,429
0.5311376870608082,0.20071739861205065,435
2.377275488834721,0.1597391376510954,428
1.3892528839911416,0.1674997023578857,438
0.8298783866972912,0.16558781000050862,433
0.9462875086624585,0.08958404694805415,439
2.0375734063759685,0.07387082620596683,432
2.0015941055134894,0.19639217912445478,442
1.4335675431581774,0.11789545595335388,437
1.966099964256086,0.11724652657796858,443
1.7328710471392281,0.18014407649266329,436
2.480412545502597,0.03606116862088476,441
0.6702617483439395,0.1467895097379702,446
0.8869677496833897,0.02482231161698276,447
2.3353979978730015,0.2005701850981971,445
1.2287406525277529,0.17740937516262645,440
2.328165645372531,0.22303321482020874,450
0.8959114059549136,0.16666023477997932,451
1.032166712099132,0.1444402855487945,449
0.8908000218951133,0.10976139109043857,444
0.5253595907931552,0.22190949678545238,454
1.0757612122595144,0.16909921721709728,455
1.3514676108454018,0.21088199407505212,453
0.6231609533355669,0.2069591294952857,448
2.3073977029402606,0.04579900921645984,458
2.3596410202282447,0.08129425066444737,459
0.5387253589913525,0.11872348107506273,457
2.4920194076972795,0.16485819524346895,462
1.6254398513074975,0.018546616831834745,452
0.7321534374198828,0.020562614463798923,463
1.578631893718509,0.10732884049565583,461
0.9643843942178856,0.1847808480327009,466
1.9112107269547483,0.09060370777417598,456
0.9269407450726899,0.07084188335997443,467
0.7202431798215407,0.12010947108185861,465
0.7843174149186389,0.06400053652134144,470
2.384792998728477,0.07905066257078343,460
1.5597457765635547,0.19143014121599322,471
1.4149987034021152,0.032026660570994896,469
2.4555166759105296,0.19763120054382463,474
2.2278520089632057,0.04965901972525258,464
2.3457951116686226,0.03507716003925191,475
1.4688025212146687,0.06448345883327122,473
1.8463384400697211,0.036360882225178526,478
2.3400156196859725,0.1578608879482471,468
2.334953790544426,0.13425993109241727,479
0.5812754183670978,0.20757576966361518,477
1.9425344061844876,0.05974482440292009,482
1.1443044040928838,0.09201224139032621,483
0.6336630396413168,0.11225634781796599,472
1.3769239140501084,0.10796797824076065,481
1.4634684834776928,0.07228412313895957,486
2.211848651715174,0.011413423743466477,487
0.839230742006374,0.08205211567267656,476
1.9282591368455588,0.1472591572074281,485
1.3654507698370695,0.02753480280307087,490
2.1330947811444076,0.0825677060611686,491
2.1317017838213994,0.17177072899094814,480
2.230632456654539,0.008446539556940916,489
1.2806715101065487,0.07489476322475801,495
1.014741713155538,0.021374926107546294,494
1.9946878287403529,0.2756477058572733,484
1.4979844315433224,0.11214614677549294,493
1.5819674084270923,0.294627182509398,499
1.8657308974034186,0.1861113316142735,498
2.158037273718861,0.12898020130917967,488
1.1574539913416075,0.060447951724051846,497
1.4566473226985799,0.21132945375457288,503
1.0555862879902294,0.13728243763620818,502
0.7187287178112802,0.13226316666225277,492
1.585890801631585,0.06632376128009325,501
1.085552485125608,0.03046196437600683,507
2.021937705186307,0.06016011587897155,506
2.429147996887571,0.0904194041311377,496
1.7851512238618064,0.2885547030750893,505
0.8189589997885345,0.03808855816656565,510
1.8566431628802493,0.1162116090991141,511
1.1355801872007045,0.16813284915021068,500
1.560034813666583,0.17060131707433057,509
0.8451054860052856,0.13546630979429006,514
0.6897069368719486,0.0728882458535036,515
1.8252532877635954,0.27478101094230917,504
0.8688642475455994,0.06464657459878954,513
1.4005345931549507,0.1352960984857546,518
1.5374758751193347,0.22045177437995964,519
1.6282297992044772,0.09889331136031608,508
2.442396558780698,0.019926920901795788,517
2.1042905941245227,0.20563355012170798,522
1.2198897332598349,0.12153303570411048,523
2.4832617170645124,0.11681950454684537,512
2.3558100999661877,0.07379799118050563,521
1.435319710151111,0.04717190474048565,526
1.8737155897170994,0.07686697035760677,527
2.4643767872039897,0.10173315662390148,516
2.3311065350307283,0.11114659216641574,525
0.7179589757249505,0.11794993688276996,530
2.3167383065896736,0.20821053785057808,531
2.107347873991474,0.03738413118242534,520
2.3487021693531025,0.11969899633656747,529
2.07105707976078,0.12105488790569424,534
0.6083033152127653,0.14163039136016506,535
1.16522829725223,0.12691943037464068,533
2.1500121181189216,0.19854333681775743,524
2.3041160513646815,0.084273075908761,538
1.7030420192475089,0.05563753783315215,539
0.8455481545314634,0.07320726189209265,537
1.1063804726469162,0.22271404217138474,528
1.5469380560737755,0.12333240645104729,542
2.3610060893595897,0.08021902149396981,543
1.6412179877831203,0.08382820602484246,541
1.6691171291007356,0.03875433163320654,532
1.5887620464478363,0.12998301349002325,547
1.4450358946491617,0.03143841442847946,546
1.3352340219243382,0.21566155597645237,545
1.6309822164377539,0.15043331548740083,536
1.3606654518808465,0.1429074252918527,551
1.9583304264656975,0.1626802776671088,550
0.6514519448678453,0.19972945598040504,549
0.7597911984733612,0.1638972654768841,540
2.0577196358100087,0.09289784006410756,555
1.2518132345908854,0.09528750014861136,554
0.996046795591554,0.0948408379399907,553
1.4347016750836497,0.0602141052126518,544
1.6014708766588295,0.18610051028465735,559
2.15419341476027,0.11089476344656622,558
0.5324714502358714,0.07778632427226159,557
1.737817316136073,0.1781159090232889,548
0.572016805428389,0.12530232600712296,563
1.1585677587356038,0.09128472745891568,562
0.6275454746489177,0.1435713008693923,561
2.3931714797409422,0.1515495208848695,567
2.0592748613891008,0.044678170401059314,552
1.7943608485129419,0.24671732309034852,566
2.1869489255712686,0.08511844619020553,565
0.925566495564744,0.0903436344979006,571
1.7795324724845876,0.12513964505954042,556
0.8053885714547069,0.15410849408729455,570
0.6855806277533081,0.11190447504233002,575
1.0172539124239077,0.0794314661245439,569
1.412502782086575,0.07342030904957818,560
1.6516375956948621,0.1230753657259569,574
1.5402745092094878,0.09594039564778312,579
2.200407371802945,0.07136197002189788,573
0.5818026533427503,0.06674369053927041,564
1.246379911845219,0.1434122890473187,578
2.3876310285456745,0.0839659481011101,583
2.088483066688113,0.10415751185674232,577
2.204857920153655,0.10770631048410183,568
2.1836567321213476,0.14894909271646892,582
1.2855865340059356,0.1156735561530903,587
0.771108998971908,0.12826609428473074,572
0.5828357847497454,0.08797438542580929,581
0.9952919634860589,0.14047301865682416,586
1.9819932772029596,0.1033845759081372,591
2.202135741016066,0.1882875472839456,576
0.5083821839662213,0.01974639146849066,585
1.6478067240975558,0.09711883877594066,590
1.171886552372175,0.07681110873016317,595
1.0387962611149137,0.06411998081754772,589
0.5833294856175602,0.04452277215958819,580
0.681678075426543,0.22801457329733768,594
1.199261652488198,0.17868090612776083,599
0.8106780641824509,0.007133545268084747,593
0.9563281914811328,0.1826062614138067,584
2.3692909606298667,0.0612140404697659,598
0.5259202892989923,0.1190631528924293,603
1.8798024882520656,0.14378677217100497,597
0.5071552547209222,0.18282876115543312,588
0.7251672850594839,0.15287684928784473,602
1.8504858614006452,0.050916101874264034,607
1.2767736856176362,0.07588614622128137,601
0.7289693462714171,0.09990210556602735,592
0.5926302033720185,0.14246722445422305,606
1.936088480827302,0.09525602461017615,611
1.1832019983665634,0.166032695980908,605
1.6050629019363991,0.08172171591187992,596
0.5827092082537202,0.11579794676982098,610
1.1079175803319332,0.12734384876902735,615
2.111715514019811,0.05257466798656279,609
0.9753812712075265,0.22690747344374299,614
1.226022077991679,0.10305877290702979,600
0.6654921368171829,0.11839986086454596,619
2.100572892307013,0.15662221567649195,613
1.6513187431715768,0.060571718605087456,618
0.9299877366855811,0.08590879043100619,604
0.5866246636033929,0.005158886952936461,623
0.6907640399631905,0.10356041484658758,622
0.5485701542883283,0.09469621047084087,617
1.1584221815747435,0.3130408411614879,608
1.9863196914144785,0.10300980263354827,627
2.00292706046207,0.20938006898552472,626
0.6811653349665341,0.11530266493834399,621
0.512844357133069,0.09974547752698683,612
0.7577539525508599,0.13811895029939528,631
1.3830079460762317,0.14125068844780828,630
2.047897469056009,0.17828792154029838,625
1.8376341065729802,0.12207127185572625,616
2.0286297024922506,0.12573508058888397,635
1.761074267894542,0.23921586610406337,634
1.019989238153095,0.24583193641525458,629
1.1454099234750514,0.0868748762032449,620
0.7573343719735668,0.03733120477815722,639
2.2288277047119704,0.21061603091061404,638
0.5128549294640472,0.044522688949500976,633
1.0887877523729907,0.21401914295789523,624
1.5510212646631496,0.2059691130740816,643
1.7690905691431509,0.09032950235008685,642
0.6496623229583427,0.07430310272259931,637
2.1111265572639084,0.10197265482909552,628
2.19524864614079,0.14630917717043396,647
1.3725616363607474,0.04697537046259056,646
0.5377291600912402,0.29105462180629516,641
1.2806914706658015,0.10345815088514705,632
0.6398424687225233,0.1250775970385949,651
1.9938890478571831,0.20518828097116004,650
1.7250641249197478,0.13879894856788696,645
0.8161614736027967,0.17486466365890113,636
2.0356183469049327,0.13030256864876993,655
1.6954650606732724,0.12328541733352845,654
0.8594826487692131,0.18900403515119246,649
1.6863311497646265,0.1542217065523973,640
1.7023104002957077,0.07138464822832914,659
1.4367021520647885,0.11262942584992422,658
1.5359270331464412,0.1741957973352533,653
1.413114025775353,0.039971454568812265,663
1.881151038860249,0.13772529926841845,644
1.5718890535280237,0.1281193087659515,662
2.480078186791793,0.15113722342991737,657
0.5775150448959283,0.06862364540942852,667
2.436414527705412,0.14804159036614192,648
1.1738279685223654,0.21632891439476887,666
1.9289240828481078,0.03717038447372384,661
0.9223810006613746,0.1388550415683957,671
1.6170955529475672,0.11252325671578407,652
0.8129989266777862,0.1980813674957386,670
2.345346745299244,0.11144483383373371,665
1.960893641490688,0.11195178841024939,675
2.4487623274803916,0.18454373601744456,656
0.8787113447424502,0.18829841825034516,674
0.864071658194564,0.1638400165823024,669
2.322592710115059,0.11512125458841016,679
1.1380780950780418,0.06299417457728616,678
0.6977215853928713,0.21125468068865583,660
1.4017206138546223,0.13046130444038953,673
2.1033973328761975,0.2195260589542122,683
2.0349721145563144,0.13775878954601825,682
1.5341600283191241,0.0683211693076621,664
1.2164931407497028,0.16573682460467293,677
1.8399714236146505,0.05233253362009477,687
0.6682568467600989,0.12190463373444319,686
1.9389275004819815,0.25020135770536694,668
1.01954898190696,0.1393250383132277,681
1.8526184310479683,0.11643555752994024,691
1.7922244197140527,0.06373078334464338,690
2.012744069090628,0.28166918726721607,672
0.5281684895225478,0.05767555444762679,685
1.288909396371049,0.08952227899888295,695
1.9218487029750677,0.10417267445836287,676
1.3761138741523844,0.22559680368149443,694
1.8171660098150724,0.19609478277138584,689
1.958771576620654,0.07744897362588257,699
2.145526280698923,0.11307628439087894,680
1.711102823272376,0.021936668960886786,698
1.8178767562757983,0.06795538335125334,693
0.9926843641020895,0.17283954920076108,703
1.5126554762866784,0.18577303137057083,684
0.6137678824324801,0.03519770132472529,702
0.6047392560737539,0.13661133826134197,697
1.0045872228220798,0.18219516221853563,707
0.882362916853735,0.1832086744966719,688
0.6664142302556615,0.17430274992202488,706
1.731615645856256,0.2410419919453286,701
1.7693037465921984,0.08539747550717552,711
0.8524289222635884,0.1825862647567026,692
1.472513620277115,0.17887044576396402,710
0.7003589521257108,0.1440142927615292,705
1.5720814604304405,0.047814949285936395,715
2.3067765447837134,0.08030316940923127,714
2.320065962561393,0.042458737461367,696
1.3946103391324762,0.1760553356810343,709
1.0123522221156511,0.09011750857449097,719
2.417379639342238,0.10570097156440016,718
0.8616575471411756,0.08551223008272617,700
2.2936541698384003,0.11092556063564288,713
1.1649612817188275,0.16811217043083806,723
1.3868881087410814,0.16007433130164186,722
1.635598890835257,0.11216052995300536,704
0.921504629025236,0.12193638190955176,727
2.4118073796298156,0.11744240402797035,717
2.445450239763023,0.01480880667661732,726
2.0104147795056893,0.12036528862292595,708
1.6355871847236743,0.07336302057862865,721
1.4987948959348325,0.2318365851647836,731
1.5588435557737095,0.17502063874139306,730
1.5644704156613607,0.09025689717021727,712
1.6822819808956255,0.06400819567768964,725
2.030081626478114,0.12381420120161553,735
2.4610942080804072,0.19853520857202336,734
1.0097939072565312,0.013015946394343173,716
1.3627109245846538,0.1771348875120943,729
0.8576383544901554,0.05144108865222391,739
2.4658156039961576,0.024368122392214572,738
1.6870189445468218,0.08252386969003186,720
1.6023367791169272,0.10050794835777198,733
2.123027073015891,0.14902751236296524,743
2.388534033450667,0.18191056697637523,724
2.115992813894323,0.13199252862666386,742
0.5676838818923733,0.1850240588652323,737
1.4509859506251321,0.05510480491092018,747
1.6847089301096818,0.12418948096290812,728
1.7809890808289843,0.19866657511138675,746
2.3726058627206794,0.05243084545155842,741
1.6087532935922177,0.03781146513644156,751
1.3719074019907367,0.16170541824440315,732
2.3777887882030053,0.08242060064643157,750
1.9081987651336265,0.12483814338758525,745
1.8276716509411493,0.07971617537399878,755
2.295219227534213,0.273853907196764,736
1.3200278372237138,0.21104874821844266,754
2.436216757867411,0.13873635487132005,749
0.748712431832093,0.20358664003413898,759
1.9616319317916784,0.06074837732493839,758
1.124866103311426,0.1289420139956474,740
0.8486448494343943,0.07779345883301864,753
1.3521341631290498,0.0472852425050988,763
2.351058906901814,0.12814894580755626,762
2.0885743938516335,0.04114320346813259,744
1.5560732535449353,0.06064049026573546,757
2.232093612384969,0.080336533726767,767
1.450637612911682,0.03843042911289725,748
0.5996558964450076,0.07942945532467303,766
2.2786941048301035,0.2966726320849283,761
0.8470404533984885,0.2362240127428087,771
1.6734571487663537,0.03848456568682366,752
1.7154357428415492,0.16046805618400628,770
1.787525098656229,0.20540619450326758,765
1.7569985078028059,0.15353856528439105,775
1.8723208656893127,0.12424893134822818,774
1.5760081566521698,0.18264424797760775,756
1.5636517645839976,0.11676777955760992,769
1.9430654081443064,0.07158957501694155,779
1.552833199033388,0.1476710242903549,778
1.5742691179584425,0.1366231766071816,760
1.8913929009773824,0.15068795702200755,773
2.015226357516114,0.08953323638312649,783
0.6848849906768015,0.009116816821765463,782
1.9637501249102238,0.08114325406913758,764
2.481070156084712,0.1927186682865559,777
0.8907075373376869,0.17580955685125146,786
2.388436052920166,0.02835034346555064,787
1.290694117980833,0.052624678582870045,781
2.4706928947677937,0.14194780576303465,768
1.5350901576831926,0.09343012605361903,790
1.3956869361624147,0.19461670235363937,791
2.321088568646754,0.055688073024110565,785
0.9423081060930225,0.0650755260131101,772
1.8158015571407498,0.0294661831215178,794
1.5879066669135273,0.1658074966673343,795
1.8350997984902653,0.11134852046960586,789
0.6663667288970978,0.27285820347155604,776
1.3176323084423807,0.20998819339426125,798
2.469002055921732,0.0388998840962771,799
2.3076378475617734,0.2222424297090494,780
0.9623771063484321,0.15800610580138397,793
1.4984943459007065,0.1626579028633206,784
2.05571396096344,0.1350994984528246,797
0.680598865847001,0.053821838853110406,788
0.5805269562202748,0.14167293603795106,792
2.0524358140301207,0.18055642381962236,796
