1.067789196449538,0.11869577422337818,0
1.5546788777379477,0.07514792368932637,2
1.7181126811748282,0.12853661435583646,1
0.5335271117838192,0.24704400772424098,3
1.5674237879415815,0.09256599989084385,4
1.4572436297866298,0.12003559594727785,5
0.922116091149425,0.10358109189903293,6
1.471736826286489,0.07156239975327892,7
2.4647513811064887,0.14587269645636422,8
1.394716328357382,0.0974179289418997,9
1.9295012569738814,0.10760479798314725,10
0.6733903180311285,0.14630570958657163,12
1.39010131530394,0.18348861658205143,11
1.2625461119854529,0.24405154480412936,13
1.330516304316021,0.14282880097108558,16
1.9359520291411048,0.22182232672271282,14
2.454315132060616,0.10585483150654613,15
0.5231806125267684,0.1271084366010556,20
1.796963414659822,0.09717795023452402,17
2.0274373216428545,0.12199046980437059,18
0.8545990379946793,0.10599307102083372,19
1.7531216614874845,0.11710312693263343,24
0.5992443449448566,0.1142378539264005,21
0.5362002966219668,0.04917325687190509,22
0.9295196764177707,0.18553083541456028,23
1.414363684838057,0.3125057812146539,28
2.15401121551608,0.1810009094259567,25
1.7496388124855262,0.05240867740821603,26
2.2748660653278305,0.18397884074445556,27
2.2614373108688395,0.05808257089541513,32
0.934323030914916,0.1489385056996033,29
1.8118751585946686,0.07498930840337881,30
0.9140160069831678,0.13035247968034766,31
1.1346482665249666,0.14325462229910804,36
1.8753631142622353,0.18430778525668154,33
1.208670586086568,0.09670648245168889,34
0.6241734352090933,0.12973329121237775,35
1.3920870574200734,0.11616113694939718,40
2.4178494719615284,0.14262979933357783,37
1.134670480306099,0.10162468881975613,38
0.7337863906443416,0.19348614856490942,39
0.7793296469663544,0.13127417766191815,44
0.8574146360652615,0.16499734448260248,41
2.340261735666427,0.1395579660779779,42
1.6176553528951179,0.21911487437502075,43
1.7000145011597823,0.08975531788439867,48
0.8989840147248567,0.03368437816853995,45
2.3824871548267597,0.15138606662132223,46
2.4724761532556347,0.12168556806876814,47
2.2647616414174503,0.026746474856475685,52
2.171071078525273,0.0231259976870358,49
0.7691358884385264,0.09142700544204305,50
1.4488132281320905,0.18439511728656055,56
1.2144776107638848,0.1577002719629066,51
1.5367854083737518,0.07454267727957346,53
2.1664834260607635,0.1265270035864789,54
1.205455163509121,0.07843336521841032,60
1.6925593048381669,0.3052545349699358,55
1.3392980091173194,0.06850041510865855,57
1.5508560169277854,0.07393161655024064,58
2.3663513800689957,0.03754217726913588,64
1.6292962565585587,0.1512534720224806,59
2.018961687084347,0.09233361757761549,61
1.1316922343991107,0.22474743869798972,62
0.9300662773243915,0.11832473649470394,68
2.4905113553530884,0.07821554716404096,63
1.5106867469274814,0.2361936389311516,65
1.7153380858753895,0.21284057902733006,66
2.086199801817664,0.1380346180966198,72
0.9404529966615343,0.15816852881431254,67
1.6492750462568593,0.038995386385314024,69
0.5558887136843684,0.14599757924215337,70
2.316169559572356,0.17801042265080538,76
1.4812294259863577,0.12595332412565094,71
2.1899990109814524,0.039776744921308345,73
0.5835552648703224,0.20862266641662594,74
1.8092113487075863,0.14231255788739064,80
1.4247215442759842,0.08049663218940034,75
1.1632570878070587,0.2333575675641716,77
1.7919574941283414,0.03561454308543849,84
2.283295397426726,0.09186609900878184,78
1.9356152973679357,0.14375160755483582,79
1.528801062338873,0.2270148109261752,81
1.1182242570959704,0.057171203410390774,88
0.807527555645815,0.13527601972604789,82
0.800786549739652,0.20778562164484238,83
2.210920172920296,0.06408261777484532,85
1.9363955472192445,0.13116887197949012,92
1.08186587415738,0.17149172254441059,86
0.7079202018931927,0.06798437466110363,87
2.425024482391404,0.1738322710981196,89
0.5288772302760818,0.08744673459321126,96
1.982171481064565,0.17785517749880664,90
2.4183899669859583,0.09676667919654007,91
1.0277441830349334,0.06522075974237748,93
0.5081993970465568,0.048660380306532615,100
1.6409604615422928,0.1153567915833794,94
1.0967427067506819,0.14314230016752058,95
0.9565357957411045,0.1969602610290307,97
1.8704055392322125,0.06304571027891284,104
1.6053503146513697,0.1202944392502136,98
0.6638437053779827,0.08136482084948858,99
1.4869531457766292,0.0960888758206135,101
0.6026620049078748,0.04254157310918616,108
2.1011300972558304,0.15215481644556217,102
1.7035568738623876,0.10011530652489471,105
2.0334977735842887,0.12040897842246795,103
1.1008366070955111,0.09902019135811896,106
2.15058888207448,0.12152230738171424,112
1.3192759644496939,0.07987586649116528,109
1.4904517390381125,0.19712050175270135,107
1.7259206359292925,0.06261321204568235,110
1.863990709094086,0.1823395729274738,116
1.9507119493588398,0.08137802974346278,113
1.62996213533205,0.18344438763373236,111
1.8385214791527205,0.16289635267034952,114
1.3532365349820312,0.13544317255895896,120
0.6401669888274635,0.024097485263075424,117
2.015021362113927,0.03613219256151855,115
2.123847479654506,0.061360949837290714,118
1.9804819232710071,0.0774006096497427,124
2.3528776856031213,0.12381267885412868,121
1.0483548108688359,0.09151482312476975,119
1.2780128949620606,0.12113915348198286,122
2.3245126195345103,0.13897545694303357,125
1.9736670245101515,0.1521705478578729,128
2.4452484623300084,0.17947620943037176,123
2.4606723665967625,0.09711693944327898,126
1.6211292145157656,0.042551329980973114,129
0.8034775902571565,0.05624718461115859,132
0.9680744043893008,0.05606821393421063,127
1.3874840293424813,0.039364388460494726,130
1.6839043799745863,0.2291175851718609,133
0.7752746612880677,0.23299662837693125,136
1.6543489485511704,0.06166493206421875,131
1.0571755914446583,0.06903219348532265,134
1.1570979665640027,0.15170628324822497,137
2.3624507778107424,0.23584662444185422,140
1.6298081421862947,0.22777701427431066,135
0.5546093998157697,0.2441012412779613,138
1.4656118824709166,0.10661725004501921,141
1.6907018493266435,0.2077802882308412,144
1.4190068805078369,0.12349930165170744,139
1.2141121953617442,0.05450698502471077,142
1.582660975563321,0.09114131647894465,145
2.1019870600819166,0.16561733940004308,148
1.3069971466190256,0.23399982696011146,143
2.220464773397996,0.03802523489776192,146
1.88545633034911,0.10046352239916592,149
1.5478838992110455,0.11841030141622835,152
1.2225439239062457,0.23921823053618285,147
2.3253966416913174,0.11878072175713009,150
0.5215289926555633,0.1875215739030382,153
0.7542418151583534,0.183832634588058,156
1.0450539512981083,0.13811019844299532,151
1.2937287911347992,0.10386844199396322,154
2.3630972530960896,0.0407350338394864,157
1.24660247313022,0.1927746936646472,160
1.2395303741079995,0.1734567387946746,155
1.1631674657265478,0.03750888356746826,161
1.7602624488625023,0.06737957996531742,158
1.9146099957922933,0.03951739186111164,159
0.6601900882166363,0.17017502215045568,164
1.5704479480647944,0.005391370807074221,165
0.8007731192200076,0.06309020275869544,162
0.6693295698908734,0.109577058627166,163
1.814011856562829,0.1130854281532828,168
2.072200018159279,0.18002738458393366,169
0.8213120849986255,0.07292931648504712,166
1.2863442612943732,0.1989198357681551,167
1.4658888432959796,0.14572504334423894,172
0.6909364912635922,0.07751934304336755,173
2.102032228211935,0.1648831796437772,170
2.2215484803059464,0.027007809533831913,171
1.4027896210478954,0.2131732781119312,176
1.6840509493285347,0.0726579011438436,177
1.6091044033618265,0.28539632604163834,174
1.704390026402713,0.058933782647816096,175
1.6549960333504619,0.08414490998648505,180
2.048933956681385,0.11436123308485563,181
0.952176280138789,0.20272643433731596,178
1.8195958293159702,0.12324657203505705,179
1.1250990727630543,0.18753015291112662,184
1.3027178853956851,0.14863528343194152,185
0.7947429088419591,0.07170656271967589,182
0.7365519256297302,0.0786971521712222,183
2.0725246236155326,0.099478298911289,188
0.7157238546268108,0.16479315101040667,189
0.7262549975950012,0.07553301821805462,186
1.3008962962466815,0.0870859067783477,187
1.8106166141948783,0.013803763485947935,192
2.1532542486374036,0.10059113367437073,193
0.5097380249300185,0.15925049995080065,190
1.6974885360721992,0.13943425062894294,191
1.6093545098603481,0.17938122876676932,196
0.640961764528029,0.1574375516621811,197
2.4344273968945163,0.05041601448507367,194
1.4407929627199958,0.15030551343392917,195
0.9823433131750354,0.200407904714303,200
1.2417405240222326,0.07140083065936435,201
2.33913636567123,0.011922805203107909,198
0.8599456938695171,0.16991621058010115,199
1.3916210163149805,0.15618104033549965,204
2.413214728251204,0.26016873834305193,205
1.86515990716466,0.17627678336039498,202
0.7951512943452979,0.08045971920841784,203
1.3081655919627946,0.031247954589730998,208
0.8303934782497269,0.16574538573714892,209
1.2339571771541367,0.15238271210639606,206
0.7435382021622678,0.12831252460595693,207
2.1217283696186566,0.17903504855280974,212
0.6777519396167035,0.07541880547258276,213
1.501483667926493,0.3093052942391287,210
1.2250095648626702,0.09588904748481074,211
2.454113628019491,0.1338913854262798,216
1.2270122103695111,0.06924775510028346,214
1.7249566692025664,0.205904428880324,217
1.198171098390636,0.03280466062661869,215
1.311607340002944,0.17022530679611803,220
1.8717688392549974,0.16755825996651638,218
2.0357427515841007,0.10962108863553273,221
0.9153146427729306,0.15998184186199735,219
0.9173212274658331,0.23831524508211507,224
1.4388985571963604,0.1653673688045464,222
1.8927407863248134,0.12136389510181352,225
1.7997961663126116,0.06258349211226205,223
2.322786837005099,0.03485009228183507,228
2.1748049472684183,0.1348940443928518,226
1.6409359612668624,0.1429405727562646,229
0.5543705168346609,0.0860112012872154,227
0.6886666556023233,0.19470279086894482,232
0.9987184866554812,0.0357227217510303,230
2.1916189389319585,0.21462078029687104,233
1.886915794902921,0.013262658439662468,231
1.087018515227848,0.15278969464843614,236
0.5582516837461173,0.035795940619769324,234
2.360089234229107,0.1450310019582712,237
1.757266261839567,0.0946981175052094,240
0.6810314795182428,0.11594438201286238,235
2.3100108686166303,0.1561963713074451,238
0.9852917166756132,0.08967242872527109,241
2.29666122293669,0.1876049289864215,244
0.6504196616336102,0.17340205993231972,239
1.9607489903881437,0.187271903022094,242
1.4463710508773633,0.11080459379925996,245
1.532983719576059,0.15953160994127508,243
0.6892515763025904,0.11292108647224773,248
2.3769543583900736,0.10544864884461985,246
2.479165841536072,0.0676192045835981,249
0.9106803323990005,0.07160725005488966,247
2.363296216956772,0.0753916065872963,252
1.8111458658777715,0.17032683176997035,250
2.2461690427152643,0.028423245229216854,253
0.8410918896576729,0.11212174661691515,251
0.9662503021301971,0.2099283945202696,256
1.9690885372692906,0.10348589746902666,254
1.7294015074304552,0.10896185690582422,257
0.7016712312773412,0.1889036862467045,255
1.3945512265734699,0.10694137124553188,260
1.681294849876465,0.10283214696362403,258
1.197025299313278,0.1513233791115895,261
2.0435261301527285,0.07914471428008657,259
2.234462103269622,0.04267050847321016,264
1.6347273382840573,0.07738749671036788,262
1.4349313387169433,0.032443536044902126,265
1.0757938363577375,0.17482281436045644,263
2.410647997159129,0.04988271120228815,268
1.117704996237573,0.0578273162055744,266
1.0844478096325856,0.005637596943587921,269
1.0772740210370062,0.08297871850742664,267
1.859931096294986,0.2973715055003669,272
2.1261490493426707,0.051412945244358244,270
1.170206506460606,0.17231153919438835,273
1.972670699765923,0.04033886611182384,271
1.2694047660952115,0.0626375678838197,276
0.8616709821602402,0.1756658637928776,274
0.5831426685909802,0.17806695130911393,277
1.4008942670028828,0.21222828294027046,275
0.7902710726623969,0.11467070884425974,280
1.4930393848769683,0.030005341675829484,278
0.5733325234762476,0.17880642847589712,281
2.1571345524831624,0.051969198909757985,279
0.6394610360747301,0.06764660951658232,284
0.715326919160058,0.1964021085510971,282
2.2182170843429128,0.15441787705975,285
2.3086330332579728,0.14996329700252822,283
0.8339560773481651,0.26636968516573206,288
1.075669269739353,0.12331376005394508,286
0.7455632282558267,0.07992171691182504,289
2.3815626943442014,0.2037619465379842,287
0.8636351754650589,0.15708552834139902,292
1.175129228987112,0.04815428491181459,290
1.2721092078804517,0.09124798903343713,293
1.8643470606988062,0.18573743036997714,291
2.2178930945125783,0.1885269643001947,296
1.6447808123133774,0.20384274224535479,294
1.5581260343745973,0.11670223854096107,297
2.328070282756002,0.3083339483389795,295
1.20323696676275,0.40428266031414417,300
0.5193984260414202,0.13074446735837378,298
2.1930401200303353,0.26334449209360805,299
2.298113020724755,0.12594360780612446,301
1.4980244097409159,0.17890733582288426,304
1.3885825417380506,0.10016441105727791,303
1.3093855699365664,0.23066339262105529,302
2.310883899045961,0.06789027414700186,305
2.1720489623854733,0.24251122197092304,308
1.5880658266694394,0.1818068426382883,307
2.0342992779376514,0.08803338778711238,306
0.6779631686077516,0.14504231841260437,309
0.7061321243990495,0.09465505694104574,312
1.8790503407897863,0.11632565324161617,311
2.467196051029941,0.13734980214985965,310
1.0168790526000444,0.06443456395968637,313
1.1555120878563883,0.030673171578781244,316
2.2565119308624677,0.16895130674122308,315
1.4832379568642338,0.03867951969440715,314
0.6300337371064886,0.18718267883344572,317
0.8197424759953957,0.06297530041478329,320
0.8133176615717665,0.10609479057357007,319
1.9546187683303562,0.14705632701851826,318
2.0715307168392902,0.08191070612820064,321
1.3973999665827228,0.01778873930093385,324
0.7955678488265927,0.12774023202195547,323
2.0106710772761494,0.16555991748848184,322
1.9988515263636637,0.2234107998854603,325
1.0274582935656835,0.039772398874754145,328
2.0986544784103236,0.06987153992015016,327
0.6136844189305146,0.17640914660946203,326
0.917367113570096,0.12249538245338701,329
0.7756171155581033,0.13941223107908834,332
1.1514934331985118,0.06974937771754967,331
2.330072366931323,0.14793348399057127,330
0.9093383709266571,0.2412542247958306,336
1.58932197345224,0.1320804028045861,333
1.3114461955400527,0.04438814337245167,334
0.8412650928576819,0.10283959038636437,335
0.5480593028155551,0.11396820580323304,340
2.2157974392984845,0.11640069403743154,338
0.8685714768764095,0.3198122039643891,337
1.6912655936939878,0.07603998913759,339
1.8274420185665021,0.11877449351780177,342
1.1887185007479497,0.25637495270530886,344
1.5962445604724311,0.017907785739938512,341
1.4567201240730823,0.2889403506252782,343
0.5752513174574867,0.12135862946047225,346
1.17403309943951,0.2502714723183204,348
1.9150492884619286,0.05800319675932918,345
2.1541493493193853,0.2302513175113778,350
1.7493638435970553,0.060705641138821,347
0.7342503337688104,0.2200920565495218,352
0.7006072573436037,0.05309599361328148,349
1.3762375128436224,0.18032045734268368,354
1.0706534831871004,0.13932672231686832,351
1.7020700462395522,0.07415304907401636,356
1.3934667376770393,0.17639164558370846,353
1.8634822178477837,0.0569411620147416,358
2.307740997942406,0.13972554224610162,360
2.116307289370531,0.07205099340692593,355
1.658231696453578,0.1702570200620423,357
1.788685321151518,0.18838418108046937,362
2.132016508086793,0.1483703377412355,364
0.5262136090187999,0.31349798975320264,359
1.8855081801406819,0.07410292442930047,361
1.7221847609129488,0.045331586408994914,366
2.049239567891761,0.14847537541034514,368
0.5155602517522835,0.1587623743770716,363
1.2578346092478552,0.14747133187553327,365
1.8875698623198767,0.03294912667013233,370
0.918337215633718,0.05408511121894545,372
1.5395988440872406,0.11503781552025372,367
2.49756727433161,0.12360411427909407,369
1.7140503665146778,0.31370934961277075,374
1.1148181848529377,0.15309359189376506,376
1.630369653230524,0.13885987923375515,371
2.219780807243037,0.13069557678374263,373
1.8605356131502646,0.11039139339660423,380
2.1146174035738867,0.0351919856855773,378
1.5168193939403765,0.11234354955839161,375
1.8073723290313444,0.2849029760919845,377
1.051025361959664,0.13503591716771912,384
1.7071831483267104,0.059505886714315726,382
1.5478897732372423,0.29756898260175657,379
1.3333246061054425,0.1375328110280314,381
1.6047274912992409,0.06211686236343992,388
0.6452119678209598,0.08366207034190962,386
2.2044540904952648,0.14510442156829786,383
0.5677039450057761,0.20130129216431727,385
1.4452174265296087,0.05793326126473754,390
1.3116860685111609,0.06547032034112663,387
1.0666933844242448,0.1547487247096646,392
1.5405616462877947,0.05609824285090555,389
1.3324864720863794,0.13486066884633438,394
2.240334590630235,0.06520366085167424,391
2.454353218191878,0.15561395487691632,396
1.1246425704087073,0.23323965094393478,393
2.489443272530906,0.10625480881152932,398
0.5740633178197863,0.06974941598968097,395
0.8173784677474296,0.09150198404322085,400
1.505425399069594,0.06926389301486807,397
0.9710288957631401,0.06827864275290413,402
1.074058906608353,0.06547055422847628,399
1.3402795489678365,0.08893601027554512,404
2.071251322103749,0.14296607096428068,401
1.914098584826573,0.1455309325040632,406
2.124297494988041,0.028283554948463702,403
0.9027567919127444,0.043188333575009605,408
1.6018116160400286,0.18787599100433613,405
1.0425208045070191,0.10743019646413127,410
1.4595687240026287,0.055233652397330524,407
2.4258793041786086,0.10432328849679895,412
1.4658225578826298,0.2968688235913891,409
1.6786087641386764,0.1184065888968014,414
0.909605991242606,0.04670715416973806,411
2.0978684475339584,0.054054843180471025,416
1.7817484140259217,0.14765619349722828,413
1.4217391819411305,0.14660878491431814,418
1.0987031354423533,0.07359361007460039,415
2.175203336165862,0.1707467231480226,420
0.9507834214713338,0.11015426025451598,417
0.9983409780892374,0.13875841497346467,422
2.0351178234605705,0.08322604159422617,419
0.9617056397563826,0.21643834018815886,424
0.5459768734510373,0.09967557725585936,421
1.0048461286246417,0.08839055071061458,426
0.5349663578373982,0.1542815526438518,423
1.904150500952047,0.17444221962267603,428
1.6117206126175567,0.1979087984608704,425
1.2173846266543795,0.17216890175835367,430
2.0977680913730183,0.1436757379553858,427
1.6444333069967383,0.11067050402348329,432
1.715441631610552,0.2798662029264375,429
0.5826281129181747,0.1231621995028428,434
1.334376977917564,0.1658409459204451,431
0.990211561228785,0.19249662022124905,436
1.939909561624464,0.061956351645438994,433
0.6785752285229221,0.08528790610963505,435
1.9093657873943892,0.2027633068026912,438
2.099457048157105,0.058315507561796404,440
0.9524073434848692,0.04637435847008351,437
0.5972961389337106,0.07900263133764822,439
2.107260034797033,0.12584303556176035,442
2.215416480692352,0.11616099710425441,444
2.150795483233031,0.16829749846564734,443
0.6946323538157049,0.1527266683320122,441
1.7424141802853803,0.2477157328517343,446
0.8770186436619749,0.09065015490437982,448
1.9740486614527337,0.10443096445200827,447
2.172103246504135,0.10764750637901216,445
1.024525747938358,0.029179242218430563,450
1.5980433118800188,0.04710950229502438,451
1.208727718426636,0.18340812283944907,452
1.588758053448596,0.12999685471670436,449
2.045714411281497,0.14537256984447955,455
0.9360710066054099,0.18369965508802677,454
0.7246160050810382,0.08570020937430167,456
1.8970501022828412,0.014153409672503512,453
2.2844355556551115,0.12647815669432436,459
2.3767489323843085,0.1638104128487163,458
1.2264136904668397,0.08880482842974613,460
1.2207142974111271,0.05526319917554404,457
1.072983605302369,0.10556716020299549,463
1.1072411758227896,0.178836306408632,462
1.3820497509924121,0.1762628936556236,464
1.7297095236561815,0.0509495197076236,461
1.1768486556706197,0.0876838920911912,466
1.9021824347937681,0.1700316226773695,467
2.477750716921209,0.1417204820852502,468
0.8703360748787723,0.22119068826779748,465
0.8917453567891636,0.006601075757715501,470
0.8928904336824954,0.09953943896116559,471
1.627151836664495,0.016668115505725244,472
1.9098484219463576,0.021964384182696205,469
1.2494746677104576,0.276660806711993,474
0.8550972717808352,0.11262011603434681,475
1.4807748145410466,0.15392360525573714,473
1.5796861598155,0.0784810090549091,476
1.202686724882804,0.09790477031361076,478
1.6136406517762365,0.040999418820232156,477
0.8417696698765875,0.013068274778121822,479
2.061511425001537,0.2476736793203255,480
0.6490929483815979,0.12321255460381782,482
2.458663442684035,0.21237127089699,481
0.7500387135283859,0.08098863185403254,483
2.424018169732541,0.18584373967446485,484
1.710990566319594,0.05139726421666633,486
1.7569759122394824,0.009922930427652374,485
1.1049773774738105,0.08682886105030398,487
0.9579557120054141,0.1580990574294625,488
2.4451021205237233,0.19757962029899948,490
1.4063422105986265,0.15009620614237174,489
0.566895351537009,0.14128484440988529,491
0.7783196108540305,0.16781219578326878,492
0.7657455470699226,0.06745996463315031,494
1.7230782480824283,0.05742680367309316,493
2.065351364555256,0.07238187679927517,495
1.4716103886009901,0.21258448836493896,496
1.6879820172361188,0.06199586201159089,498
2.0786246020824892,0.1714409449723484,499
2.301030841042483,0.2372918591956577,497
0.9028892329809739,0.19760134513606975,500
1.7584605538019642,0.06033650059915875,502
2.027060052275549,0.07162951304547932,501
1.0914819444474315,0.13007517955691278,503
2.1914014455745807,0.044881180641253154,504
2.0477748020446405,0.18301617049644037,506
2.1861442097889423,0.16836709844471254,505
1.157628583018691,0.1763914348734073,507
2.448017275175209,0.08259564151194798,508
0.7849161147178374,0.16931044936578235,510
1.4022629890966418,0.10167844101506347,509
1.8822332529524661,0.06884459806418979,512
0.9935577199219316,0.07631669104234433,511
2.00134911120292,0.07763205339940525,514
1.56794058384487,0.11416195938798301,513
2.439648686825107,0.10839023215166287,516
1.433413454040691,0.07656451380134573,515
1.6137136902803138,0.0023089832502517305,518
1.61352670887164,0.09779794955667566,517
0.8865678341852692,0.08920976585791618,519
1.1758989228759793,0.19493675635817476,520
0.5925996483013474,0.2291118003519368,522
2.3464188390451,0.16378971780753726,521
1.1567342588597043,0.17552425305924216,523
0.979071596307014,0.0962231890812606,524
1.7993617437328628,0.16427354055074278,526
1.356008309297074,0.0674819571992334,525
0.5057208606462031,0.2806010237532348,527
1.620366558996037,0.06168819430290941,528
2.334719930060759,0.10059437555471701,530
2.443025136733986,0.19244717276557802,529
1.6810050502056457,0.09539991691604591,531
1.4182477073874251,0.17405752884538916,532
2.039315371801458,0.18976706788367037,534
2.315849896799466,0.22289976569853023,533
0.5018993422591076,0.23658482678481013,535
1.553912515165854,0.12193767338416549,536
1.8075186066359261,0.14102548252969285,538
1.5634922383344445,0.15276220392154016,537
1.2537615702700926,0.07238633948912725,539
0.9529844900263482,0.15458160288999448,540
2.4289574384416754,0.17830082158875332,542
0.8442205364762954,0.08484699447624447,541
1.5962163329230596,0.02946401395064889,543
0.7041741996441744,0.15880361809791468,544
0.9127022069821993,0.07393127317007633,546
1.868380942422919,0.20871366032803484,545
0.6543145671736958,0.2354382113959008,547
0.5078707177151276,0.05682819523463824,548
0.7491485261335238,0.06612093481338874,550
1.0940354379136832,0.20236723419760783,549
1.4536003959541206,0.17749175972487857,551
2.0626676262647052,0.1018808698046432,552
2.0305758034884454,0.20897388649918094,554
0.5586951225123156,0.20088294386249356,553
1.451013048604466,0.05125241090168317,555
0.6572676730167286,0.06820836616106057,556
2.0354121335483395,0.0760644243833442,558
2.0462915377702258,0.18854426221503953,557
2.291069890607885,0.07509504327411526,559
0.9791608590117922,0.10817706715734561,560
0.5489508989674519,0.22133919755354065,562
0.7837702451267199,0.20387543821610601,561
1.5973996860453306,0.06222200393829966,564
1.1151907937324814,0.07215895946224204,563
1.1522711253960374,0.11935090382623703,566
0.7389846027936668,0.18529765691576525,568
0.7676933463691871,0.019185495015753538,565
0.8485030802166886,0.18809652362355175,567
2.3636703043483696,0.04093595066560998,570
2.0365919752049324,0.0283351866128729,572
2.155503099866284,0.15976286159328812,569
1.9650513435574306,0.18672099724401733,571
1.1779554457899106,0.007774883839663006,574
1.8815639971585811,0.1468923998240743,576
2.03132499433074,0.05615623446455018,573
1.204001768695562,0.03766680826978552,575
1.6678109059449508,0.16938218142915495,578
2.429130480592882,0.019641971802632573,580
1.6273723867803962,0.06980001477123797,577
1.2521555020658315,0.13345650829844494,579
1.156369795825076,0.01657152623726437,584
0.9679002036408231,0.07931168720858278,582
2.4668296042012168,0.13118321009731188,581
2.1322201249172625,0.04192721889370986,583
1.1773882036698826,0.3229464370506842,588
1.5038327316035973,0.06226024272249714,586
2.310161721481851,0.3381051737499635,585
1.883393934216622,0.032663397659853606,587
0.894505531378051,0.11079857214651459,592
0.7389222663122004,0.07717873550677154,590
1.6538289748191095,0.13844430635165142,589
1.771182205087121,0.1531317257958189,591
1.3295759090641535,0.07053530815152027,596
1.9751908878985318,0.14838464881261273,594
1.7529013720764588,0.12976303611418413,593
1.486152322955711,0.16020713906091633,595
0.8080722171919581,0.052586385006607894,600
1.0463689260286626,0.10154264284289304,598
1.911124944775677,0.20182021866322894,597
1.016424904462342,0.14480741986982965,599
2.434858380284438,0.19681525076002748,604
0.9515800273731145,0.03734314972465199,602
1.0353324478161574,0.17681417495382543,603
1.148590963886491,0.13896289071370602,601
0.5947077317849354,0.08460694771446074,608
2.2693660329444185,0.1911227063131752,607
1.841729457729325,0.17804927192588313,606
1.1408628395761955,0.03679130663089399,605
0.6547593625371277,0.07717939802273009,612
1.6896319589193292,0.21541000889892992,611
1.2216338132653703,0.05435500983580506,610
0.986885227471012,0.10383194363560899,616
1.8882143862377805,0.13428729247545795,609
2.1998010754215374,0.05653631701051131,615
2.4057912788489406,0.07213710364409473,614
1.9490135451370751,0.12802612580208234,620
1.502296021677607,0.05141197460882749,619
1.7018113933904095,0.09148184511608311,613
0.9094298562967698,0.1455538230144651,618
0.9057765557116058,0.13829186923843456,624
1.7034731593474874,0.17776996068590756,623
2.1578490256897975,0.20273653463467164,617
2.322233356209181,0.25191148240348793,622
0.6117009708464014,0.15725158115457094,628
2.4279329028013032,0.07396433869907723,627
1.0916578380456539,0.020777119525541336,621
1.0084616201753658,0.15156594455735825,632
1.9086295741861559,0.11319698728885497,626
1.360631072092881,0.1327872534050901,631
1.158421524710128,0.013792419108259256,636
0.8853800475332667,0.05421754291951447,625
2.0556372716105313,0.12987540474462095,630
2.413838335650187,0.17367670891740727,635
1.0831671315523594,0.04978453152295506,640
1.0694779053872827,0.02246866824519049,629
1.643720295248351,0.10645732854618668,634
1.3099989366109057,0.09433894960717366,639
0.9868247491057522,0.22892777905088846,633
2.4811707909587355,0.11723464205822498,644
2.0957763794583073,0.12541607887189976,638
0.6468754183045591,0.09045790705926537,643
1.8915944805344043,0.041613183557079464,637
1.6521690172864854,0.10931582675181913,648
2.241018902543648,0.09093186999365292,642
0.8297514173035858,0.12945837414258785,647
1.1913179682871087,0.18219279396996535,641
2.0992951540630402,0.13500615021320594,652
0.6697194217026847,0.08295192911225041,646
1.7314555829791551,0.12365735094378763,651
1.569089375431208,0.10301422143523503,645
1.6876263183110742,0.120591536509733,656
1.0409120766858109,0.05806575566033953,650
1.451905079452169,0.10981208804424657,649
1.477003250601008,0.24337227486215843,655
1.912963905481063,0.061561939741876216,660
1.019487367998489,0.11963150302155373,654
2.018004765564147,0.17561950417725525,653
1.1371842381920771,0.23834287898655596,659
2.417294110044866,0.16852649988607837,658
1.2338381380038737,0.15337768111683747,664
1.8618638291755247,0.13132002623752018,657
2.1317947328808193,0.19817977449112437,663
0.9974164385501836,0.07582264187095723,662
1.6137461371236563,0.18614558534993667,668
1.0404445396317854,0.046095246860811574,661
0.7750158465005883,0.12841909121865835,667
1.3599516610050377,0.24555125047968734,666
0.7954706231365407,0.12888421645164952,672
1.736990607420853,0.14470877940604382,665
1.0933791553732763,0.2694202231165588,671
0.9521289620747804,0.31937327606808563,670
0.9492095342057003,0.09426466626077679,676
1.3975637077818914,0.06770331626517051,669
1.2411259224563758,0.07607290784521897,675
1.2000551920955318,0.07598129613351534,674
0.5077788111340031,0.17905324122338495,680
2.2004999027817194,0.14050948472877187,673
0.5191941018448849,0.0884836019330251,679
0.6451353114342353,0.0779740854527678,678
1.1856779852390151,0.11930059138900864,684
2.4402365937123767,0.125559917583711,683
2.0349631195347198,0.2205396583492504,677
1.1862159234998346,0.15741441722795405,682
0.8046312287582509,0.27579787643504955,688
1.6340177239404086,0.15182020036340818,687
0.9061747916209288,0.12397214060369505,681
0.5393601130805956,0.03937821237392697,686
1.93379476628988,0.11428788394373844,691
0.5645175416146788,0.06008087989155993,692
0.823429204243159,0.16706844466062495,685
1.9843776829037314,0.08790570864261395,690
1.0958305398874695,0.20599039113387604,695
2.0784782294815436,0.08421558107555918,696
0.6281215518624492,0.0921280726578039,689
1.823033615456411,0.07540599148128163,694
2.459973423299377,0.11654556455748342,699
2.3905835996785196,0.09428602312694753,700
1.053657019383797,0.17220465373793203,693
1.6745587355295433,0.17629801424692057,698
1.2745080643075166,0.27773362942129415,703
2.1365077795471468,0.015044801329081443,704
2.3030487329628206,0.07604955108046263,697
0.5363782860268083,0.10097488480859812,702
0.6368601241339369,0.23511532560593207,707
1.6456822953771182,0.10334602816061883,708
1.954123110100452,0.04046842279069558,701
0.9984322506268402,0.10649062767411288,706
0.6392439210523106,0.09954321593849057,711
0.7661215612485202,0.13828864442213198,712
2.2433418654819217,0.04351100211615183,705
2.212042439747812,0.06500133297091369,710
1.3706217394793268,0.19198442790451742,715
0.6325482952507575,0.08214283036584213,716
1.2162065069585095,0.0734210168954225,709
1.8523234002752593,0.11915418979315018,714
1.9021189293410843,0.13575763292138965,719
0.5843284455622462,0.2106642004015424,713
1.3716220334553209,0.11283263913368634,720
2.4264937167522382,0.11560756116804422,718
2.103170009185843,0.13178845580806875,723
2.4049424188628024,0.04288774640504566,717
1.2224326120038078,0.13234502565226883,724
2.1667613579213603,0.20024431389718533,722
0.8140853324905692,0.1102245179335595,727
0.9297101335946831,0.22229200926405276,728
1.174810892997107,0.18353351440753896,721
2.2360656848708516,0.2159694453836407,726
1.8865590677036528,0.2287147813640163,731
1.7308918567213627,0.08747460929198221,732
1.834462827775793,0.1208553093187666,725
0.7386387249110407,0.05703177810557091,730
2.2716750862193544,0.3163899236369259,735
1.6248672712160268,0.1039317812280149,736
1.8245850564242478,0.04262796067161666,734
0.6396468750652813,0.10131763788364334,729
0.6706066733252518,0.030402369254449127,739
2.2120100706773584,0.2262730844237335,740
2.0691086267844776,0.0826419216769291,738
1.5269272254312218,0.1781707767241249,733
2.483530476684879,0.1428620336101185,743
1.10438648398833,0.027129617722533018,744
1.747422867219297,0.054028120168033114,742
2.496584474869088,0.01163352998858828,737
0.6378273822937381,0.0797613854101268,747
2.3388543925295666,0.11824613410367829,748
0.8166826413291937,0.03302900941012397,746
1.717003053716041,0.09139375143215012,741
0.6800754951459265,0.0812314563568698,751
2.256142508603836,0.09847712221149556,752
1.657048273029329,0.12951622753446468,750
1.9495862460504239,0.12536400363682418,755
1.8750698353507727,0.16455990543315066,745
1.594711773980161,0.1404714389681516,756
2.059498350764202,0.11797020833847481,754
1.0890576117556496,0.24466187642422807,759
1.8279248356324131,0.1102499313601433,749
0.902885132763769,0.1354058350377216,760
1.0205213724359674,0.2064741898251252,758
1.3962027125454881,0.13333961759947066,763
1.9980728094614926,0.1490409626059814,753
2.063152101497103,0.046006355961862366,764
1.3368640346915137,0.06737810020206675,762
0.6875813295088922,0.15264625957747713,767
2.4608687718198174,0.15651663318637107,757
1.2616738279126314,0.14352123795578803,768
1.8015146287526125,0.09131499789487345,766
1.952717467696998,0.08556203416123422,761
1.9125325806494022,0.14510500769604545,771
0.7593516943263807,0.17158729516668025,772
0.7082503227799317,0.11585217642080886,770
1.253266043834369,0.09172268235252545,765
0.7732415486842468,0.04272362314488251,775
1.1494345477677204,0.07956673384160334,776
1.260205313135762,0.21861292193839454,774
0.8270345019383221,0.02014823418098973,769
0.6768257979163002,0.06431861214370142,779
0.814665090303266,0.18630254143717034,780
2.0612556643004645,0.08180753817717969,778
2.2496851249791012,0.11668381113719845,773
1.78969238664138,0.11016414475480754,783
1.5841192546838903,0.06308761493214031,784
0.6650968194441915,0.18688706827251733,782
1.4650227678415095,0.16410925237550483,777
0.8925768660618791,0.1178705995835777,787
1.001277995409113,0.1257625852011421,788
0.5264194120170349,0.15543464827846587,786
0.7126862888824121,0.11362182550994371,781
2.4534732202003102,0.2369013164190381,791
2.2484719278390957,0.10635899365393996,790
0.8556346281217388,0.2794998253276817,792
0.7184635884305104,0.06774200211498342,785
0.8480276206557709,0.07335344362154474,795
0.7450351621801545,0.10622178263330043,794
2.0832478884155536,0.09322194452347879,789
1.6511625411429778,0.21718793362362693,796
2.1695258686380745,0.10287676455163049,799
2.021252428721314,0.24235530192830695,798
0.5097410428501497,0.2003980242725194,793
0.8188151869310079,0.15838936064814801,797
