4.657530088870116,0.06469076322216186,1
6.6843608290965495,0.09505190866034907,0
9.147192759295155,0.10524531586606121,2
4.376449718888354,0.25944330507451574,3
3.5638584554170816,0.07518847607573778,5
10.077919928368946,0.16303724671530936,4
7.280983633264711,0.03023529425235652,6
4.806277906711744,0.047435165732875005,7
2.660637140359402,0.1493324458708317,9
4.172802093641231,0.02722320485182841,8
9.913537960558829,0.11475808538471628,10
6.95305596855018,0.1767931547615201,11
8.043310232688475,0.06839072472193024,13
8.937736307718303,0.12600329566058313,12
12.346168348903538,0.08500250753242258,14
7.498093923635234,0.16603091973296377,15
3.296576658251875,0.23049989682558697,17
12.216489790293448,0.22819554670776454,16
4.884897313638449,0.10868178399496653,18
3.7389976515096923,0.11649721334658339,19
8.631424436122419,0.3127767482258018,21
8.424654271945201,0.0442611666163604,20
3.2251065855286045,0.1541501324060673,22
10.684813045993605,0.14687326620953683,23
12.411693241376199,0.1298457813854398,25
11.017329165965007,0.08073626500596041,24
10.266464376314811,0.10948987614560646,26
6.330074846453222,0.08245630069661325,27
9.069399209812559,0.11376975224792539,29
9.371029120246298,0.15545434074247932,28
9.24181675654793,0.18108994923580315,30
11.352204524460381,0.053737115258615534,31
6.337550208873374,0.1281648489590903,33
8.355649554469288,0.05990617961944399,32
4.440794046279794,0.25461215151984645,34
10.528583954434833,0.038526065623814706,35
7.239831487507135,0.13966890435993265,37
3.949907133587306,0.04288946739553229,36
2.587757013938976,0.07401844799503964,38
6.716276511706942,0.1938752581845191,39
11.583880914421597,0.22264499956255737,41
12.088172141252493,0.06868641490329973,40
12.059934005127392,0.08757337961372424,42
8.89476727491251,0.09440432579224789,43
9.937931028959103,0.12257786637324164,45
10.320830708083848,0.07976546201119916,44
4.718340430362006,0.2572478558622163,46
8.779065558142097,0.08769888180240533,47
4.165777994139301,0.13237465469153228,49
11.295830719778229,0.17403174161450938,48
10.860538790601407,0.1935201842876166,50
5.735115659853751,0.20255498112487433,51
6.321024105987433,0.09100735722599261,53
12.40006977002651,0.06809821539232432,52
7.878725478475803,0.10522356779080531,54
11.886682332393113,0.07873575793837123,55
8.322939938614812,0.07780963953866364,57
9.649904786666717,0.19450695939376703,56
10.41429405269621,0.11683435329720582,58
8.796236490650283,0.08042060609980592,59
10.069283477553295,0.11700494356828575,61
12.487336220536339,0.05478718024770011,60
11.570812707241561,0.0390978249782319,62
2.518963725154099,0.16292889834909138,63
12.033211935855295,0.04635985151761712,65
3.139061777642543,0.14105738095088344,64
3.5638027178364617,0.12954370264426046,66
10.029889449378128,0.12471454888209954,67
9.430330949299284,0.2723640610058046,69
3.095200870452932,0.2307700101336066,68
10.158501042257898,0.02496285721122937,70
4.038862349220742,0.2998414981123731,71
4.245913735259371,0.08147890838906663,73
7.879426182119951,0.042942216873725146,72
8.972900447335716,0.08694479546331987,74
3.7039313053474157,0.12708164998732926,75
7.452898945254372,0.1443084954646774,77
4.9959004754320215,0.1087234245312581,76
10.66386880748455,0.24121724546215187,78
12.353895694213204,0.11087600106380574,79
6.397151642500711,0.11802252117905986,81
8.498965722172436,0.15747497530918575,80
9.362135204145144,0.3012326910423593,82
5.08262748140835,0.2241929671327222,83
6.741767357429401,0.07755164982800344,85
10.378130602170437,0.24170263353729315,84
5.157941440981331,0.10645272148969034,86
4.55427178012328,0.08702673281600874,87
10.399290914157305,0.13563669337352532,89
4.164351341517117,0.04807885516327277,88
7.629550055842161,0.08595631436761642,90
8.226604898722378,0.030268247247166764,91
3.633536395657643,0.05976590827702825,93
6.999642748200101,0.1621363865621276,92
10.902509568013063,0.19192135280091774,94
7.924911111212763,0.036022519026364004,95
11.841555073106191,0.1347701852658892,97
12.333663614625834,0.19967566800203151,96
6.525733096863647,0.18103564753827947,98
8.66300775699008,0.049782955129488576,99
12.399701184259618,0.04638403912297828,101
9.140998753598,0.1281850934545203,100
8.443206596022215,0.20037128297533802,102
4.315473454663994,0.13323020760913035,103
11.828680482995274,0.04933896978685604,105
3.0910733606063667,0.1452400966553763,104
6.4079824012098054,0.044366154784154475,106
10.861869950823476,0.0626784906276682,107
2.5337842262642174,0.16809479740415464,109
3.2624733835084574,0.1486469714438843,108
11.096672677117056,0.10431568322914644,110
10.491190175757962,0.11254050393582521,111
10.1515762748793,0.1954962774220636,113
9.505958129036038,0.10340542997369546,112
3.3436597320300763,0.08263151266792795,114
11.35817195534878,0.027672578460801397,115
6.321387006320577,0.1994645783179683,117
7.5468048985626455,0.12135345898156563,116
4.894737671417379,0.09562669246891664,118
9.788462973948224,0.18266006693668374,119
7.007475645963929,0.11194255747790266,121
6.701318063795827,0.0857526728201346,120
9.881073476123724,0.0617488153250415,122
7.100874090575234,0.1413377490565588,123
4.804101482567517,0.022089998590532907,125
5.953168971768488,0.08176091156509474,124
4.586722713745801,0.11714393724089459,126
2.8416250582646696,0.127170570506443,127
12.454220802761508,0.06581750922017486,129
3.7850659398189315,0.12261527438113598,128
2.6382086559196694,0.22709076324172833,130
4.538680963029435,0.12543046841059505,131
2.872931525765665,0.04705413545558712,133
12.410864375133336,0.23834726359015945,132
4.985912252741626,0.2260587335687824,134
2.592011878612851,0.04137652958654224,135
6.153463004464105,0.1951773817102235,137
11.236681556919057,0.21323210946862817,136
5.395947426097761,0.1658245426524008,138
6.757924105518932,0.17067455627352904,139
10.847929168719386,0.10010448016062493,141
10.490797512366479,0.2239983027996152,140
9.064088356086394,0.07798223881395348,142
8.718795384887287,0.19869669657606187,143
10.461781347667898,0.09649130312312747,145
11.052541253497992,0.10481800863886606,144
5.054157577663821,0.12696458954127865,146
6.836875334803613,0.08343332124917396,147
9.97143527392346,0.109468251142486,149
11.52452205583195,0.16398938029848584,148
4.7470238636077475,0.2121303279741724,150
4.0084869289865654,0.09182616116038601,151
7.263688861560893,0.21116770331294196,153
2.757321083597395,0.1632919449877789,152
5.995322414817604,0.1600706795065534,154
4.130331682586389,0.2171256116143614,155
5.660923948294397,0.1344125381450625,157
8.180495636645778,0.06665525713394531,156
4.373606124094513,0.18567332489456814,158
11.939975443033719,0.21237323115075413,159
3.344016862865237,0.11510955968424619,161
11.565559819384312,0.1404349681828508,160
7.536566834770443,0.09544375325114204,162
3.0235894940645958,0.0817591460573411,163
11.585037687860277,0.16149161152729644,165
2.8388636040739312,0.15664386329986976,164
4.968152847341679,0.12102387694262465,166
5.184995810881208,0.03406760976729823,167
8.36496572904624,0.06938159993839886,169
11.243575549474237,0.22963890036126117,168
4.607792783568532,0.17561259450215486,170
6.63951329400979,0.09843227505597012,171
11.39758992604186,0.11695150121692577,173
7.860603508894486,0.014568443034183212,172
10.886058347816794,0.22450851986577103,174
7.365133931382505,0.12829062666199625,175
11.39911374760396,0.15573765291305297,177
3.2797432151522266,0.2088872197770226,176
11.420421807423345,0.23907354693629543,178
8.492758465434806,0.05495817487048996,179
7.670512274063478,0.04560026973865422,181
10.817819152664317,0.14127505346554414,180
7.226205343094371,0.1751832471616024,182
9.25375652098338,0.0926695670420564,183
7.747701726495838,0.09094418915036305,185
6.3074423105051105,0.20444175680493212,184
11.378643406383901,0.08641773944760509,186
3.9480049104140758,0.1422612016849891,187
12.480000271536106,0.10113372944598009,189
12.498054580573637,0.24434790568281717,188
5.030260382405496,0.0421469850545377,190
8.150309249472345,0.1251461118915241,191
7.927705052658618,0.32131967260749805,193
3.3138674830087087,0.10574330541870772,192
2.590095903048575,0.08167576366437838,194
5.566609412939556,0.11855182933287454,195
11.105778185546583,0.2201337602017977,197
7.333880176102705,0.07259335193344921,196
4.131558810995809,0.1456531566713631,198
6.397566219496714,0.21417752439936244,199
4.761487591872733,0.2845136942142252,201
11.198815848474776,0.11731517019233594,200
11.527162881921939,0.13587779341138012,202
3.7964229918913874,0.03986972863947948,203
7.791451822735436,0.12434282515089212,205
9.958802208504492,0.1693850720995525,204
5.259029938933638,0.07107330341640718,206
6.9370387018442266,0.062967643583773,207
5.974928346381796,0.20898125475828203,209
4.984851937654512,0.13926725309427457,208
5.41801575842563,0.04092374212334908,210
6.8855699833106545,0.19050175930937266,211
12.076942921963584,0.11726507274522971,213
8.170002878833944,0.15965431370176897,212
5.900513418432408,0.046181356679546474,214
12.417635235890865,0.23552828135788062,215
3.226825915547751,0.049531590738060835,217
6.706819028008212,0.07056785657485594,216
12.190256157020746,0.10276126210505886,218
8.875358934875006,0.10800961831065525,219
7.994082617045607,0.2782356567518559,221
9.13946665368972,0.08250825693080611,220
11.659998177583878,0.047189770527268665,222
11.662688079078702,0.07747219630233977,223
2.994773345795715,0.07778811444433809,225
7.871080540247599,0.1647907176449316,224
8.329237965508558,0.1079286076953744,226
6.990316841107916,0.09199050261410652,227
6.309620766919684,0.012089334490785881,229
5.586857319938573,0.17083377785179793,228
11.522409494142982,0.053200286415313394,230
4.017752788966491,0.06832805713329673,231
9.908899693647488,0.12023420288033289,233
5.540945062872965,0.07285295533641643,232
5.429759762371248,0.12186041535168374,234
9.541502089089382,0.21179088255757827,235
8.086548141197003,0.1185246604384537,237
11.824536110255075,0.06251217075502699,236
6.784229069739264,0.1663495315647351,238
11.26009509084637,0.14668291116467366,239
8.20247259620858,0.03193738817048831,241
6.441579764568326,0.08130053592866203,240
3.984197970991895,0.11638482489887853,242
8.722749442061975,0.12050320845479406,243
6.249689019101307,0.25117325141269203,245
11.149617866237335,0.08890898010488497,244
12.24789574759127,0.013155616000452789,246
3.391793802122728,0.17256315539052902,247
8.464430495121729,0.02127899404596581,249
4.501677886064737,0.03973010031597092,248
5.059696759545015,0.2001951175398968,250
4.466716435298286,0.1843422198293975,251
10.658752491669178,0.19090284096174584,253
3.0791125623638615,0.16525025980078506,252
3.371945119505204,0.14711769259198135,254
11.25963499824341,0.11487304028664902,255
7.481062999460123,0.11774501522492567,257
10.243662166650399,0.05319688129083344,256
10.482460493978941,0.09533573073417882,258
7.999195126762324,0.1268583374833466,259
10.178559563724594,0.12161767775114324,261
10.447416058473074,0.07380981433134655,260
7.218745004661002,0.027651849269212204,262
9.319328607562317,0.24800373843484463,263
7.891883089328942,0.1766241788385764,265
10.864294717262478,0.0573642747461276,264
4.814091835780654,0.0751482437232828,266
10.110204379714778,0.13750240240170772,267
4.81786655047861,0.08952246111444567,269
8.52195154940252,0.11230769307146554,268
6.488570919016351,0.1924131614912209,270
10.187359055889978,0.05970238539923989,271
4.570610529900071,0.034066057290941525,273
7.087782467299679,0.19699765758274285,272
4.800595846776906,0.048880281065580636,274
3.0823033711120393,0.03573311064773085,275
5.888421967630436,0.016219668343096825,277
11.246770490249931,0.1496390809038577,276
7.824163376658091,0.18710129830574165,278
8.541189270573948,0.08427479049184265,279
11.167725474681983,0.09028471823730459,281
8.240056403693263,0.30434689953572835,280
3.7586312308084127,0.1349519907648927,282
3.3464741243798457,0.10162237481704238,283
12.396920050530095,0.05600892274148833,285
12.079821422837542,0.09195130475875131,284
10.364544195652478,0.16216776036686387,286
9.477708516033715,0.12829035419912746,287
10.909700531654607,0.06917284928354522,289
7.578968529726428,0.06121319997921511,288
11.717724887298521,0.07777302376254852,290
11.224220040717745,0.19963624250062817,291
6.25815081288314,0.16005784950173774,293
7.011111506861019,0.09698161587830989,292
6.138682815884314,0.09410848666821399,294
3.599981974167349,0.15784101087127783,295
8.06412562299941,0.11545150134859723,297
3.786895280554463,0.053597900901104445,296
11.004272777334434,0.25138165809587726,298
10.644172216724172,0.11154467567971518,299
9.746017935868156,0.31821449317334366,301
9.462373140786429,0.027247151124165397,300
7.0806582118494665,0.14670188454280506,302
4.468346710012485,0.07603933468463166,303
9.612099965091968,0.09590423611965608,305
5.387385359169165,0.18586790935371134,304
11.624481965432054,0.1883120040600437,306
3.409875467383409,0.12312837283833143,307
12.015538486899922,0.08583046926194488,309
7.423933680579067,0.13224396977196476,308
10.253595870615381,0.08576320830123203,310
8.853288888550116,0.12586919633088142,311
7.321975886241976,0.14438397701581013,313
11.18905444325403,0.09060493295613543,312
3.7554141700310604,0.19546119188834282,314
8.737838068111614,0.13275652170972474,315
4.588409007997395,0.11829309382318981,317
6.862116626893618,0.19461156453571357,316
4.567077678674902,0.16741722780466756,318
3.2532553287264845,0.1651368116327409,319
3.030709322951215,0.05163416364676963,321
6.791034561646619,0.15411141813676077,320
6.035571177775635,0.1723728592301117,322
10.882851734268808,0.12236494776978837,323
8.463888302756981,0.14470447085650692,325
12.437429462490691,0.19968220782348067,324
8.25124344829064,0.061810553257386804,326
6.2886740084860815,0.09548878277988442,327
6.218720956261939,0.191039310778815,329
10.57757140812479,0.1184652727311951,328
6.241204223224317,0.07120962501207653,330
5.807554756954243,0.08061186786847213,331
4.542154123001351,0.06593079969878618,333
6.4430394557120625,0.15209670014789115,332
3.4106041111887233,0.19946209850781135,334
8.334012676511998,0.10918975848222973,335
8.79594775768225,0.1825316154917137,337
3.931398732841618,0.11717001703098917,336
6.088315383198392,0.0918274826359537,338
11.469610649448128,0.07597452104834954,339
7.846788738337763,0.06553117733239996,341
11.91169401578772,0.035941138667864254,340
12.001738396396291,0.16454750742871857,342
6.586286083522824,0.18733638171939926,343
9.612411391329623,0.0740240302276368,345
10.180618352555575,0.21269641836058215,344
6.710208688643002,0.09512150998374116,346
10.799598215465751,0.08666241857530788,347
12.351325671461215,0.15341201455447329,349
5.291261508791136,0.09174199302256167,348
5.979127731868967,0.1381692048823823,350
5.604088897061609,0.04038125838976879,351
12.260289731775888,0.17816872589260496,353
12.491211751117568,0.1617739414404486,352
9.38805983350025,0.26282555900939464,354
9.102180507519925,0.047974588316971635,355
3.52610383266984,0.144702775217695,357
7.397132541000229,0.10328417223985875,356
7.5056638012324175,0.1270335979800468,358
9.468911811897984,0.03500089919218754,359
7.766568140252783,0.12038014896465739,361
7.143937014099347,0.14650371969725226,360
3.582911126804482,0.21221549887114932,362
11.274447523487478,0.18906623760808883,363
9.096699754640788,0.07191273165354321,365
6.212813564203979,0.11249514288558016,364
3.5920539407337104,0.22756187492809393,366
7.431844530434381,0.020395837794818475,367
4.253070663254754,0.06299471671527727,369
8.186048240400421,0.15823325643123937,368
4.070060646916952,0.052309711854833345,370
10.598516907101995,0.11065101796053407,371
10.536311109082952,0.06229645264178725,373
11.787022030817969,0.1368113186612483,372
8.424933579900955,0.23278765250287703,374
11.565887477954773,0.2008452170575663,375
10.20052552894088,0.11819565014052652,377
11.457603482512859,0.08919393665694078,376
8.125918246017193,0.12959151461584376,378
3.909103798310446,0.21116343448136488,379
8.597064660318331,0.06416123809669959,381
3.8545746380401757,0.016085839170544014,380
12.032860995402384,0.05824309655943238,382
5.530372442325614,0.08859036620642027,383
6.139577028494117,0.037250789688467116,385
11.312166234446535,0.1740144047226252,384
9.195386897994519,0.2222905585023768,386
10.602945935006968,0.1291421378304367,387
9.504720593632653,0.14289767527388533,389
11.271780675381613,0.16250728796032737,388
3.247013228570772,0.10889930838316048,390
12.062565646349219,0.06707318895123651,391
7.269564501828725,0.01311019752857695,393
10.853807495191312,0.2545662791506291,392
8.406401414235663,0.036248337291658425,394
11.523319011503858,0.1530594097569474,395
4.037916670376064,0.2688302400495937,397
6.959771726633674,0.17321163627570513,396
9.447771688344424,0.07949420562261832,398
7.120443467693967,0.020560341346866483,399
3.663548861151047,0.050498808521715934,401
6.215973198008442,0.17829712842210824,400
7.88201229110425,0.018287594200204378,402
4.169503295746779,0.1283748959632931,403
5.203330884497429,0.20838906846937771,405
12.349692979813645,0.04503573273589495,404
6.073475422847548,0.21582513399019343,406
4.97189228062677,0.11278011664349961,407
6.031335534157667,0.04029911583276044,409
7.384112750373944,0.13281027013076713,408
5.165445523825694,0.1865886302939555,410
9.235767041881692,0.0648512833207121,411
5.414168201153107,0.11876950740667412,413
5.928497347297714,0.11494615050005799,412
8.751498794252427,0.12018046591219374,414
11.254536990656653,0.14655761966968736,415
9.264783266636456,0.1596278109398551,417
6.056917202105629,0.1162089305471368,416
11.115544475275854,0.08482705548273517,418
6.406313162368166,0.14137042746749215,419
11.391215647526348,0.1909665496256825,421
10.794889844286118,0.0853719269886611,420
10.151866611658724,0.24298968154165168,422
9.840849109198189,0.21457619817603804,423
4.744259110105901,0.03467707330794755,425
6.30715934445764,0.0595086743017485,424
7.739522920413479,0.15295206594718913,426
11.389973482957572,0.15876066984189197,427
3.2670689323116395,0.013896036420866037,429
9.993433682176192,0.08536662606119075,428
8.45680013806496,0.06553640916964648,430
9.578786786286253,0.19680985635855097,431
8.85260107972713,0.18733097248091068,433
4.386368058402219,0.18071917875696683,432
6.7291900784887435,0.09752511798341026,434
7.7383756593149435,0.13843609327362796,435
5.488967837074768,0.13170052457841303,437
7.982988307995271,0.17516396438313198,436
9.638252729856491,0.13702914071009384,438
3.1214066351447043,0.023369871379806884,439
7.2656660458005575,0.0647223938802953,441
5.857910863030784,0.15957248769344887,440
6.40627783802921,0.07827988575973857,442
8.5208974187655,0.12035368759752335,443
7.625714260700056,0.08064864153703555,445
11.749750776525632,0.11183272871311829,444
7.489863321289666,0.16542357727930174,446
3.947084953084341,0.16301782917722735,447
4.660908923529778,0.037209549631043566,449
5.428676940015765,0.05481404256482889,448
6.907849872199757,0.1670565666095895,450
5.174667737473842,0.12737080421947417,451
9.583232324172418,0.0597561670838671,453
4.62830955431593,0.0799735905097663,452
4.84072779335274,0.09792157207369105,454
2.5146136047855414,0.16338057637316725,455
10.276258182292018,0.029010527651687747,457
2.8727259007585673,0.13953764165816077,456
4.85507478148557,0.08354003656637807,458
7.613267212186834,0.18177830480118776,459
6.044610510860898,0.16137620451822304,461
4.528821342717803,0.17682761472063166,460
2.5075965098532427,0.08037113337781164,462
8.462873353029533,0.1417194402160171,463
11.929022798739952,0.19148451607901082,465
4.703499528977142,0.13749199656301023,464
7.479010386148723,0.10101352274022771,466
4.930922358363437,0.12960156432155884,467
7.836536781562749,0.19966223708679148,469
5.427432519019676,0.05103726637437139,468
11.607857147849243,0.033984453267943575,470
4.424851006464068,0.12500673610955268,471
9.750407673767224,0.09135492905878986,473
2.7694550845816144,0.2370463151589982,472
7.699120474587126,0.09147865954211692,474
4.183585213523555,0.12896642566166605,475
10.13602931476618,0.077960114140393,477
8.230645535442514,0.057451041082523316,476
4.544333126783745,0.14069605720786524,478
9.002998372653533,0.1410831970615721,479
4.7610466154771895,0.04385072676736387,481
2.504548812647953,0.11105462192433134,480
8.828200234601686,0.042784347708181805,482
5.197603782038486,0.2826380711737781,483
7.534013079538092,0.25788353322640245,485
3.642833335079927,0.07353559424269664,484
3.428942323027051,0.040148633082173174,486
6.708395213709904,0.2478696529165926,487
4.103694157728466,0.08544463942747901,489
5.603114570067525,0.15292586889937418,488
11.990257116864267,0.13233447948191016,490
10.50680202180973,0.07918656777584923,491
3.515663501015873,0.16401787237034113,493
7.854260846844636,0.10845632206242908,492
3.6148726929622867,0.17502813944830087,494
10.284690512297932,0.052122360648029054,495
6.760190537159108,0.14878460267438584,497
6.324295297027111,0.12671583611124834,496
5.29967398752895,0.16010847763964609,498
11.981588481188615,0.013063485598206446,499
9.790233710481363,0.11801148338839845,501
11.419317745961383,0.05267621243456862,500
9.060594008534157,0.053577169835113306,502
5.5507000088389535,0.117967415637183,503
10.12459446929741,0.09926603576850673,505
3.662813460315799,0.0405654252240598,504
11.965301684373067,0.06572387142872935,506
7.815749025615389,0.1563796896992793,507
3.3645006597954987,0.2107933139659507,509
3.6382888727634874,0.06381603055042638,508
10.62193223224298,0.011969942965743217,510
5.475911713769877,0.22755825902183258,511
8.561183349999894,0.18771578033931116,513
7.467819744829494,0.09484310889767536,512
2.9976906662573666,0.12561130622218022,514
10.026219330008804,0.16780064485531923,515
10.139903069430439,0.05236981396323767,517
5.929808795105956,0.07683925570607807,516
4.387810062345885,0.07255011265533454,518
4.68936302911181,0.19593483495120456,519
10.233172017650382,0.14612190895918828,521
5.542311180082786,0.045280063678395696,520
3.524887779854795,0.10518331913888285,522
7.990717470006619,0.06232314050708339,523
8.487267710701218,0.10442372385670491,525
5.571287293141067,0.050076112806991396,524
12.163040926697693,0.05140535206265833,526
8.304584097134107,0.21912107416935284,527
3.0076006785532803,0.06937511252514143,529
11.988011293127474,0.1936227373983169,528
11.115770746696946,0.19390981080890923,530
7.75853927604591,0.09644282386660971,531
4.151617344490358,0.18620946219533768,533
6.129141235468076,0.22181156108657973,532
4.1134542653584205,0.08239283214627632,534
11.377718981071594,0.1652315060148193,535
9.992446574348714,0.11262573562295511,537
8.75651844786136,0.28759109227774454,536
4.889082203452331,0.05354392062336111,538
10.096296139042629,0.05686306580315628,539
2.897166738037681,0.06640507510275581,541
5.748326807365897,0.13730111012763546,540
10.22679732876534,0.07250713412165015,542
11.690280130956364,0.13137212583943167,543
6.524692124018911,0.1967599916551247,545
11.78843242190647,0.10839426582173653,544
4.404518844863899,0.1013314440617513,546
6.760596409159599,0.1225217652214151,547
3.501803991804582,0.2264298846507484,549
3.0605777623592676,0.0401685499975023,548
6.171489130349377,0.07736780165857085,550
6.4704835755355115,0.11434106956245145,551
5.351206608379381,0.04004084190160942,553
8.660550337369761,0.14181088024035549,552
10.751101694919246,0.08573258324993911,554
10.927493974259757,0.15093639170011786,555
4.869987557266411,0.2258195854817486,557
9.46684055927316,0.13072675455178814,556
12.2243802121219,0.1316416472724482,558
6.153562579685671,0.1432895969197858,559
6.633420285772381,0.17374767010872824,561
8.910912010323544,0.14207388738138377,560
10.156664051124192,0.07406497861581297,562
10.096409059448181,0.09820314969078074,563
9.159290003495343,0.14796811058988413,565
7.71049246034187,0.22752068170045373,564
2.7982828319703765,0.15534666235034836,566
5.243351048429389,0.20065623149069697,567
9.85709866698221,0.2271299607564218,569
7.768474461178528,0.11409548111745363,568
3.525367282473665,0.18344746870823092,570
6.632588544617257,0.0673538037031791,571
4.906316072207173,0.19185808998732967,573
10.092739804604491,0.16412504865728403,572
3.0317534138406375,0.11832314652980264,574
5.587411722639698,0.07370726509778054,575
3.9634888439710823,0.09438682786065435,577
9.92225032373033,0.08893636394815335,576
7.061829778382008,0.10681716441102684,578
6.929940143839065,0.13360773811447832,579
8.005271696664483,0.3862515567068597,581
6.472143862031427,0.16363329990468456,580
12.405421043417688,0.025239749107695438,582
12.184243499569243,0.10663743391479197,583
6.378906179441398,0.12439768141324836,585
3.5405693664607885,0.06472939918686654,584
8.880145170531016,0.13996380540438724,586
5.082307433654364,0.08694383059642177,587
7.200805357920515,0.09670189161638218,589
11.145221948570459,0.20931873483959823,588
6.949798126055558,0.07597982105258183,590
11.16806691204557,0.09028409774974816,591
5.511398497214418,0.1085828494747674,593
4.3617165708631855,0.06992415569395305,592
4.4912175432055434,0.10405091872492399,594
5.932471227257348,0.08848641951077589,595
11.480897712664245,0.12180265227360046,597
5.41212204447342,0.11850097566978653,596
9.796517724053835,0.10169747785938006,598
3.0219010961198256,0.05810725820702032,599
3.0499804964423918,0.14780530497264763,601
11.902915841691165,0.055341789868167825,600
8.831290161605054,0.17924907695941683,602
9.460536235776214,0.13333401874221334,603
12.055356065126468,0.09426879555079755,605
9.761007653107605,0.2121029675685352,604
6.224680191005381,0.31264719939347707,606
8.321285790192217,0.11955519151080321,607
9.747960889210756,0.12176632629332773,609
9.327579053642916,0.05045818395533828,608
8.95754720239359,0.0679487783755442,610
10.161563594945727,0.015937126249699382,611
10.234916337420358,0.060276790651667855,613
7.321501973607688,0.07399892403654171,612
6.806305771841355,0.2732340880941066,614
5.716680062089604,0.07913857929333859,615
7.426191610308569,0.1090156593401348,617
3.977994815176932,0.17879843992208633,616
8.11166155531021,0.07230987032430376,618
12.375400674097762,0.21178089154476365,619
7.856792357706361,0.10810684951985483,621
6.970373541805718,0.028354096125038027,620
8.439065510652908,0.1899903629010137,622
12.37879628477871,0.1754280958251947,623
9.191980383024926,0.10270205771975166,625
10.423396747958083,0.13180447963593278,624
11.953809191123353,0.1285173517845156,626
3.479727294011429,0.21574057805085484,627
12.354681966982831,0.08717413817214964,629
8.01521826906735,0.11040443533755298,628
9.105106079338093,0.19593552235112394,630
6.962405983566201,0.20174388679719307,631
4.3364079129008015,0.15766462438137369,633
12.352622923870934,0.21539672720741598,632
6.655825132854721,0.047764227686833825,634
10.687946057350613,0.18954125851122658,635
6.592102353709471,0.11262238537390434,637
11.510133667666,0.2635054946382375,636
11.431126605632262,0.05677207017554933,638
4.618752924179614,0.1298794779623155,639
11.863115274361808,0.17969226296914342,641
7.659954945937921,0.32361101993978664,640
11.033071585638663,0.09022646953685809,642
12.113944231733912,0.25336862733665816,643
12.46005077146362,0.20802176650882417,645
9.591887187182373,0.02427038886348698,644
5.03801496663924,0.06143581177353167,646
8.300878413636404,0.3701413708956368,647
9.610759603948255,0.06757553254796649,649
9.49338516660472,0.08677757272510252,648
8.143034976312702,0.10535398210257568,650
4.760571685756184,0.0650437628401224,651
7.5236385024928945,0.17794353896627224,653
10.918106188750516,0.16972742270056185,652
8.117174424106807,0.20059621872246744,654
5.730415981204685,0.26684959481908227,655
4.682619866550912,0.1734285420029941,657
11.868029184159633,0.14309760791615825,656
7.702759862698658,0.18016092882293733,658
5.1502591580135135,0.04106726692408705,659
7.541558149429574,0.15298777613354209,661
6.925984019110053,0.14124105833095038,660
7.818737838744923,0.18124058125891185,662
11.079087878357367,0.014132998348306195,663
5.251949600658721,0.0874663859497746,665
8.551844293950682,0.023827820048904203,664
6.1623112463405825,0.08362908155885937,666
9.63684441848942,0.3298514587228124,667
5.899261635338736,0.011587969307715431,669
5.5250693242613185,0.07309636919831944,668
5.570120997065375,0.06667108359994654,670
5.577459166532208,0.031820879879894515,671
4.655814157011264,0.07243692138334572,673
6.074755373315989,0.058979558367701745,672
10.819982079324657,0.14849902875408613,674
10.983376989633879,0.05832760767064485,675
6.015282698513488,0.2607466986431858,677
7.279849808346191,0.14945722818289606,676
7.554628232607184,0.10883222674202178,678
10.471066117504138,0.058640811622681956,679
11.528925569757174,0.10842380953439137,681
5.1589818763568696,0.04061587196706523,680
12.200673571764286,0.18064998001721005,682
6.937241554646317,0.14098255885486288,683
6.656964945730293,0.07721457259318555,685
10.408159536650164,0.13746434022812684,684
9.776094334253273,0.04580466776015358,686
10.427813568409945,0.22462445067879316,687
6.762693637429692,0.26325745092555425,689
4.1715019315888915,0.031722019262647144,688
5.456052011591488,0.17389700974749353,690
6.139977369020279,0.07267157221888257,691
9.125008845861041,0.1269863655254593,693
10.850075310247341,0.17628640847087293,692
7.513745502992654,0.11081784075736412,694
5.576951727827501,0.13076274348441777,695
9.312380146746206,0.03169619773192367,697
11.859648107887807,0.10675947402728035,696
3.0660051429643875,0.08073626905956735,698
5.173398353054825,0.21304633492117706,699
2.544868769561006,0.09602630404617182,701
4.092091836172649,0.26304398243235566,700
8.598695318482218,0.11758961459963496,702
8.119256982344782,0.07050611866836018,703
11.002640900769531,0.12692327131282316,705
9.077834889507795,0.07798682571866117,704
10.822352534436119,0.15645443419751986,706
9.818446809358939,0.159889010090754,707
3.28361052213498,0.1195646202547198,709
11.74705774373901,0.025210401573499998,708
2.50981049619845,0.11768934923127378,710
6.226327577056376,0.1578602058588213,711
9.036677374294161,0.10433115301674,713
12.425147511049921,0.047605864325468455,712
11.524843550685876,0.1561347220092885,714
5.3780468398544805,0.07361375995424206,715
2.919139896054314,0.040185507861779636,717
4.654004479621379,0.03456234743850322,716
4.5460345097400445,0.12562489305779345,718
9.436685969135326,0.05793828886614658,719
10.90524867514765,0.13855435913188324,721
5.489324991577787,0.236037589504604,720
8.599423763947353,0.05717194868790934,722
12.455193902291748,0.1383882888493494,723
11.035703093934636,0.056562169199313964,725
5.17645876990186,0.19743289281012433,724
2.7147130143811005,0.04404138039465369,726
7.916868647278376,0.06117745896047305,727
4.550777834821864,0.27636100441367273,729
3.5249306072980477,0.07453894592264368,728
4.203272253830931,0.31272677988403524,730
9.713414850981357,0.0873665940501406,731
4.110916331228987,0.1548307959627251,733
7.722276573775169,0.06539437899689361,732
10.664703045315157,0.14951703458707796,734
8.494109137162821,0.18065400829757994,735
2.937683201603268,0.14783990326187524,737
3.1245724216742787,0.0692399670658243,736
8.239146858721195,0.15696004950279965,738
4.614556694986758,0.12990735226049993,739
8.396934647999721,0.06934693183330076,741
11.916562356937705,0.18707661821893734,740
11.350578393284604,0.07396187028792967,742
8.952566411556447,0.0863334791760333,743
8.308685754656842,0.0901144969067667,745
9.248234169544858,0.10424131335857129,744
8.998222445868548,0.22571618903838828,746
10.235399707773126,0.12320063414056528,747
12.183393269339845,0.22526953941594857,749
5.250607360599213,0.04681678619387875,748
4.160843789897002,0.13337793647633991,750
5.975149772414077,0.08271527305218995,751
3.734966510546438,0.2089853386993113,753
5.000334165154255,0.11381054400767088,752
3.356082173253905,0.12145989983294177,754
6.707626625909916,0.16499444908152558,755
2.9352417049685533,0.12981885145738808,757
7.590897142795341,0.06676083967645778,756
10.741180276387434,0.07553055637456134,758
5.488759094941715,0.13933256032275465,759
2.6353107566628067,0.1744526004964538,761
8.149224109656126,0.280613695599601,760
10.812768203752185,0.15368748609829908,762
2.7431770670171263,0.10808344852258883,763
10.236995160034981,0.11574664338754288,765
4.523634404742455,0.28240927536415994,764
11.1707825745978,0.06897243008341992,766
3.102683118463837,0.14666584130959995,767
5.4320440010377204,0.13063521240262108,769
3.608276434779729,0.1504430145817176,768
9.43658155646664,0.08445634581798878,770
5.1743736399329885,0.05987903605844811,771
6.417833230839981,0.20108924065226638,773
7.448456750600943,0.12901428622372632,772
5.356983193049924,0.07863817782826166,774
6.50529223512032,0.17308013042321568,775
5.3537347480858175,0.1771881137295455,777
10.814876005741013,0.05975302678459904,776
11.170723324962506,0.1427234339216772,778
4.490159119629266,0.1975472363184886,779
9.497827818752397,0.09489154430928043,781
5.071246089158285,0.23931510383091137,780
6.998888565027591,0.13893727370073727,782
4.6283803618796355,0.11254316229742894,783
7.604514250622609,0.08400355305396795,785
8.409229957208723,0.14078504845875173,784
7.671783432067133,0.19475802592477165,786
7.427988314759597,0.25348041389795073,787
7.616160589322472,0.09039130518945282,789
11.220696374607769,0.07570226095907052,788
10.265598259843353,0.10222543253624675,790
7.400197035085744,0.06029525471176316,791
2.5221654647751093,0.17266842648025116,793
5.101680937455253,0.1954355763476783,792
9.377678478400947,0.20984075601361765,794
12.376838751474523,0.09646492929413886,795
11.997881832068808,0.12879125264554095,797
7.305914405725629,0.19591635964160248,796
7.02412120262916,0.03196127175125952,798
6.6033831362235205,0.030114727759481177,799
