3.4422251441998695,0.036007829532918575,2
3.0052539402989833,0.1216759301607415,1
11.471116610952256,0.12086452981719048,0
10.884204963280668,0.1527163826397584,3
9.798752534798425,0.18092440295344187,6
3.2613474093628225,0.11827030249686038,4
5.307153612220627,0.10712420545096112,7
3.9350243948721095,0.004671868711641745,5
11.465195401054414,0.15038743802524826,10
8.631197573226572,0.13718415750430618,8
4.939517002298063,0.11471855227859591,11
6.789339579769065,0.11591039888930961,9
6.848988498905969,0.12963981480870365,14
6.93691738603464,0.16102238598485918,15
7.983837597776303,0.07536652479956657,12
8.385962145569046,0.16749290942526696,13
3.8792788369242617,0.08663596591605321,18
5.795076577354629,0.11632896955036726,19
10.822965121391126,0.1416075639103964,16
3.213482140691738,0.03163108364253315,17
4.322963271819268,0.06402080966161043,22
2.940060344873936,0.04929521594618409,23
2.903707374153842,0.20372250897771502,20
11.05842546779301,0.19382919419111275,21
3.002046430480172,0.07771456683564026,26
8.80587074698504,0.2021767307632962,27
4.0177258328418395,0.28299206540859506,24
5.412908625443963,0.2464781462611748,25
10.236500053017785,0.09536907043401044,30
12.314451091502704,0.14259312738854568,31
5.3006466908190415,0.052906644085542825,28
7.638718430318148,0.16644098498999085,29
7.0927317652774855,0.12490698865278525,34
6.849756821094357,0.19073903549843846,35
10.926850741719715,0.1312399088301998,33
9.825243182472414,0.08544686908893383,32
4.80201424086027,0.06520908391804722,38
12.299464289863838,0.09439964482050767,39
4.524547295257969,0.24460089374490435,37
7.437513854592474,0.04444125865485727,36
5.236205456705707,0.1623200710144637,42
4.893968313884988,0.09458188612169613,43
3.232315620089241,0.09047790701288946,41
9.881080733313354,0.10320745817431494,40
8.904736108470399,0.18021703572563902,46
3.848364148814283,0.1361355299117968,47
9.615867046809523,0.08411719916568906,45
11.887342797585777,0.049311318589570705,44
8.516533580055096,0.08965485046345613,50
7.328481663453832,0.24406794375909502,51
6.994035661058595,0.12052065198863703,49
9.927910437639348,0.1142548317996127,48
8.064446490677376,0.055239994590196406,54
6.705848585043076,0.06665178776083007,55
5.8251655953737105,0.12058358627344723,53
12.027696749182361,0.10613703255517284,52
11.073223037256524,0.14737311974516298,58
12.105190493834034,0.10043971439993137,59
11.68405434240509,0.026151319654388785,57
6.739353517792063,0.10552966556650611,56
6.443001415279105,0.23556328264563475,62
9.755361672952226,0.0708738513118327,63
9.14234008466563,0.0809318165049493,61
4.674984895799571,0.1814878335247711,60
8.859743689574575,0.032032735542778246,66
7.785314993500995,0.2710563957867584,67
7.654690549130962,0.14212317848390132,65
5.65484651665554,0.10488106047486526,64
3.1292294506076654,0.17376032635565694,70
2.7439495999072863,0.17129089166436784,69
10.521465654393404,0.12726407358678826,71
2.9620108478682408,0.12573038525342542,68
10.202043136278597,0.09078065570004576,74
3.758547431128876,0.0907231847684733,73
10.957742935305866,0.1384191398808462,75
8.000333352841288,0.13040369959590653,72
4.335316501892076,0.12184225130630572,78
10.65238819612106,0.19017706279287347,77
3.8165021315818026,0.1388482332858923,79
7.648182559692627,0.03815478079923786,76
7.365876422116383,0.09576816680948966,82
5.160377015869222,0.0766761407819469,81
10.793236822728424,0.1874754755237048,83
3.9468958553712383,0.17134420338201997,80
7.963793070533255,0.04108987857247365,86
8.179866560570122,0.1931338514334902,85
8.901542983214153,0.19730445710492076,87
10.7398323016797,0.12875131982212668,84
3.2310015749290013,0.27846374638828986,90
10.99161619768202,0.1474860087392844,89
10.98477735210822,0.24913685419294831,91
9.905455593437686,0.10324122712853608,88
9.73394747535982,0.12841696798751268,94
3.3930579658273086,0.23188405570606588,93
6.728224133403398,0.061362097960988904,95
7.317774489117873,0.12329566825744408,92
8.609880373410084,0.07160117814496879,98
9.156646930487403,0.1422394803457216,97
4.07355516259207,0.17338025286191996,99
3.6719130400062427,0.3797646908238266,96
3.2733198451997914,0.20886296194021248,102
12.284904780441202,0.1804674103682493,101
3.433448552610532,0.17364814111217036,103
5.8894277582718235,0.09070860968928762,100
10.47437764031104,0.06393265919206223,106
8.594595159340823,0.19061076487767942,105
10.193662507465707,0.11107769823503172,107
4.679950367948878,0.019118771004292004,104
2.5017773987241254,0.17963709972720568,110
12.391402933068193,0.09297577692021951,109
11.651396834948546,0.22949073210975604,111
10.52792439250553,0.030592594451662094,108
4.460147596518591,0.24223184098621164,114
3.270192361159677,0.14819271098831943,113
11.726486030576519,0.04338735421806247,115
4.108831171879745,0.12732190820123643,112
6.373372293854377,0.156133677740786,117
7.669070233888705,0.11796074518415489,118
5.515125212495881,0.014965777777959866,119
4.388975555490303,0.09084679432222188,116
2.8099016985421965,0.06950471245789662,121
11.487052313500191,0.06104212407930346,122
5.338572439721792,0.06001216781634705,123
7.200995394433719,0.11986042369179312,120
9.40719047575989,0.0923123238654555,125
5.594923976650225,0.0806649408125261,126
7.724012848155101,0.19747661361515084,127
11.906607399892508,0.06903147022252883,124
4.872510757005308,0.03829499917060636,129
11.810839640751771,0.1398865314710138,130
4.676489217811106,0.05827118049569627,131
9.002058348969864,0.19537129028996444,128
9.431893261169913,0.15040455197726724,133
2.92854382876936,0.1484090383908285,134
3.427970016536971,0.18480691024395368,135
12.23234135852313,0.02552339778112056,137
5.565395168698318,0.07315539850259836,132
8.831847512808721,0.04972938219090384,138
3.6920609211220667,0.20226112902929533,139
5.7919619882292315,0.15225638370564898,141
2.632489723235917,0.029364919075356218,136
4.390474650909368,0.07074032908819612,142
5.989105395523975,0.13956841249560245,143
6.948748231626989,0.17617937418781837,145
10.189645733364948,0.15688940592728084,140
11.357176913375739,0.10605935759891348,146
6.346090369661485,0.09449151862757482,147
4.759860710076187,0.03088938133149808,149
7.64126983695151,0.250988445686391,144
11.050829828755868,0.2011996850876602,150
9.478935183972725,0.11573784045780922,151
7.672336922332008,0.19922003775455507,153
3.3382595604857066,0.11391095764283753,148
7.336677522795267,0.11079759032274826,154
11.925355488583655,0.12731016156271832,157
11.76967730857588,0.13398954321179896,155
9.04342287764633,0.018530973598239183,152
5.227893459966486,0.043887017142522494,161
10.075565462826102,0.15519974049880028,158
2.9945327341370187,0.10163808985809336,159
10.57048682393424,0.09759531580631436,156
2.9492885623872276,0.13545809872001924,165
5.060863279329086,0.1535115098207005,162
10.75071431857247,0.10498924631043566,163
2.6694222485521966,0.03554335627309937,160
3.0795346061187123,0.108839879614576,169
2.5512809946220893,0.09285938703076721,166
7.395578366665726,0.1823029138861344,167
12.03978807357574,0.24074755626282382,164
10.726998127421615,0.12595038952297075,173
6.011843685533212,0.050988806986144344,170
6.407605226579326,0.12392471184213692,171
9.931898889207014,0.060403027395059164,168
3.628593620645283,0.1593368221373059,177
4.314639698438636,0.21477566118312322,174
5.513010275598504,0.07580608880640759,175
5.6422653769318725,0.12876603633489667,172
2.9355514036961927,0.07936566508423931,181
2.8546571942482313,0.2566587032375797,178
9.786805399011058,0.15819536730492878,179
5.761908284086459,0.07758388984387293,176
8.362357855259772,0.14420038456629583,185
11.63374170808799,0.14266421402284107,182
3.0751455415880646,0.21487492251875212,183
10.026698730592855,0.2002138714806003,180
8.958672066293918,0.2445140222269372,189
4.1719059967015415,0.21827067968855107,186
3.800375943006429,0.09160678101465725,187
7.329128199769751,0.055289681868436025,184
6.039422059787642,0.1129816784781891,193
3.008484279376844,0.12048925432348521,190
7.861636120696957,0.0649927533267154,191
5.72993520653193,0.10210470816270388,188
7.427782837908118,0.08481007883392357,197
8.118765176165159,0.10438604297486431,194
5.368793766552191,0.06015504212453348,195
6.956867546932627,0.23357925434252094,192
8.24105482729319,0.03976725661526098,201
11.483591998297968,0.13237607533298487,198
10.661698194647068,0.1969050057375077,199
11.365264994943807,0.1905770661404245,196
6.502999947153457,0.07311164863283913,205
3.521743082531983,0.15113142703096769,202
5.128347262724756,0.10764582799206529,203
4.971225393296129,0.13049611530224328,200
3.404751469061841,0.15492691946851966,209
11.617250067905267,0.11744642345102652,206
4.7686313858663105,0.0617289422626414,207
10.06336934801555,0.03792730651359793,204
11.416483799772955,0.13860000840613992,213
4.615733445236515,0.061576170762401176,210
3.828612725189723,0.23256524824125419,211
4.05834562155467,0.09524404497898312,208
7.357129769988013,0.03490889421605658,217
2.730339164072185,0.23733837648218228,214
3.2600623369542747,0.20978153688495915,215
3.7385156833261037,0.1514618655522598,212
3.637814625215529,0.11224121283455546,221
8.521614098523228,0.03891852159736451,218
4.293357685305109,0.2339462514891728,219
8.430278242498554,0.1375087650668437,216
6.025166878782161,0.098962637652649,225
7.180384438639182,0.054677274546345994,222
3.4755592571474647,0.1856616317666483,223
8.632702589402854,0.029088702047370785,220
11.862034038825088,0.12392124865588305,229
11.8746501678047,0.04277881323312495,226
5.183558221602317,0.08299022593573428,227
2.7509931835661305,0.08617808784845467,224
12.31947500892772,0.11837291797533288,233
7.274180559808966,0.08051599055162992,230
5.786636355690751,0.1314930971728542,231
6.177233482318421,0.09747939462736377,228
2.504555874032154,0.08106812082530211,237
3.7703166407058863,0.07739034332184738,235
11.385278804216316,0.019549476216711912,234
8.139288126048115,0.13085931718240246,232
10.718071727836586,0.15215559661691094,241
11.901141803960698,0.21269896891836382,239
9.202782879852897,0.09289057619086301,238
3.4378386934214333,0.12670170443945647,236
10.41754732047601,0.16311209240948046,245
10.872048805117027,0.02967581404454994,243
8.50578379477836,0.027307717572414982,242
6.75556434439546,0.1180609784684001,240
3.4329520647512357,0.088438686285377,249
3.864693099578733,0.08097277828787697,247
7.340696806167673,0.08768609914705829,246
8.969208197271458,0.12574784372109396,244
3.622625930256201,0.07712183408167321,253
8.215463145019822,0.13877412158311925,251
6.309810886188975,0.054216779374741834,250
7.708860463607229,0.08177038382649582,248
11.54229533615556,0.15891589488250674,257
3.8097140189256464,0.07220417634814792,255
4.986481090029294,0.27585351603494274,254
6.239048835490375,0.08333481801554506,252
4.660461371979247,0.13290329073587068,261
7.486408444135153,0.07089956332396931,259
5.277599355384731,0.055803111033276655,258
5.952640678595903,0.3309748937816573,256
8.12120576660849,0.08142445271852614,265
7.929911876767665,0.11033172834551985,263
4.131107967725558,0.056368844366620596,262
11.617429395760707,0.1362323899369081,260
11.631530632238356,0.034166802012516664,269
4.984099356864132,0.10936267694250518,267
3.5047844412250106,0.1005296437127782,266
3.6093413553434326,0.022372671530765876,264
9.181618575243782,0.06372092458155088,273
7.768741854305805,0.08707981382329968,271
8.055110147124282,0.11928377425669329,270
9.457745220273962,0.07184307323349035,268
4.815446612307104,0.0929365870903795,277
3.322316291427124,0.012270975319691972,275
7.507773458446597,0.0661795295113417,274
10.226873408712422,0.035779520673857576,272
7.10601232340372,0.18580625181074417,281
11.641354555911928,0.17832203562616833,279
10.890569985763902,0.12941106917555822,278
10.573742993321257,0.2207242667573114,276
6.823635317193992,0.11934708253069289,285
3.0642098084690774,0.11703109372188664,283
3.769361407820483,0.19236436033385473,282
12.396087349888273,0.10595988923118271,280
9.329009485430982,0.2067707064056426,289
9.106918990042363,0.07314445434364165,287
11.85157236771421,0.05362002875269354,286
7.662777415943415,0.17481217877601343,284
7.974757150513881,0.11565449573099636,293
11.075275745226406,0.22646171975800247,291
4.328121778153503,0.1744135888216302,290
11.591733483981693,0.032272609816228835,288
11.07719238166734,0.08301504382690211,297
12.448690901999548,0.14324863240879462,295
9.967174783104765,0.20169890671605992,294
6.358784693313875,0.1274777622865429,301
11.98252023462283,0.27360875403506363,292
5.113748357191771,0.10369285854771973,299
5.93762334122022,0.08435283826061472,298
3.449435022042012,0.09282683872530378,305
3.092654014090739,0.09399660330423869,296
3.4645225100288988,0.07291489048227878,303
5.269973924126601,0.05910708356471364,302
8.640018205413426,0.18936539483000026,309
11.732628527189998,0.0603721091185867,300
8.010176584503226,0.07495462756162573,307
3.423676094593503,0.09392248675429804,306
9.157981901173672,0.012402607812908181,313
10.877881781737827,0.17348834985668415,304
5.0351370108673885,0.06436924355654948,311
5.7645862344069005,0.11771200171713858,310
12.324366453214067,0.18054079252569522,317
6.98606104188391,0.09914885957456088,308
8.173586903171978,0.11554920817931116,315
11.127936223627891,0.12328726168687779,314
8.277523880167891,0.023290632819547474,321
7.098781051919538,0.11351434309505751,312
6.946660913733551,0.1112678559731451,319
4.885209915544042,0.05467674649536285,325
9.627585391449902,0.06849930532348966,318
5.773815756359504,0.20579455731813223,316
7.359242696627868,0.028619015807449744,323
8.724452423083457,0.09486483011967388,329
8.316136276827546,0.24816800206077214,322
10.457608358112356,0.088694928651886,320
5.578894171477053,0.08674278079512027,327
6.894894006829063,0.14951926833016366,333
11.525545087908029,0.20529976455373067,326
8.844410831937747,0.16609141188854049,324
11.208093247844984,0.016778313538348532,331
3.104043807648215,0.07301953461313675,337
7.600779352319593,0.17579807475133996,330
5.468201426242683,0.15304116472520174,328
3.4061737922204447,0.06417960116461693,335
12.136736229957709,0.15475537627861927,341
3.6758520547798126,0.08057417771724273,334
3.424744426813459,0.23875799703358289,332
10.87305956649468,0.12937582801531006,345
3.164382724502958,0.14247865242302407,339
10.82972291445573,0.1321716397344697,338
12.039194004323688,0.18022795428718252,336
10.993244418872003,0.1353230869826152,349
3.3463841228862767,0.13299755261268997,343
7.693138158459521,0.1003677562788145,342
12.133751998346975,0.14552022416580915,340
3.280338188894625,0.1229833498329363,353
3.692594823737915,0.01773687995409643,347
5.42699750163143,0.08658559007589393,346
10.420237523626385,0.20808984971405772,344
8.964783293093626,0.12851851396187258,357
9.106341226920051,0.16158493230380672,351
5.978834814041597,0.11108926983321764,350
9.138176591715453,0.1924840167535064,348
9.155879213080347,0.13707713711400268,361
5.141937107526584,0.11262390373507858,355
5.768017934323563,0.10151834487351515,354
5.807832688130434,0.1448882269466929,352
6.745666938860172,0.1874954959227342,365
3.230737362201681,0.21892256430036455,359
4.600380649713656,0.09397892012180262,358
12.161438417138697,0.08215661246244083,356
4.9382160256760415,0.03217832799613041,369
3.8183352477926213,0.17042031934470092,363
3.382067401549551,0.09065227505286004,360
7.153758740842977,0.2092837150390249,362
3.2400600799397017,0.1673751755954307,373
12.168902928590992,0.17120784868328004,367
9.588894074734263,0.2250327353978329,364
2.897175894545679,0.07295737067786927,366
8.310600935698101,0.03461480855115719,377
9.441082755918481,0.08521085136951176,371
10.976424305389415,0.0710326252237269,368
8.981870315229875,0.1229434436311804,370
5.686690365476082,0.20239132828013548,381
12.297794963951025,0.22884283214326412,375
5.322811412036977,0.09010517852415371,372
3.939923990439053,0.12264971233072888,374
9.26706559740871,0.09617302595024513,385
11.767337017288215,0.08786985209285693,379
2.877864560812824,0.027757124709484715,376
7.945858288917754,0.15476280094487274,389
6.9195315886604245,0.14818047498782436,378
10.593049233823578,0.23207405678760568,383
9.125592080595236,0.23547995034561187,380
4.884629337349428,0.09630805772933987,393
12.063034376230144,0.15833901538686918,382
2.774323027434927,0.17100647623053278,387
11.481396041642059,0.02108412580339523,384
4.761217460226326,0.006569786763013135,397
4.452986115190233,0.13119136989734356,386
4.695637914124208,0.19374065282289699,391
9.741619969930225,0.1503575616930875,388
12.088493375446118,0.05476772273271538,401
4.289746543738861,0.0700235648994197,390
4.3879783572390885,0.03368114112096815,395
10.692146884556603,0.04373086750429365,392
6.683320276571537,0.22198135089079743,405
5.872977682771569,0.07571731540418314,394
4.326900707254959,0.07106997437713027,399
12.399756549039662,0.03140771598334632,396
4.37538089631674,0.1090941711422592,409
7.037834654068444,0.16739733532300527,398
10.639313173644076,0.1585377102045517,403
11.049185532437848,0.11284225594875881,400
7.197055753873891,0.17436389826333676,413
11.840305063438045,0.14059554435236352,402
4.596458310654095,0.12338665620734193,407
11.376725319195174,0.07280483708999008,404
10.475288991148666,0.13991471878570924,417
8.599010161345781,0.021043381667936234,406
7.756483068501585,0.13163540729446496,411
10.22437997807468,0.09297837978693854,408
11.811493889423723,0.09066117479829257,421
2.9275625255813975,0.1526763070206225,410
3.8724339160606656,0.11464589534413766,415
11.186502097894707,0.16965126320231527,412
8.3184423393661,0.12230745631563429,425
6.165600759433252,0.09927028751815144,414
11.65286564914875,0.09166335640571756,419
2.83864788188131,0.06595270778113603,416
3.3047961149739824,0.2580723496786043,429
9.952247146452706,0.07232142071658158,418
11.671386154346253,0.0773924829744756,423
5.137021283347071,0.2384595076522401,420
12.389427469356555,0.06654767174580123,433
5.6714480159891325,0.03361843648379489,422
9.125336985979148,0.101548635469064,427
5.634397720803745,0.15045426403612583,437
10.835300233507093,0.1768955659619398,424
7.687845988565281,0.12790990399580407,426
11.541107078099863,0.11537956884642418,431
10.172368404124533,0.15678371083720483,441
2.8577525275385343,0.030831408409954016,428
10.24565557587642,0.0934717875366019,430
3.258552321381546,0.09477088710857053,435
11.426720725812505,0.09727750980989787,445
9.221263768533948,0.0870614588336718,432
11.526354370676238,0.13171556107704305,434
12.151702397912219,0.1428233729802517,449
10.710316598531735,0.061305174254985745,439
7.199546137587668,0.08313769835804094,438
4.13917235083538,0.17787440833712415,436
5.907732996592569,0.32640462179640367,453
12.153278791758812,0.056852008099452116,443
11.46174972387852,0.1621251326339044,442
4.768573866323163,0.09968008057452798,440
5.807990853758741,0.07099518790451652,457
6.667504906274187,0.05265565621075842,447
7.314414142796118,0.19049448114995016,446
10.687499541605202,0.08079464149959886,444
6.93628666936717,0.009876765848143218,461
8.11240587184976,0.09789099802433962,451
6.172106406640017,0.22228381223367336,450
12.179877086861143,0.13714949918590638,448
12.203815101541933,0.11056990747992712,465
3.3568459304074825,0.13283192123238888,455
7.068332548073377,0.0931254256304535,454
2.738729405309849,0.09348776283266264,452
12.049055770397516,0.07858010161306211,469
2.9963436976608526,0.06951612138030114,459
5.174839925525752,0.22740854070843391,458
9.756012355450427,0.0852770496073401,473
9.393605179196403,0.08150229164564468,456
2.586270418149584,0.17752280461550565,462
10.200516665127545,0.11431143861422638,463
11.385829611740458,0.19000772341064442,477
8.151184536275757,0.014646408591648941,460
8.109020259976887,0.20144490728259767,466
5.718367265785033,0.22864466855246715,467
9.180120556074272,0.15548421928624245,481
8.098666968542773,0.14304889875670068,464
2.7560507778541075,0.06739472156053433,470
11.495937497175582,0.266703874617421,471
9.640247128787857,0.12465284207287622,485
2.5453143976264423,0.12678675052985516,468
5.856998091511285,0.16122067836923606,474
3.960135652431852,0.16707778179504607,475
2.761067703745682,0.10219149807469004,489
3.99763513770678,0.15156343328869445,472
6.284623552512407,0.27452030271417144,478
3.9974035004477217,0.0718085128596607,493
11.13749096462113,0.013112173108726248,479
2.572456336092129,0.3016089455605666,482
6.553488349069613,0.04840815105258806,476
5.674158548559246,0.19352693159425524,497
8.320055241135703,0.10358320709461091,483
3.1287577377559317,0.09253653741087028,486
7.273436447784263,0.07315457740778777,480
6.0447757607060435,0.20293360677702943,501
5.690389754474588,0.24068131961758318,487
7.98591398679232,0.2286565439963492,490
7.719813639274121,0.2139512710135812,484
6.129171016576924,0.08391921251105676,505
9.735007649997833,0.08636605351387619,491
11.309880060501065,0.07866997216845717,494
4.931934549436176,0.15982629590186864,488
9.766518720049984,0.1521663438972161,509
12.189939693582815,0.046898612392375784,495
6.44662085497454,0.2654004167157041,498
4.547276528886856,0.10754792626101362,492
7.226549168604763,0.19490744946786034,513
6.7869566954122815,0.10576994326255734,499
12.07791446840748,0.14283700183147707,502
3.913829240041121,0.09816181543528552,496
5.311850106006883,0.07960480081227356,517
8.155749985146171,0.1996940502099074,503
9.034060202013222,0.08369790915335187,506
4.699188078962761,0.07862427409821718,500
7.048262261921181,0.10120313165438395,521
8.843238702569664,0.0984349841904017,507
2.53421918247146,0.036674527555061114,510
12.139814385306078,0.16645354950400548,504
4.759934206881649,0.09057670284030278,525
6.66031056883833,0.04716092771717818,511
6.363799186867944,0.14958578034635,514
6.5896753186272825,0.051765638674730455,508
3.033000254637556,0.09980001778714047,529
9.599029078024326,0.11909411935151855,515
6.7231143250528085,0.03163124051111401,518
10.29788955026256,0.03665514977500397,512
4.149407348275655,0.21605354103866464,533
11.035115809169238,0.06770395878777613,519
9.384101695957483,0.13047050756390563,522
9.64746549282249,0.09438616516248625,516
11.205398877774584,0.19148270974343262,537
6.777666248965573,0.2481110949727411,523
9.947503990362081,0.19138521595071703,526
5.941971477272957,0.0966742701847078,541
2.7663160548165955,0.16748314390042007,520
8.570699089426547,0.15351350122176358,527
3.1828477837224045,0.14720236928866864,530
6.084353122691963,0.09113918816565954,545
3.0278147472497574,0.14675207508514213,524
11.507164850391023,0.14936585890157714,531
9.878590627902602,0.06905196982926513,534
9.580230781888917,0.10050049996487964,549
8.06924644523512,0.17542028078066363,528
11.798697553624624,0.23917458130544478,535
6.426481570042308,0.10333796103120288,538
4.446850834064212,0.06121754010753786,553
11.698188693356126,0.09603951362872563,532
4.076918756836781,0.13052868764149747,542
7.894097990088737,0.23665494200168863,539
7.700195856692557,0.1962559200256572,557
2.8326762656898063,0.014072546770064294,546
12.281341758789532,0.0827235233994495,536
3.16969033250646,0.15297496800102647,561
7.345340736612158,0.2521722353783999,543
4.054092702741084,0.11718151485771724,550
11.513381693107615,0.18066698929181566,540
4.706215770482976,0.13713211538222633,565
5.73547293968902,0.06747941771354164,547
6.687862995859709,0.07995094168605224,554
5.078981677087773,0.08518638708063225,569
11.840349611414437,0.09755793757528318,544
3.6983242891135215,0.10620180435920615,551
10.64383919423405,0.0578642383617648,558
4.112348089245406,0.08514650340108582,573
7.337795280135644,0.06175216347222238,548
9.441935839718084,0.12621479661190077,555
6.1205981070823,0.1215762310303495,562
7.8825403577087725,0.15930950091214627,577
8.99614250387552,0.19249075565038776,552
7.718507138636399,0.06080591064894474,559
9.664450960957321,0.11692151187842698,581
6.35639892885751,0.22335106312175446,566
3.0069715272240725,0.04113468547699274,556
9.38163680016563,0.016271056755494652,563
11.813171851067615,0.0704413735698985,585
8.896453484151518,0.13123748009159406,570
11.107284113224999,0.12452250991569208,560
7.741169285255692,0.1257369676096052,567
10.049064276857251,0.06932035865861684,589
6.377360472617354,0.2687348211619081,574
5.063456790025038,0.17381978451139896,564
9.23925349126009,0.16858164167525158,593
8.443862313643436,0.20249135038900376,571
11.741447528660748,0.10658313782205778,578
7.544715424599443,0.10564672287491846,597
7.0172499221530344,0.03804422399770112,568
11.104107430069273,0.13082424178430033,575
8.243988148465329,0.21484309597035472,601
5.386305586463919,0.0735121788097534,582
7.934547406974868,0.15623335798643767,572
5.551671313263791,0.11433921906560365,579
7.323407781887065,0.11605505564872745,605
4.773770109514688,0.05988388771739972,586
11.778003907648946,0.16191954690713384,576
8.693515017868219,0.047265338183609486,583
11.483115150522401,0.12079987300250761,609
3.8462301135947774,0.22758981577929274,590
11.095787330754735,0.1744021205864675,580
6.1183690217337485,0.11309292147888113,613
9.446702116320212,0.30670806424064617,587
10.860147215174203,0.2647572549574961,594
12.276155424981404,0.13401300351112896,584
10.304758598363746,0.15053150990350778,617
10.70031501358778,0.12669566396848156,591
7.109752819067088,0.13894059358910152,598
3.540840195796916,0.11924695105639445,588
5.708618221829535,0.006425016171569788,621
12.246864201835802,0.11468494729665,595
5.026271714804265,0.12321811711266449,602
8.12777267323852,0.07256903075932661,625
11.576952321130703,0.12994052544165036,592
8.635124800689411,0.08832759845339849,599
10.03580506929478,0.09301796501318886,606
6.657967978163091,0.18121875907356316,629
5.384523674994592,0.16053522766179082,596
6.168259081379437,0.1252172577177941,603
6.3613797995466825,0.13579103754872754,610
5.656352130162795,0.2031593941212686,633
8.157723410406504,0.09544108281933639,600
9.523349517921877,0.20256279650302875,607
8.093361073408378,0.16799035569501544,614
10.027006681084975,0.01594429306626452,637
2.5607169235330343,0.07846264366376426,604
3.4249180140730315,0.12332186229162151,611
8.012114431013199,0.10734176848822968,641
6.692858236059253,0.17526777542160216,618
10.13983593221795,0.0961843420686391,615
11.48335523491453,0.14743176635015642,608
7.094178605379767,0.06473976898974126,645
3.4914377113184027,0.06430108279311135,622
3.2594653130738562,0.061188471057862306,612
2.8908654093167883,0.23148312510705044,619
9.605249942072582,0.07427642387303854,649
3.4152493868754643,0.1400534209264633,626
2.6814835001819137,0.06824807967208134,616
8.070409575807606,0.07596952892201812,623
8.773881782702778,0.3322956036665557,653
11.59971837335738,0.09879327375182156,630
5.697866879178423,0.036418168538531415,620
6.586684502842013,0.13068117612284852,627
9.469537254385319,0.04043677030306891,657
3.2522501558047012,0.11268270337051499,634
5.825718664284409,0.10921956339245249,624
8.644969183263381,0.06468633007809715,631
3.2265500084408494,0.0958054733195885,661
4.436401087502199,0.12696861403921217,638
4.539389364161911,0.10774570903110876,628
3.2568739599766183,0.060750484158407315,635
7.271760474689589,0.17494358349190967,665
9.534792779710633,0.049818251747408504,642
6.568478030753074,0.031902522297952936,632
3.4431699969383267,0.031222282308014805,639
2.7450092211434516,0.1023223123472547,669
11.626889348791368,0.13250236222791786,646
11.462120460385938,0.0163696768487645,636
4.775832521601768,0.19704368960625404,643
9.5282011686797,0.2952635400626585,673
8.17776280817816,0.21474541653485765,650
5.838598312416826,0.21437360748073542,640
11.287609753629308,0.199268770020417,647
7.020834137922167,0.11773974353801049,677
12.004804423549103,0.08867653069959566,654
8.04634690921434,0.05581555992635834,644
5.684731277962795,0.05961049701647595,651
2.9986464157776096,0.181666436937665,681
7.062654054111156,0.11787827694691469,658
9.389193202860149,0.03621455637641297,648
2.890070293679882,0.11071236563004355,655
3.882092436667289,0.16935052114790738,685
5.0015833531715845,0.3027571198502146,662
12.119993189039205,0.09651403974835472,652
4.214796465681977,0.10553394070551314,659
7.539334929134299,0.2641860206365085,689
7.430278528513361,0.017473575976381172,666
4.3458392022131065,0.2594141221354294,656
6.363164448083447,0.036941393863246026,663
10.629349137717286,0.06295156447500394,693
11.44567488363965,0.1727302824029174,670
3.8091111018108306,0.12930045532487933,660
7.297861588552013,0.0926116033294697,667
6.579852840270611,0.11415467585890904,697
7.58177428388961,0.12923237830601458,674
5.561245006967877,0.163045596771062,664
7.852219645311651,0.1103923997479178,671
9.248698006477259,0.14766706754838074,701
3.7426813213274404,0.03938441617520317,678
12.171195813376452,0.16312991172764285,668
11.97496985003748,0.23518085928367674,675
5.803260748143764,0.13813081850626513,705
7.950290337485953,0.10659950019337616,682
8.504352795686088,0.09156043346226382,672
9.326315482775314,0.12493720806438897,679
2.874052241406054,0.057346475449465806,709
3.0266324185964577,0.16549415181286337,686
8.649775235463528,0.06292513005063535,676
10.817528179517405,0.17637331292754593,683
6.274112682806404,0.057858296667787336,713
6.878824178427295,0.09572833003267332,690
8.80698924577057,0.08198823395833287,680
11.467901009603196,0.2909204224461876,687
10.452070918294647,0.12350303317763607,717
10.471354020194582,0.04947637145083897,694
7.7593680437992845,0.06731914240495722,684
2.9238976268774297,0.07112993356977411,691
2.808153892749481,0.09221868836343128,721
9.01184704056779,0.2156234287936037,698
7.622396676369721,0.1710140793163516,688
5.251334098780428,0.0156059606684779,695
11.928448394485452,0.07857161719269351,725
4.025938870077811,0.1410751457120939,702
11.41817129447977,0.07864825209975626,692
4.053192277603501,0.06384389129803507,729
4.942691584793598,0.11565098271692763,699
7.421333781269842,0.12974731638361137,706
3.8170045071554926,0.1315568900035668,696
10.367924534573142,0.049905114482964204,733
12.174173127906517,0.03254814519390964,703
10.929351748913742,0.06841016544286202,710
7.030861733953181,0.15070550283141426,700
6.225282789671155,0.16790553383259024,737
4.922481276646295,0.1867974050685129,707
3.6859210874000237,0.19023481508140563,714
3.2655946319169447,0.19837930845941276,704
10.258127405667025,0.15985095751902645,741
6.416961110857459,0.0730091293856107,711
8.499247915648647,0.08983316263252718,718
7.5041326862527225,0.2704489956582226,708
6.678856446806841,0.06497643938372041,745
11.131259182332773,0.15861695999156056,715
7.233798412942135,0.10309111146084596,712
2.9870121230962408,0.12954525550694465,722
7.998296067387552,0.1424448928267124,749
11.965285080361863,0.09340866036358551,716
6.904217170279071,0.03785458432170269,719
11.103431924774211,0.1510049031033106,726
5.655163290113659,0.11632259713275453,753
4.340796499852385,0.11172109970140781,720
8.954104997933285,0.12705034596347103,723
12.080698502491783,0.1590228738388943,757
9.599788098609807,0.07168799094413897,730
6.835798552601032,0.18629353824117556,724
7.788306321130499,0.20486955604573504,761
7.4761569153724485,0.19528328383132185,727
11.315281041542985,0.14098650590313197,734
9.265490352107571,0.14556133172064342,728
7.218055401508948,0.05365884514056442,765
9.90832625571452,0.17049914220686355,731
10.361435809387473,0.19511438733096145,738
10.606760214101849,0.06657057097913614,732
8.005629604743708,0.05750892116868838,769
4.9287432858427485,0.07975771234947143,742
10.181266186379412,0.2122211497107228,735
12.477697026085767,0.08499081931097985,736
11.68971438933492,0.16819036694979708,773
8.237391485364903,0.051056288926199934,746
6.806864437475346,0.0918868311645905,739
6.092164492050543,0.033513079727584244,740
8.253890081893694,0.07088956546956197,777
10.835520457749958,0.13230374093398073,750
8.410053587775444,0.09373300181937576,743
8.001682948835358,0.1625182754364085,781
9.460006558861279,0.12745145197391092,744
9.910668902795639,0.15479723781227117,754
6.924423508061997,0.03197067950604822,785
5.553561583663177,0.07027531860383288,747
4.154648998617097,0.10781592489669244,748
11.93939380528244,0.15523812348957178,758
7.463552721594694,0.10843992413356657,789
12.479057275357288,0.11016260681904728,751
12.345370251821242,0.3485882751036133,752
4.984729492603936,0.09726864753749795,762
6.953614728278662,0.01830279843373528,793
11.173699195923279,0.2116712519006023,755
7.7385448030516315,0.04288246343731396,756
11.172141404414202,0.1624194059294792,766
7.633799902651046,0.07996265868010576,797
12.379391973610636,0.16645701499215074,759
10.03698056078572,0.06389730931637642,760
5.412288487749893,0.06860169932023143,770
11.084696941799816,0.2481504676560241,763
8.104691573080736,0.06974891554589742,764
4.907036618371501,0.14624741204344402,774
5.2270958591936045,0.10920917066077643,767
8.537802266139167,0.11017757007049758,768
9.018736573571466,0.07755113851064142,778
9.951184777538115,0.12434117331829611,771
7.339115697389172,0.03907301798903119,772
11.623473774229673,0.10808700358651979,782
6.080281873948463,0.06867971788500828,775
11.804158729754969,0.23018600642744655,776
9.439787558123738,0.1819614428464773,786
8.009714370516164,0.12614083869390472,779
2.884495152539581,0.1461874413574333,780
4.605637244693805,0.13605498387364237,790
7.576413601475989,0.08937532881439046,783
6.5200883685179365,0.19879961472504581,784
4.809723758079855,0.2279322729095501,794
7.324489674391187,0.26292901756828385,787
4.752703882105714,0.244838276160335,788
11.041762738305078,0.05632156623636199,798
3.5187613994355784,0.19652773218878639,791
8.650790890624435,0.18316920320940455,792
9.062693004449738,0.07260523696372907,795
2.8045005177804514,0.14546335323896245,796
8.896818893064577,0.09407035506124173,799
