5.069729611911376,0.121797279156534,2
8.426255310849335,0.16075860417640223,1
4.007500873520903,0.21225045034638895,0
8.056869166483784,0.11315711589428804,3
3.7841841782247467,0.10571630277825711,4
7.6304140000991385,0.08802767449774927,6
3.423792861330781,0.04193704717092705,7
10.21643124222964,0.04117589790603653,5
9.813491458620287,0.08724581273988988,8
8.749279086102067,0.04999123588420146,11
9.123090400026163,0.0832278170856824,10
11.278420594839684,0.1929033675241788,12
3.2730442673244866,0.038523146600483754,9
6.12975978496043,0.09567463092363084,15
4.452275977231476,0.07846723454316235,16
10.566181646652348,0.06827352591203067,14
3.5807404100951357,0.12111687504366493,13
6.737295636427646,0.17598837432173742,19
3.331638463210634,0.07739917081690693,20
8.552572062432967,0.09267162630024962,18
6.672059711936064,0.0593233120903819,17
9.11767370602064,0.07300027800451503,23
8.003344546851057,0.06544347743422783,24
10.311255107516368,0.16755035845666819,22
7.180403853149877,0.12485315153840944,21
6.794825415971452,0.06970601683235911,27
4.22448151291091,0.16024172859624497,28
10.135789112307291,0.16140575832585538,26
8.315766667529251,0.07098060017892992,25
4.624588007688631,0.12835785959004983,30
8.363791807919894,0.07160301428638936,31
9.521033810576835,0.19277650485962605,32
5.219312591872773,0.16219367184553501,29
2.937120920552724,0.1056791409963376,34
11.302759287332876,0.22133886767822197,35
8.70693195530286,0.10643799426080124,36
3.2293045387964225,0.05679569592302256,33
9.322967258304374,0.10897460233659753,38
10.420095853673494,0.14388402034849482,39
5.17711641924628,0.13472515771205773,37
8.799369224486167,0.030664613137147093,40
8.528246355399911,0.11398847352004345,42
7.212936674544409,0.033612939423922454,41
12.282752557276892,0.17537328626153034,43
11.174908705497778,0.1555175899264296,44
4.398908698521642,0.2245925410428174,46
8.49298287490151,0.13755580176130994,45
11.638969725179345,0.11177566233994506,47
5.938612489684201,0.06687459528718466,50
10.19031122635262,0.08146241680123564,48
11.68136603234182,0.10057143560786048,49
6.385687539027059,0.029980813841370437,51
7.907490259512243,0.04546040391809945,54
5.200152350772369,0.10327805170026022,52
4.207708399391042,0.11123867336210058,53
12.355897086006161,0.14325027685299002,55
2.979488115161196,0.0912400766643755,58
11.94639407724652,0.17510868034277072,56
3.078215726117428,0.06670762328965839,57
4.60825454465506,0.16244870445878767,59
11.049471578653362,0.20788013448277112,62
3.429101147583223,0.004651906284094512,60
8.181055715387414,0.0953672760404534,63
12.151673057610846,0.18762801594530906,61
5.151013311920282,0.19448242707158025,66
5.29038184837875,0.08644670573333979,67
5.252840283035879,0.12656471477679573,64
9.324246498655079,0.1264985723017717,65
3.062893946205728,0.053683512361976916,70
6.854392414215709,0.31915840170280435,69
8.35974301215041,0.16874378246801255,68
9.005203233925752,0.1906096461043821,71
2.5153435960543358,0.25072658093021966,74
10.352463659134235,0.13110650793303968,73
11.71360458235534,0.03454338743096875,72
7.429947720867495,0.1190034047424766,75
3.147803127878098,0.1556537113561418,78
8.347390723670802,0.11120410834112655,77
3.6256146514098795,0.12873872988727125,76
6.365642997407971,0.059444808112451265,81
3.4460198742181247,0.1304932867685644,79
3.2508016788266323,0.1321887561660626,82
6.1703537439404466,0.08965097646719045,80
10.26227325991125,0.08429055016779406,85
9.391444405910853,0.09799395558103273,83
8.173123289458033,0.11761339591945086,86
8.272612953071253,0.22607767814638816,84
7.1773277780003415,0.04392688123981188,89
9.004701057865145,0.13935870340064424,90
3.734642049912087,0.24133190151816689,87
7.437704901282959,0.1859839962517249,93
12.457444508514627,0.07949030465503654,88
9.898832895033737,0.20872770940941685,94
7.685947547889917,0.029494644842135126,91
11.8123481383519,0.12045785240380505,97
4.868090338476917,0.17202795801735193,92
9.521490203104545,0.10260104590419239,98
6.708632370587821,0.22186275262014737,95
5.474978374855828,0.13294048118428178,96
4.103834252893056,0.10961150840154768,101
10.68990770442973,0.09945694861646016,102
10.62533260064897,0.22901428966656467,99
7.523691380279752,0.21455156224743088,100
10.14809432059025,0.026798552590127096,105
9.491515051324765,0.13436710593360596,106
12.300636614005565,0.11577246847109741,103
8.908098708185268,0.08989267238801374,104
6.934025109394292,0.0452263974904956,109
7.5391414886680606,0.033360516707248704,107
6.5050267373435675,0.12700379588527647,110
6.7700537571185,0.11853773272551682,108
2.872318969680662,0.07686857776119446,113
11.984471617208941,0.06535864459688207,111
3.1378031343288706,0.15602438424839796,114
6.074360249213244,0.14997072607469053,112
4.320059648834535,0.20543336475324014,115
5.722099720879042,0.05572687810600605,117
8.718729792275562,0.13670903833835338,118
2.7608647850135712,0.09066165704320452,116
4.507292552959737,0.2773034894368073,119
7.384849509148372,0.048725175658522524,121
2.841836364761795,0.13402317507864678,122
9.957994998117382,0.13629579369250447,120
11.152843476137196,0.2059790425933703,123
6.814371096279305,0.07089976605485786,125
6.191946909010749,0.1321759443169774,126
3.261518264050598,0.08622040539208593,124
8.359935574488276,0.15965328558130465,127
8.727858937133693,0.11042812708052166,130
11.550402484255983,0.16252623987229198,129
5.3434357824535885,0.11858743838645708,128
9.873478365159722,0.10817448886394726,131
6.875638109692344,0.13207432900436156,134
10.799457867478873,0.04195013761183786,133
11.248936105012262,0.09781472819440085,132
7.098134909162537,0.1618795474547361,135
5.177344683972706,0.04299150660795027,138
2.6148387889800873,0.08001580657935783,137
10.088073721604268,0.12311801169269748,136
5.661448927799222,0.07581730956918853,139
5.809193949620752,0.1584497249969296,142
9.693749140596719,0.23391744367697997,141
8.516523339479168,0.027689012940191177,140
4.778760150957617,0.19291583346160146,143
4.822102100745332,0.20341090652643767,146
7.552441569201439,0.1799574875325062,145
6.1832481579921375,0.05404938974811696,144
8.784236024069106,0.32619335836405555,147
7.339632713597634,0.08206749308288062,150
11.174873902650894,0.09682955514462989,148
10.501452622607463,0.2290929146195119,149
8.254319521354653,0.10637888696288025,151
12.285348990135102,0.06299875506936678,154
7.769398908028818,0.08930438125312638,152
2.8577201208584038,0.14399598279541193,153
3.9752493565484426,0.15771794635418646,155
3.1486425167620666,0.09362082094249213,158
6.548220411853308,0.18894769153931104,156
12.303615660938782,0.22600143636803433,157
6.73800345063325,0.07409134879677688,159
4.001124674985057,0.2514492914807655,160
12.341721105588313,0.13124437604709158,162
4.965731355401203,0.10414782183052157,161
8.502154333646565,0.0814374834411074,163
11.789595151755346,0.06274536085273211,164
9.270603513174084,0.1481914135742298,166
4.258758358735426,0.10465558241148963,165
7.071208937555541,0.17721978860543727,167
10.069796918176547,0.15707636873197545,168
11.853977130288683,0.1019969602175927,170
7.1174872997713345,0.2083506097432423,169
5.72224642295576,0.08471782266864088,171
12.422986774182398,0.030809731084622646,172
7.572312696432412,0.2189237982968183,174
8.437216875342688,0.18178346661533173,173
10.138077379461315,0.25001425330696275,175
8.041704742810223,0.13553342801662038,176
6.637255725322384,0.11231184324817477,177
11.062820506245213,0.19527832768042652,178
11.095686684799016,0.15409824809726103,179
7.820792680355705,0.0453973398909611,181
3.864065786702766,0.1103085255432412,180
3.6034610260747115,0.04677336554248498,182
10.803414950313392,0.23561291664113262,183
8.58342002181813,0.12353992716679628,185
5.3560728880605595,0.12823254923337654,184
4.563138279218658,0.1839513875226173,186
6.474073240742349,0.10709913885574947,187
10.075919846108148,0.14603698078016022,189
7.6251504789909665,0.07494662378816622,188
2.8006611182055465,0.1824437456999344,190
4.315693211003193,0.11307712927743377,191
6.8084126475244275,0.1356302445125997,193
3.1451046803323344,0.03163810135889644,192
3.5692590450023,0.12554833870766388,195
3.4338770483155248,0.139569790266948,194
4.251989208018092,0.11305881150889807,197
8.82855420586895,0.2069612217243636,199
3.5544118873496844,0.2228977850606546,196
9.01102036862522,0.188609636140016,198
10.297607898831586,0.040760672090824346,201
12.00119277289812,0.2534871761602561,203
3.3824242115954437,0.16014783860529797,200
5.709633322948648,0.2386908744697836,202
11.015507333936545,0.11262086080701852,205
4.903977608505771,0.061906059438819466,207
6.349649466758724,0.06245606206436988,204
8.553977769896385,0.16219300702154404,206
2.859245468525442,0.15739728870407002,211
9.734355984166452,0.09768066463096953,209
10.551247243896189,0.1771713047824294,208
5.6016100988936435,0.07619755940133223,215
9.326915791604094,0.04181617935954802,210
3.711513403507627,0.07295737862458705,213
5.239562032795345,0.06137365304385511,212
5.676867778399948,0.1216837553651657,219
7.405252965392012,0.19453920039667089,214
5.1223110372388,0.1160963581495391,217
8.618042187372655,0.10831153275909722,216
3.6641009319538087,0.1298489246536045,223
7.167047069604498,0.06411035540193923,218
10.919650945153684,0.08952930169599299,221
3.4404409633711017,0.12151496340984579,220
7.058521735771899,0.10925642982361444,227
5.651373631871934,0.078108491127467,222
9.878528899816335,0.11464309798976312,225
9.26102730124257,0.2074678227378176,224
4.0434056834635355,0.11712834176948893,231
7.834488766980185,0.2715280892016338,226
4.878723230990501,0.21240212209770745,229
4.055907423545698,0.16286745065138378,228
5.072178368001503,0.10637319911574056,235
5.138039879156915,0.13464604509960854,230
9.798375245923161,0.11404061932977537,233
11.872077866911447,0.2439224048587295,232
7.989980470214004,0.2661708103856568,239
2.5438061247090102,0.10354744280069234,234
4.269739288837714,0.21742932696153422,237
8.877410850136922,0.09862491792750869,236
10.680519531141652,0.04946790542892314,243
4.8610748790632785,0.12660721060167052,238
6.258476117550713,0.14082513713211858,241
12.435612721459322,0.1324928262604473,247
10.57281880441302,0.04951758486531707,240
6.468601644501747,0.2502133351785053,242
5.3823969545922,0.05162672520171533,245
9.164027491711792,0.18386370569944183,251
12.246785903100445,0.06570707313743569,246
9.994072203850624,0.18016010541389144,244
5.569521182751257,0.2603613767665908,249
2.676031951315343,0.06161388162475045,255
6.246155671910905,0.14386679615784848,250
5.004486275113491,0.08480673344944381,248
10.528969524772702,0.07744233937372326,253
2.9677620994048306,0.3670909040454701,259
2.5751191885923665,0.3178175964101707,254
7.222918390686219,0.11151157350743757,252
4.746476507270541,0.048679940833678687,257
10.83439823052544,0.17166636568701427,263
3.6737812508046366,0.1438562180329874,258
8.083367264587668,0.028027070942780848,256
4.868248139429837,0.07319396865834203,261
7.458863223807933,0.03213346673045236,262
6.0894243800805405,0.11858075042773038,267
11.245766432553925,0.158189888958062,260
8.056301636432094,0.1496782297867729,265
8.910265984183855,0.015285217834811871,266
7.033477656926056,0.2000067311019018,271
9.268407055396597,0.08482159164725844,264
4.905893052701083,0.07638050449646272,269
7.270053836369586,0.13160864977741316,270
9.894978561043613,0.027349246234417004,275
10.266014797875405,0.18314462319675584,268
9.722406167512915,0.10392786266635945,273
6.025126769743379,0.1839278725134764,274
10.499225599891894,0.13012812948025984,279
12.298374692665968,0.1757160746178218,272
8.586486582186321,0.0826491146332786,277
8.660592675095444,0.06113251455443223,283
5.671437324465848,0.0903511753319955,278
6.110051107906637,0.17377031744006388,276
9.425757631929864,0.0845137036142031,281
9.29414857323297,0.09821586162092347,287
10.660861673316546,0.13990966102979888,282
11.299096705492108,0.12457761335143552,280
11.56927141659562,0.04284985485306106,285
4.599697517744293,0.08253297118233038,291
6.120402791900879,0.14916913661962758,286
3.9149009622783684,0.15671559928107234,284
10.825463194460989,0.17192073861373436,289
4.60884140510726,0.05594363372138544,295
7.627296286436546,0.07930711797224009,290
11.3971270989151,0.19314215932642256,288
7.737588059168078,0.13499816794768962,299
2.6926793512423144,0.06738458249916911,293
4.572131753454669,0.28162773475807135,294
3.2880375017370103,0.19044808969403512,292
8.833869203959704,0.061804396446660574,303
10.572481344912028,0.10756972067535148,297
4.796852884808578,0.06553692056117898,298
10.586370560867843,0.06906495345230783,307
5.9953225462462125,0.11452363731127291,296
6.468782209353797,0.11484926738370488,301
5.8844775684905315,0.07123434270536487,302
4.4370014525160375,0.10191690540847101,311
6.436833038019763,0.15555351648185356,300
9.33193707626041,0.24860304635551508,305
3.2767065648265534,0.20425953690790732,306
9.400007051116557,0.12478202782720278,315
6.96659856444318,0.15931174739008871,304
5.082986234723013,0.11792939524882029,309
7.344725887613652,0.16153834163484582,319
5.1948168780504105,0.12624330470514442,310
10.687881513803756,0.061570668719479874,308
7.883010608965525,0.05852223399587553,313
3.1023963317657732,0.06433942743174399,323
11.772723985222717,0.06804644079488371,314
9.746927923326538,0.23645742058717448,312
4.353540813832182,0.1703437726245837,317
11.143238561190353,0.03485140293630407,327
5.291685853569482,0.043422226242420724,318
12.255160257151003,0.13981918640174304,316
9.172924355447986,0.0335152699426425,321
3.3281389516654682,0.1976489497922912,331
8.185062332238235,0.11687288610306529,322
7.484073495852046,0.17002023162472846,320
6.364009342953475,0.05815282715957666,325
3.5494311733758033,0.09471245502368952,335
12.377235950216253,0.11102439898003864,326
5.007269011763857,0.18480680910828867,324
10.800165846559729,0.09492322569543246,329
6.528271626579942,0.06939583295106985,339
3.140796159206775,0.15587552428595858,330
12.191685721873325,0.10119305961371675,333
10.65448488468294,0.21449909056785654,328
6.0421385662232465,0.10977869470317643,343
8.448860538317025,0.06847751542069065,334
3.208177163794347,0.11115352083620028,337
9.503788784740781,0.1383843763838359,332
10.547970986159207,0.1968657321068515,347
11.94457161694309,0.18779627171439936,338
6.937382434651916,0.1883523956926457,336
10.905401751193164,0.08093322808111558,341
6.473928247320163,0.06185785748137055,351
5.004334772349002,0.02757975398313303,342
4.122685601517677,0.2562350916178426,340
7.570869297793969,0.1629502105235614,355
5.076645758842691,0.09045658946066235,345
10.622181391594157,0.052616862467323645,346
5.381863188389897,0.09276167884417816,344
8.067855290378112,0.07560760611754241,359
9.174419022788886,0.04038835999292481,349
5.689132389726103,0.05248280360103276,350
8.641698288423944,0.06195899558785156,348
9.447383422937069,0.12250216589313237,363
8.295041355090511,0.11822449919909311,353
5.796266420496289,0.040030744023762915,354
6.142540662410138,0.0939255123923299,352
9.465911044346742,0.08532825964770825,367
6.754058303122129,0.19757777157753115,357
4.045039402468728,0.0745967633010407,358
11.890402623872319,0.14338775576228363,356
9.540801293153649,0.04251970049467826,371
8.773065958273152,0.04748452132608913,361
3.418057913138343,0.07618682174732827,362
9.684418040430572,0.08399137606290175,360
3.778171041745474,0.16293946487897734,375
7.599993326112944,0.1632337175297425,365
11.106851859526925,0.18820542252152292,366
11.941838468689628,0.22042038113470983,364
10.918736999285297,0.31421061273693085,379
8.678189318724153,0.18364453405682857,369
4.765873784322841,0.19207288493771602,370
10.204661975656972,0.04796355945492692,368
7.57783429240532,0.054017556254703426,383
7.050860698246621,0.10566352242441175,373
8.90656901410382,0.17342522079452738,374
11.709984964781965,0.13306472001830214,387
9.609741122409787,0.03724509906189664,372
12.42208685929319,0.17062229614870186,377
9.207364895739191,0.06255023974807332,378
2.708801531357069,0.03689740729162674,391
10.316286514915747,0.13427349103672118,376
12.20763454167776,0.17783017018950437,381
4.890708060308906,0.20002147209398313,382
8.327013147539487,0.023686130158003416,380
8.962439137383665,0.047669136387748966,395
10.633884128722595,0.10577499610783148,385
9.18244732825498,0.1353381148258032,386
5.137605528798929,0.04548387049997011,384
3.678762611106915,0.16935099061252834,399
3.596738869520367,0.10812623730146859,389
10.489493492532475,0.13149503564484885,390
11.44580642240856,0.15960301865272833,388
5.533215763777405,0.0518960656128906,403
3.9952007917407406,0.026693185099509173,393
9.560044583603187,0.2292774707087808,394
6.584772307778538,0.15539635242849154,392
4.989726450272467,0.20157809845060648,407
3.7161542967350036,0.05908826392178545,397
12.377330689281873,0.16003907494281053,398
4.929515520659278,0.05216464265283695,396
9.276279863021767,0.12294928905310461,411
11.733109126955348,0.10633093280012529,402
10.419147930057866,0.13536384111392424,401
10.299477945475685,0.04655132077315748,400
8.312017734851732,0.13659218722368774,415
10.174262857118704,0.14037227720306622,406
6.0505731325109515,0.03723202462583081,405
10.534230410932347,0.06973760734749752,419
4.058570589707883,0.13584715277703993,404
7.087780865158939,0.14235045813291583,409
4.916997846034416,0.26955300939300514,410
3.440525189649688,0.1140898894209373,423
8.969520588653346,0.26272608137719694,413
8.46610629570821,0.020914325152059078,408
5.6121266489559325,0.013498028956888529,414
3.840805725873416,0.06002174231201164,417
2.657078472145973,0.1307182490691247,427
5.763609404374696,0.098035468937946,418
2.783855484184298,0.004246721755622685,412
3.8833656405299646,0.06981917073980824,421
8.760276377108301,0.08691741722526442,422
6.063258727391033,0.217200681671587,431
7.422517970655794,0.04564719613605961,416
6.420658937049421,0.19258846744891622,425
11.15567704632061,0.10383828001972246,426
11.456535751161441,0.16011249427006913,435
11.38899296130894,0.10627928593588834,420
4.014936121082502,0.16625163517731578,429
8.697694883770776,0.0822748011731816,430
5.721394524049336,0.2148008579636277,439
10.207025954119104,0.09979430281649714,424
3.040503614274981,0.03836513629766479,433
5.051821346738684,0.08827945826936422,443
5.602835521083245,0.08860673837662215,434
9.383220512008922,0.159430001953048,428
11.744591428053482,0.021628351623153467,437
7.862696680176034,0.16052032019755022,447
10.20794046024869,0.15362850497182534,438
2.5345226050834277,0.015391044256511516,432
4.95401217460834,0.08700146770664395,441
3.7550967583968307,0.1246397861415995,451
9.662151724316258,0.21586215228283223,442
5.548927028215314,0.09925738335733049,436
3.2430023949010964,0.0782114617463329,445
4.215713007868498,0.021653395809538966,455
6.773802474429117,0.06355521137723555,440
8.780103694294066,0.1762654132310846,446
10.479358025486246,0.13982314481329491,449
8.066932884142853,0.18924972901317028,459
6.276926656518212,0.04218865914637776,444
8.200198580126909,0.03940230881749435,450
5.603795654832242,0.06037025436613187,453
4.735639185527992,0.02203163251744067,463
7.20298363119399,0.09704652320542663,448
11.097270124536923,0.16896212631903906,454
12.45217339838545,0.05475306478178246,467
7.827747349876702,0.02659242880809767,457
3.8044062785465482,0.07072948046212531,452
7.381473937764071,0.12834065464221253,458
9.51487681638881,0.06828361749094732,471
5.054453371442288,0.18415101560830371,461
7.579614494580835,0.08147132974224794,456
10.4705254459766,0.0995649003947675,475
9.939483030588981,0.18598961068411624,462
11.817750154716732,0.014073755188211107,465
9.348907949274688,0.05962728216273416,460
8.533430016848497,0.13227431676420204,479
7.672585660212661,0.13790536102576412,466
10.604349547560894,0.155297565164239,469
12.343963950315958,0.23715156372103735,464
8.38835725638579,0.07308181760287825,483
12.434385959654387,0.1471161070447706,470
5.9000963375145705,0.053040538047423424,473
3.854060737919288,0.06292099939092449,468
10.105440854708416,0.04876534663260795,487
12.06725562179593,0.14907631994784737,474
2.6078699029148678,0.08943770905865114,477
3.0552039900937134,0.14274242345410862,472
9.510617666422185,0.18686795997564315,491
9.021759605776685,0.15213696750245204,478
2.9994119101625447,0.09365487531169066,481
9.450016290901377,0.018197874963402198,476
8.87345505126752,0.05201801967568657,495
3.4019716925546426,0.11134188568433423,482
11.023364648298838,0.09306292173692449,485
11.154751814234148,0.18761360130062962,480
4.523954937241122,0.09367775173409226,499
8.563231129433696,0.057595774131809954,486
8.587492707355999,0.19774911031751846,489
10.755019291996756,0.11699927373759447,484
5.275703332293982,0.0220116389005229,503
4.106960701298126,0.1639009325991048,493
5.579665598694844,0.18592974582564145,490
12.061853360797459,0.1202133016216917,488
2.569214423018662,0.0254626824136888,507
6.51295949347655,0.11645658997971163,497
5.994970089754874,0.07821433024770738,494
2.695257278003711,0.1642679903521355,492
8.873328227218847,0.07757859488602531,511
2.6670755406461866,0.09931859476085163,498
11.465315329019429,0.101573129319743,501
6.042693994149182,0.03088964937722573,496
8.626034326316576,0.14614628688420137,515
5.607135251789286,0.10569283230275901,502
7.395534452841437,0.1153006552705336,505
3.775882174984763,0.1376620260192302,500
7.023310832755434,0.029631921514168026,506
9.063455812119361,0.08283466969908476,519
10.826547082641724,0.12878785863463746,509
9.243907729216481,0.20320431010873322,504
3.109651788326805,0.09594684622865411,510
7.881393423363344,0.07801878494364523,523
9.07502742984699,0.0617653634541125,513
9.998061259236636,0.13206974858035528,508
10.51904984807465,0.23067268879816197,514
7.284763082764362,0.11759900731699578,527
8.886059954941947,0.11352591643796589,517
6.0817307662675715,0.042500760589913034,512
4.803735749641663,0.29330514863896034,518
9.355343469146598,0.09592932411880403,531
4.2695301063151145,0.041707562053224824,521
6.56180500285214,0.10548676959776289,516
9.388055134733033,0.12847319756070594,535
2.5579692422754907,0.12972052066607487,522
7.499860833744297,0.15752316445292947,525
5.484241967373256,0.059690000570744896,520
12.276482222758245,0.13636402960945762,539
5.395472759242979,0.014141742313944517,526
11.662178512297103,0.18084983136598717,529
6.6111357668377,0.13696802668200975,524
10.762983411342354,0.1055048791090416,543
8.275395135181046,0.12266563368491801,530
5.941740208243543,0.17953063861177185,533
11.967623877123698,0.18458410985120086,528
3.5249300052662758,0.1059352485792005,547
8.715773482202998,0.139510889588687,534
9.906473884765063,0.05807620838087814,537
5.600167414345545,0.16949105535407324,532
9.860449629059316,0.03823137933206411,551
5.124940714437148,0.05176774295064075,538
10.761971200943192,0.19590214141145285,541
4.75090517625244,0.21990053952511268,536
11.39043034722407,0.2348004045104443,542
7.378419235197754,0.09454567746456256,555
5.013628823391211,0.1299698873845749,545
7.729531690834013,0.10598398032590682,540
8.518857462744002,0.07893610729616193,546
5.579389105975807,0.1605116423268312,559
4.798568725982482,0.22259651723890356,549
6.234646493128212,0.20498255391375764,544
12.057200625784002,0.27119687819534577,550
8.789544295825085,0.06577558412155603,553
10.72646574732116,0.026413552037203067,563
9.374660017860048,0.02533448414524449,548
10.275226116282408,0.057026777958575,554
8.72402832253962,0.06107629869337801,557
12.202739306412191,0.07807024060292882,567
3.729870243675213,0.07873260173011669,552
10.573010533292745,0.03633260355834663,558
3.4462148086701063,0.2828827073277173,571
7.181841355045089,0.057781636074172575,561
3.897395813651573,0.06948513263412341,556
6.93958632460861,0.054145983818014144,575
2.996746409163078,0.14177702040911075,562
10.811704058360744,0.051900772755714066,565
7.578093994890871,0.011934800697997905,560
4.076913741910974,0.04902208467163424,579
6.973919434591105,0.10193233320094525,566
9.154927298961889,0.017211433638100817,569
3.745341459653723,0.12992707951218732,564
6.726016238096431,0.018553393742461986,583
4.689455515135012,0.21955451742586926,570
11.474765102366613,0.0753522173582189,573
4.545246046723802,0.1557757738752988,568
10.93707104173506,0.3956515437207011,587
7.003524739696165,0.19994705704631452,574
2.614776693696953,0.03570647479116472,577
2.545247278273984,0.18679978223003224,572
9.913201510895348,0.10477580037833985,591
4.6065478701230145,0.1359753300952418,578
4.703164770922959,0.14893205443687327,581
8.96417913570334,0.06847969305778681,595
9.58035736852965,0.13520262899788588,576
5.548906308033277,0.06956589099563536,582
4.330225616044893,0.05507990156381352,585
10.461016262626625,0.1291987960735724,599
6.466070705938817,0.07930247798272672,580
11.653115293899493,0.1590340492237339,586
7.446467426853335,0.15701351737962455,589
11.36411858017635,0.171295014895393,603
11.811770128848906,0.04972881968503834,584
8.853928222809628,0.0776409384350761,590
7.129202545459661,0.009673075171883016,593
10.785841123819948,0.21866127723572984,607
5.063504661802948,0.14375208104571996,588
8.802096719034846,0.09502891161201948,594
8.564334224675125,0.07957461109788405,597
7.281023589266381,0.16991122522423582,611
8.159492827416333,0.2266261756011878,592
6.9165292202647946,0.1450746643000488,598
9.862305926408126,0.14099843041037025,601
10.668567459818728,0.11581929433581735,615
5.530187922988428,0.2168712685128168,596
3.4349869610450954,0.1415434199947254,602
7.814984434451398,0.1883813394758146,605
9.821733204011613,0.22076612319614816,619
8.914759885927248,0.16216741747738053,600
6.087191074397358,0.10165415662349614,606
9.628114692468696,0.12139315167896188,609
10.27018675956794,0.11870101633036456,623
11.6590737343707,0.08228590440508758,604
8.852187293710934,0.07051046900725609,610
4.1984242961910825,0.16274825659980166,613
5.070900311421063,0.10183823090185734,627
5.197875672904103,0.19100208754372172,608
8.553789483438253,0.03850505537430552,614
5.315349661104891,0.07397673584458568,617
9.913905110476975,0.08234078370010672,631
4.424296785364293,0.15864694038021618,612
8.318884294668496,0.1187689797865754,618
6.707686316460592,0.208398209152303,621
5.051304088532497,0.0709358968040726,616
2.935463432768446,0.1161938837058349,635
6.227792073265222,0.09203357220127846,622
5.459661290929736,0.12177049895061404,625
8.159135428610131,0.08578532525761148,639
6.157821554281231,0.11900122496737556,620
6.217178865138553,0.13652091040790354,626
12.010248475341141,0.10226892009043818,629
5.904465522973011,0.04253111876177182,643
5.687137955506387,0.13690557133473666,624
4.8495894217767965,0.05954805009405376,630
8.391505299937881,0.10811767038760337,633
4.002494880599725,0.18848728684891114,647
10.313978546575422,0.155909768340476,628
5.918763156292939,0.05419698457748107,634
11.537507465928666,0.0764135448549694,637
10.991588246059221,0.1873652195877221,651
11.647730569184539,0.1408849657040046,632
11.896696096729606,0.23804070080185166,638
10.602250994579732,0.23516231401435084,641
10.723823109145117,0.22035804246858867,636
5.141804330853939,0.10266625847263429,655
9.134176008493345,0.11472198924214859,642
3.5081504038905633,0.09123551200979868,640
2.953493780277726,0.09299337345058925,645
11.637078951050873,0.09627939098110135,659
6.048535337678841,0.1991192602553614,646
10.222352678540508,0.07991432595138186,644
9.735631567501837,0.07499778873540769,649
7.098000536032022,0.09745409303768403,663
6.608939753232935,0.0774824094303872,650
6.755582716200541,0.05529776059998888,648
9.138399689596769,0.11681369365560915,653
8.42765290039997,0.062234573261050724,667
4.083408936829688,0.20747071163586442,654
6.655907451223237,0.10665335766501152,652
7.666019155852757,0.04942608583072089,657
4.971051977860893,0.16758685459790243,671
2.7936200800350033,0.2636125484490574,658
4.037332936850586,0.2205918737555871,661
12.271782527621575,0.12329250948346014,656
9.092364901360614,0.17081474456828177,675
5.784777673253219,0.08693930285133472,662
12.054844280953251,0.08838996422950707,665
7.58476338941656,0.07036726460292213,660
11.210554109893524,0.22541861853569412,679
7.6345489494484635,0.08114606339886665,669
6.207935282468574,0.11878149514605732,666
11.382971784049703,0.10862642008583943,664
5.5420104624045985,0.13739123914101678,683
4.038131150416175,0.1361890163949316,673
5.20890196437247,0.10078349454693492,670
8.856823514194732,0.13429831761370156,687
6.367775624656287,0.14803520207844845,668
6.683080825412815,0.11747579146051741,677
2.831275728028798,0.22726432512271302,674
11.774006032635068,0.08979719638889358,691
12.094996527309135,0.058557860093530756,672
9.498310355159559,0.1697374102675587,681
5.831860322744364,0.07073930958772688,678
2.667670337510196,0.07870953765248612,695
2.5868705388960898,0.16352679129234043,676
11.693319797885453,0.19867719788826319,685
4.742213377795269,0.014654555606409592,682
6.062715028213871,0.11551279226386356,699
2.9133820380508846,0.2427030048585536,680
4.787757628845864,0.09805111037045208,689
8.376716450065048,0.05570588884871317,686
3.7898866583101523,0.13069475602085448,703
4.558837548304769,0.12316853853071859,684
11.937862008263185,0.12705680121628923,693
5.706234930287202,0.1569455246644138,690
11.492863539544462,0.1508862738702294,707
12.328451169444186,0.06743560572849845,688
4.188695299273945,0.24524665818036803,697
10.671169808418904,0.11336962328201008,694
11.794069338960272,0.17040550792907774,711
12.03438438993451,0.041017264535782416,692
9.393385784102861,0.11153622622415112,701
8.372261619910438,0.05295567531905931,698
10.459587342653556,0.0836500292935991,715
9.921154852656638,0.11949015933296725,696
4.8261885735971575,0.20444353461380116,705
7.664787550479504,0.08503806852503747,702
7.77363501735282,0.36863670540062177,719
12.264598618168147,0.04827188871099525,700
10.850209239270503,0.046366591185698726,709
3.1259599485172043,0.17663423560915104,706
7.413230938878733,0.1238001989627088,723
3.6327422156039457,0.1045922146724966,704
12.354988269430308,0.1645089880566204,713
7.9585952023603825,0.2091327529728058,710
8.189818462122696,0.1355124840814693,727
2.795748888206906,0.21585388488038695,708
10.056659076903182,0.0501729844205073,717
9.221409984902596,0.1051119333847384,714
10.436804433171963,0.07299176358213579,712
2.904036597619556,0.0924756856551101,731
10.074041117874994,0.14747576640418633,721
2.856850998659035,0.1419238201593888,718
5.193287305352202,0.15481498325218768,716
6.323290289293731,0.09990364486375025,735
4.799077631781577,0.026439133140783506,725
11.091547954016914,0.14894881099239163,722
8.530151270321621,0.09970945729848416,720
10.856777270661803,0.0398237124311053,739
3.6462912445922813,0.10250675329618142,729
3.06705064274323,0.09997586238385542,726
7.298902911135667,0.18545203030463545,724
6.843992564990776,0.08537215062995668,743
3.6443713009880563,0.03261689419944707,733
3.412578310925607,0.08002234799577433,730
8.70973094470398,0.23886714794202832,728
6.2857782229018575,0.10336049672692438,747
10.419991971422988,0.07142651472332798,737
8.16157429853975,0.09000045521602806,734
9.798347961913668,0.04769196648015277,732
3.244607320699701,0.2198323406564168,751
4.347922617846986,0.08682937521489062,741
10.053163699749714,0.1863495715321838,738
9.987019890894217,0.057594185491827925,736
6.687711077044601,0.04713521467888128,755
9.866676018210605,0.037398190261285956,745
3.925417362995164,0.09970911565776366,742
5.490673008475309,0.16148927753616987,740
9.328131627593553,0.062246428955499866,759
10.92998991596496,0.027176560756831475,749
5.997454125575504,0.07636187173872311,746
12.016595736372398,0.13207423498180806,744
9.67011486678387,0.14799960131310808,763
11.933397057098357,0.1183780602463235,753
9.663634893312558,0.11490823131924877,750
6.931980819530352,0.1785675925810664,748
6.765023490072423,0.20622210861243465,767
10.803339536063723,0.13853002323535518,757
3.5062159777329462,0.2256828639658799,754
7.271073304946736,0.04549201457745106,752
12.27524119570274,0.26102897507070194,771
8.965242299671603,0.11498197144354555,761
11.513244813631902,0.05972256909660764,758
8.151445795681177,0.1355147630258556,756
6.604285199112978,0.05160292290457923,775
10.080282928194165,0.18230235110633508,762
6.180764666295567,0.02677864316493546,765
4.775733737517527,0.11209684290228972,760
5.077558634773466,0.10467083450061823,779
8.357430599958754,0.08790819182933221,766
3.060646153160266,0.09092285772376506,769
2.5496430248433013,0.1584498321947393,783
6.490245865020146,0.11078020514600805,764
8.305017917003914,0.04662047263684382,770
6.4309116362913485,0.1306479734833774,773
4.113536595668088,0.1545381824886479,787
3.9858740426751105,0.0873085386946181,774
12.091861493291535,0.18451430810762268,768
9.035104356403044,0.1497353634557392,777
4.477742231054838,0.20344705391842965,791
3.205587327171399,0.17343971216635679,772
8.853860331665615,0.09004401813046034,778
4.161271235046378,0.1912547565916966,781
6.5132254627539385,0.16434369208383026,795
10.512561977380633,0.22078475674124515,776
3.2777498252233475,0.11634979952744587,782
7.765096615166311,0.1275929119977189,785
7.275651906756354,0.14517149460842377,780
4.63601175516974,0.01527601556146065,799
3.7088287538183384,0.09061156663253898,786
12.396323122495852,0.09737047674061543,789
10.782569166003258,0.07320451423094072,784
6.513800347713767,0.11143516147381952,790
8.314439881382047,0.10002565323113484,788
11.11380159677262,0.03812141861182117,793
5.256258242257216,0.15157500574294824,794
8.697457249357553,0.05019874428409176,792
7.229874600269602,0.0985898527039599,797
3.6650060085668725,0.04811797083655317,798
7.672490679406238,0.03307870863546877,796
