5.423004511808278,0.016288504631471214,0
4.062469336129414,0.1477079904060432,2
6.9337164640242674,0.1000315348529845,3
9.659316546346938,0.14388864095475593,1
2.963585404626583,0.3020864435791036,4
9.90376202894143,0.1568844995620229,7
2.5948517045607966,0.24692681593083568,6
9.283828869035956,0.07957133813755762,5
12.22735905773602,0.3053791882583359,8
10.099367540670197,0.05136787433982201,11
5.820648852385716,0.17536109413324036,10
2.748292209764678,0.11880694333653007,9
10.728293949373365,0.1806137676857811,15
8.872044988444651,0.2094120328583823,12
3.9986586389156287,0.09489366753161331,14
2.791600035221249,0.11877254020706421,13
9.472773381953138,0.17467063576437247,19
10.603550961704752,0.13172142626341143,18
5.009721858812868,0.025754858269559994,16
2.8485502881712907,0.0636823359260173,23
5.898750139092714,0.1487251020273273,17
10.456495707439508,0.1682771255062299,22
3.4060057029241078,0.18160107121206845,27
8.525987585601682,0.07263784355135466,20
7.461000265135544,0.12907720341588483,21
7.760594951579769,0.11128216152664752,31
6.807311783343456,0.024300681102095267,26
4.615607071948759,0.1266076444387022,24
3.310961213089514,0.21363245861739358,25
2.699322520816695,0.16169520196355341,35
2.9959665406764224,0.15239508043004205,28
10.672115901109724,0.1998300905443002,30
10.602661860184096,0.24961934140393913,29
10.558357636605374,0.07573738834323362,39
7.862350121947259,0.01175014827924753,32
9.59354262415015,0.19557607996171436,34
9.093256978361065,0.10112204234265564,33
3.9645827394615143,0.16220913930464065,36
6.142710954015418,0.1375567252416525,43
10.368829997612853,0.20562943681038212,38
11.42625329436223,0.21903458692365718,37
3.3199106084694066,0.09274856468355418,40
4.400980930546052,0.0727575147293048,47
9.28510313045198,0.18664174675853573,42
11.062319544864474,0.175684985402413,41
6.827216911478175,0.26445692820185224,44
4.5824294875279925,0.15910952126568423,51
10.449085728065807,0.07833415036768876,46
4.83056307428315,0.14315448714252918,45
11.450188705917475,0.13882743342748136,48
11.899006015624884,0.14138140213275321,55
6.8308919602174285,0.11123691079761377,50
10.351592878255383,0.28948842018969895,49
10.318842030668002,0.12856449638488077,52
4.166750663097267,0.09005583339951956,59
8.189989527166876,0.11677985253420614,54
3.63492695110898,0.11153026287546064,53
8.81841903296143,0.15466270053070746,56
11.180769833408164,0.14030437309517788,63
9.011433063983151,0.19677853902700784,58
12.479651052839406,0.1283435674957805,57
9.309685520546218,0.1312712525826892,60
6.649883403112936,0.2534568660844467,67
12.358148941531518,0.11416907482491367,61
4.805048876882754,0.04352198049685804,62
5.442616622893505,0.056120622681781,64
9.034781963517478,0.010921087006555044,71
5.015605377550089,0.07727498012657473,65
4.735916756722977,0.11516918746445266,68
3.7446244100385675,0.06874846856226302,66
10.799258278143112,0.19230370083202786,75
3.14663756295921,0.2829361310799581,69
12.015840255977066,0.07959425600992,72
9.297771597305047,0.24534415825779893,70
7.7472030124929105,0.09164435636340171,79
8.771493500731788,0.10586769901562734,73
12.349061374432681,0.13754604927047528,76
4.848756376097797,0.18252638022180762,74
7.319837133506393,0.030013810385420732,83
9.554833577829239,0.19791836895492548,77
6.41440129120212,0.16920420839106728,80
3.7527403827585815,0.20132690117048285,78
3.8563664866437164,0.0758519831086575,87
12.337923864000512,0.16295111074981017,81
12.396076958096614,0.1557777226805138,84
6.67550820754912,0.13007769874726433,82
6.606426563243575,0.21847941136741011,91
4.928390746391031,0.06810859789128634,85
4.606118361729626,0.08305783083669868,88
4.891121197571619,0.19096700474145037,86
4.449298065975448,0.17986964435391217,95
10.371387196449511,0.20306304873665187,89
10.072292204336454,0.06505546867073846,92
11.430657818705434,0.14265668247387936,90
5.932249653647929,0.07949695680394325,99
10.994354171930913,0.1776513757402274,96
6.6196571598812035,0.09882424541628611,93
10.70625018389798,0.030844007078961334,94
11.92985727709723,0.1249854436821253,103
6.511799308080186,0.02090079289513928,100
8.876010153762564,0.1406751896748615,97
6.595517233272751,0.11566656442991051,98
3.430604077515186,0.17620695333785807,107
11.873502930775167,0.150025521175168,104
12.331752342369779,0.16466610276138519,101
7.703143369656945,0.19461950514432547,111
4.449365350387388,0.11662491185907516,102
6.601472839654248,0.1461951720818659,105
3.123291947359883,0.04573286617735798,108
2.9711840206544373,0.18552941219236813,115
3.89469849002524,0.1394914643293969,106
11.160412896005912,0.10182565894479345,109
9.47183469977923,0.2254021264896404,119
10.08601024624097,0.1277824973385992,112
6.798783775500842,0.11290395706265753,110
6.671958540808609,0.09973637708614093,113
9.764669017617909,0.1490373155210941,123
8.808365912191709,0.07347112473858426,116
3.0348105220765156,0.1912141690757101,117
10.633277900816383,0.08220795627917464,114
7.43220486185457,0.15940922829642046,127
10.177033469471466,0.18255736586922133,121
5.486320803609033,0.15824469817746342,120
3.030076713896499,0.11506303883330651,118
12.041735579799958,0.16923910883002524,131
4.934279184505545,0.08252920465247023,125
4.959689453470304,0.10294813393011025,124
11.294122196440622,0.25867918571579246,135
3.7789684337685325,0.2207595349312592,122
12.245903347734613,0.31181443007849846,129
8.35669210128637,0.07996583698497911,128
4.08064327409698,0.118069143125468,139
2.8731244360999284,0.18465409783940007,126
6.370857606564247,0.045380269793726086,132
9.134103232874889,0.19564910456077067,133
6.231707775966472,0.13494378571405763,143
5.174526157671816,0.07071378060773802,130
6.370415222922867,0.10657827958740546,136
6.918666759909332,0.0669782615710727,137
4.032743329042594,0.17991720473129363,147
3.158401952387254,0.05901799416425322,134
4.947836268755498,0.019846961995789846,140
7.423610693882601,0.21177505007005354,141
12.432170355260556,0.20066573872934812,151
3.9064044270311493,0.14556247590338559,138
11.902158408281032,0.08214658530700385,144
8.232449511706701,0.21421551293052327,145
8.498718746241234,0.20009647091319782,155
5.740124749209514,0.04364481797595747,142
7.887862509784042,0.25063445692761704,148
5.427105479887389,0.11219672352319002,149
4.9894700397196035,0.16617346157768717,159
6.382319186851733,0.19979005228937843,146
6.298222614234393,0.14511808429268722,152
5.782581878683148,0.20064348933647633,153
7.917024702806889,0.16031010795528988,163
3.532894883267134,0.07515019303108544,150
9.50987616402757,0.16960533040621542,156
9.843534362405263,0.23373856176158606,157
10.98673880537415,0.12583920036943044,167
4.810119195446654,0.10803442058562336,154
10.654044370044645,0.151177386177718,160
3.473476601010108,0.19939660141962212,161
7.817978824000185,0.04381131977080246,171
6.574433072589542,0.13259616207643504,158
7.512824678780879,0.04144059405653321,164
9.620362558600414,0.1164586939265307,165
2.6926948498642767,0.12243549195386252,175
9.16153562579127,0.10079280228993798,162
8.08907565251564,0.13691405182362623,168
9.723714835244817,0.1260721460409416,169
11.502869615894367,0.036397695395946665,179
6.478095230987185,0.09695221957583912,166
10.745837422705165,0.09957823603985347,172
8.23057025601232,0.06395276234487812,173
6.514490327531749,0.29005905827339584,183
9.13864457290676,0.16511175892797475,170
2.8732729961821035,0.04794759715593066,176
7.2124163990123265,0.12542494033568102,177
6.1416504857504695,0.1204259012569864,187
4.995557085891865,0.2431759560363844,180
2.9807350847169856,0.08373382677996533,174
11.254275368172152,0.14884805646591284,181
2.9150614963941415,0.09727296910582689,191
6.947443083597658,0.09837931179163427,184
5.150669127009413,0.095180546344085,178
6.039662174627488,0.19199729259388987,185
9.547881579806925,0.214586861539666,195
7.801407467638423,0.23679723726477797,188
9.810681736732555,0.02791882728992344,182
4.076110931382227,0.05391591156673933,189
3.719520564980827,0.12156854693510966,192
11.305904583791266,0.2544428793185834,199
10.253672334264845,0.1659365858372038,186
12.089343752026643,0.07234260096641475,193
7.442001418478839,0.2279193863581949,196
6.196706915173303,0.20812293424252198,203
5.991901702456892,0.2684844800420952,190
4.6305472372733565,0.0644638641685467,200
8.24178892707774,0.15163212944325233,197
9.690575299585573,0.15683197851386282,207
4.581997494726785,0.14127738618068925,194
4.448026653623479,0.19699545795928253,204
10.675510948545204,0.022237634003822185,201
7.9850060899193,0.15050285722808646,211
5.626230283272102,0.1784168765972458,198
10.207920667708567,0.18715429517096582,205
3.6806374415377805,0.10688268422835788,208
5.382602480407317,0.02511808259516863,215
4.226751683420002,0.22424549715881278,202
2.6837431848700213,0.14610334116498244,212
9.77549484854763,0.1355008173258799,209
12.180543931619537,0.050523144752399586,219
7.351204905068621,0.08658649096397934,206
3.16451940822577,0.0373023858759949,216
3.1852990130428527,0.20659576425373813,213
7.1432514851315085,0.11182599155516833,210
6.748987360090371,0.14400042585792197,223
9.917707242776276,0.12383832273746256,220
11.164210379275271,0.11225352622731369,217
12.132249905405251,0.08103807922197039,214
8.55690258668048,0.13029498573406667,227
9.102315686244511,0.02650525891384814,224
8.270286612394603,0.20037295387028792,221
11.655424795053023,0.11906863561170658,218
8.031743631038026,0.19306789296162602,231
8.40276298543252,0.11338878152034255,228
8.581210991055741,0.12570569035142803,222
3.155356801492756,0.06153045189463056,225
7.579421197405188,0.4181401212271274,235
9.38507623901932,0.1567646433288984,232
4.001212096352029,0.06711645641750755,226
7.689201469382036,0.23567546118131816,229
4.982454906450865,0.14098177944365625,239
4.618703988034857,0.19698144040913532,236
7.325804659907154,0.08173070903402083,230
12.471302098263285,0.13353710208746436,233
3.268322841038488,0.27909956704412603,243
7.372825270002089,0.10013864591513288,240
3.9563716716247486,0.018013655313700094,234
6.84699341412453,0.1703736891500487,237
6.954700239738788,0.030269505973006813,247
2.911750892207677,0.15700992942650907,244
12.406703340763281,0.1085634285653442,238
7.872418300536454,0.1317200860585669,241
7.8989567175853415,0.09238981604076657,248
4.893796861518837,0.09267430099132895,251
5.533436502512479,0.14659050077563154,242
12.082744708379522,0.14178576197872103,245
3.3759904531009433,0.1489313510211858,252
8.240256546657204,0.34797056754713895,246
3.305145885328221,0.22189784919677258,255
9.427261151971985,0.16296275826466003,249
10.28769154029777,0.18893540479155724,250
10.063713089401535,0.2462893618821628,256
4.232579618136782,0.06912081528654246,259
4.745953211546143,0.15924443371081706,253
10.267925352832043,0.06978371252942615,254
10.718421861482167,0.055293084568889476,260
6.266266746836222,0.18809201333826434,263
9.347203016507471,0.036031032062269285,257
12.028380760444064,0.19149442565040867,258
10.039501567032246,0.06834382586782782,264
12.359520968976941,0.20030664788775013,267
4.482018549955665,0.0599224815949006,261
11.386607777422958,0.07558615692208644,262
6.765415922092707,0.0835537759832948,268
11.88258756186456,0.05141327950534025,271
11.113790072044923,0.12418629203256926,265
4.323756488498345,0.11961775613096877,266
7.3454430034326625,0.14176541298723958,275
9.631385036638061,0.06770685330174833,272
12.103979184318725,0.20003055748131124,269
5.685888567917081,0.05576495754157639,270
10.835549803838783,0.20633251665870955,279
8.391000323671374,0.05622497381008225,276
4.488858484719112,0.31549619299421694,273
12.479837698346357,0.08673838772995834,274
12.321547898347387,0.10050435190806704,283
5.588230028384232,0.1727404586213236,280
10.595599424032025,0.030159028388220988,277
6.655509300376825,0.09419772582713948,278
4.117760247098039,0.1618539551569493,287
8.287085734144057,0.12610721192000693,284
4.531091500595668,0.04197321323475863,281
6.0065942184419825,0.22300681339521122,282
11.00753634647554,0.1079519981798095,288
4.495935032838034,0.1599561352290217,291
9.643432483492745,0.11670943575387126,285
7.601604382273322,0.11392399458956078,286
6.175587153636735,0.04992691474127953,292
5.615032410128852,0.1343626073049836,295
6.137090469671605,0.03774433248781728,289
11.285489588815935,0.14473320565301181,290
3.6952246126783326,0.32456230313590834,296
10.7813149515478,0.24968048606824383,299
12.495929792481311,0.08210042834052932,293
4.6879095433150875,0.12951395889530654,294
5.6180623402245,0.1101528186616781,300
4.34466593165162,0.07674576296972242,303
6.8298184984093915,0.260263288207211,298
4.634287637683486,0.22074273087028784,297
5.347028291698762,0.024122638323614363,307
3.7507204813937065,0.18256059473156905,304
11.697826503543897,0.05077794669778556,302
4.951582018785464,0.06521880688609506,301
12.331672251065998,0.0452618496509306,311
3.8124641871472633,0.05401237851102794,308
5.169942464704959,0.18783770032664682,306
8.033646116451715,0.1960220525708457,305
7.499929899568522,0.04763375959193539,315
11.732190103102063,0.0712306027922886,312
11.16680613201319,0.1220460717455779,310
2.9402895392285355,0.11790198746251562,309
6.990082553665346,0.2809599621119183,319
3.6784168758956612,0.05627651845533296,316
10.539431559608921,0.09266408926586345,314
11.989137288057528,0.10022770092528169,313
9.132222309972292,0.049412598272642924,323
8.006343663834224,0.12418769376649685,320
7.357234845984113,0.04933294189363406,317
3.6050320197077577,0.1780545105405591,318
3.8313810417386183,0.15301098688630554,327
5.914930091246518,0.15420736274832741,324
7.623938235606513,0.1618968159865538,321
5.833606126415046,0.08862599363110112,322
4.591207311001428,0.08565020536166346,331
4.645048993325245,0.05743307947079838,328
8.62482973038609,0.21963582914585228,325
4.352774811379222,0.04917245736280924,326
3.12082450782838,0.13998031360994065,335
3.633657833581333,0.27515254556936025,329
11.796507758013643,0.11237896650443556,332
5.140990524686412,0.15130469009310518,339
11.246266833138879,0.05557138839766859,330
12.440922754947193,0.1983680206900744,333
8.631981973303064,0.1545095090287676,336
2.905038809120113,0.05806856201299333,343
2.5865477943452198,0.17547664748151118,334
7.188490306929544,0.22554253933990834,337
9.581837945133428,0.1778982985715257,340
3.7298603532287156,0.1524341392013428,347
6.887675361712096,0.08816499375670502,338
4.300467586932934,0.13101055604024417,341
7.22832384886631,0.07306801025143464,344
8.718353194366886,0.03269549942507548,351
6.565531717675665,0.026560154637001395,342
4.763546187484973,0.11161480396570056,345
12.007962596956641,0.04953865833070685,348
8.836978068911558,0.11048828328393745,346
5.8400588604098385,0.12722378668925902,355
9.497477610379699,0.05744670767575508,349
10.22671463402128,0.231973017195947,352
8.910128669796247,0.07868796878811357,359
6.337789081795647,0.06938016446703543,350
7.7669643635032495,0.15995449923249225,356
5.538348336003947,0.15188617444459973,353
11.762621647694418,0.10154246876261862,363
9.819716189089185,0.14508673421709717,354
7.813088193279553,0.0416816985975754,360
5.9522943315399,0.03115121279762334,357
3.049328883757508,0.1662956915425162,367
9.001460592970567,0.08800447602592788,358
4.534343464285274,0.07170994450765338,364
3.7025163077834833,0.07201337127761008,371
10.21889105427239,0.13528016765987494,361
6.606497465190003,0.07589565385232647,362
11.301980021849207,0.11857525523070665,368
7.118461303185205,0.12649355783205787,375
6.938678462944806,0.15941872007090602,365
8.836953499066631,0.08621044223872432,366
3.868054704381163,0.08814841467849384,372
12.466057980948298,0.16934646324191382,369
3.202763317242545,0.10249973855761321,379
5.396244339377951,0.13476494481257448,370
11.299789415762547,0.0882017367575307,373
8.996984673669882,0.0783201856726109,376
2.554328176461247,0.1323744890270113,383
2.7480210778778824,0.20206533913507352,374
10.422674835369214,0.24507672245686773,377
4.869365281818624,0.02304463705409407,380
7.328754311615722,0.09924111843577138,387
8.520933442135235,0.07970005685446199,378
7.979656850549742,0.06208705239663814,381
3.5719757666052656,0.14444340598281724,391
4.936879214143991,0.2975699039456301,384
10.710369958868377,0.10969721843469203,382
5.3934880675443235,0.04196867083534472,385
3.0733288251925615,0.11022151948005371,395
7.636459659100564,0.06979124358262134,388
7.1876949815299955,0.18613826578190837,386
4.348894286179743,0.2818348107697706,389
9.784661158812787,0.12668054962771685,392
9.647083463096344,0.07082683496364274,399
3.7624888699483625,0.08322790762870715,393
9.407759945012327,0.16490911594153634,390
11.83488766332513,0.06078644851448839,396
11.412031937180037,0.16675715802950852,403
12.366134051371045,0.20093227803384478,397
7.379881652063012,0.06691951521572724,400
5.427300578013287,0.06404757327585375,394
4.668301145743769,0.040654710568045774,407
5.188368416028936,0.2836103673223919,401
2.9367388271042314,0.22801262751260493,404
8.28839838062814,0.218606211200041,411
12.455612318670413,0.12392938652278768,398
4.552507229902165,0.10403136009547607,408
4.002325945741521,0.03988573315137827,405
4.81924644497388,0.05801747809928401,415
2.6458730976558167,0.064377248915682,402
11.654546324946105,0.0605956777460645,412
8.335908355832622,0.21677887651806987,409
4.763452808576122,0.10166258454970659,419
7.696946279729707,0.24567452981818075,406
8.545494112645127,0.08032377319648466,416
6.35288715886457,0.03809409960412896,413
11.649634691664785,0.1326691601874411,423
8.094134130776972,0.09808997960475146,410
3.8073934343684526,0.1565756970173999,420
10.278946987656902,0.19242024875113514,417
6.463033019303536,0.14717973173959745,427
5.47283914128633,0.1338381345752885,414
8.984507874233362,0.01277219293653193,424
7.432918662612406,0.13867119584887724,421
6.164239542079628,0.18193734809147058,431
9.904207460527932,0.06464280640272455,418
10.64934297988792,0.22590397645192414,428
8.758897420718563,0.22802453806120707,435
7.853415631164823,0.08494798720828102,425
9.071845737762974,0.14645980044757118,422
3.1442726613765357,0.09169999708529772,439
12.312191136664,0.18089178272425938,432
7.708404166629984,0.08347320143527137,429
3.9283055431273004,0.2490335970024583,426
6.47238675558544,0.26903119838755063,443
12.49692565842446,0.1994366225994773,436
9.021284459996927,0.14402441577183195,433
11.085045304709727,0.052085156648217903,430
8.9261849789978,0.10856363156092218,447
11.307938914543254,0.1946245900342861,440
7.249168064129609,0.14807269328062897,437
9.52487425773938,0.0684487088811586,434
3.525105661584005,0.12474522682397376,444
8.287284342792809,0.06410900232698552,451
10.867857533427237,0.20932889110961167,441
7.034056574721368,0.08996680664132756,438
6.200253996445086,0.0692573231124131,448
7.676107853088904,0.07063645951433176,455
3.94282948594297,0.07664870689682288,445
7.321765316991354,0.03048350947663403,442
4.489202824134589,0.0549710237106708,452
10.519772841617751,0.08804663554817228,459
6.777823559568672,0.22690272412974444,449
8.442391435566458,0.16107454935281804,446
4.235926865076021,0.027565533482229645,456
11.872074445073249,0.1164157396142018,463
3.064160294844026,0.216053078177309,453
5.617728107433554,0.12682652485403376,450
7.797064837601396,0.007179531200233416,460
11.950928908147244,0.22218620061772165,467
5.83070712797446,0.052978298874037114,457
7.336250138190829,0.10747475522299824,454
7.575750774593266,0.09436800632928874,464
11.512861411334857,0.07629346889923229,471
9.274660509050808,0.06949166906311156,461
7.143389359283453,0.09395488974012,458
2.7879701684870453,0.14958914465991016,468
11.057907995562045,0.12639545004254524,475
12.175835438655854,0.14029434171267094,465
6.044362091408244,0.075200177488416,462
11.714864510447372,0.1589877522133726,472
7.165655401248321,0.11422646268254942,479
10.67142386909453,0.1718926059358074,469
8.563949500428082,0.2598403059309747,466
5.239031053777485,0.06699570864451669,476
5.454893924912977,0.1388068410846535,473
11.750009448738027,0.03732723779593301,483
2.616282919205122,0.12091342689739093,470
7.813633349871827,0.04915310205470237,480
6.668045062435316,0.08998439900282613,477
7.801019186159821,0.1347440241952322,487
3.699775307252282,0.11271554176955718,474
3.9658585457427806,0.10971593974733827,484
12.309487982473748,0.13206291098850506,481
8.724717940223577,0.2163095507602682,491
7.599421775612457,0.1820628320648649,478
4.127499530139059,0.11674074699898121,485
5.573455097553026,0.31455775815093956,488
8.151765295191584,0.21558144409574453,495
11.922046272186664,0.07557974357578187,482
9.130350663770333,0.17898656015980177,489
11.396519116239997,0.12221416245508257,492
12.111330563518296,0.03489372714224461,499
9.272928168710886,0.017505151995236067,493
7.5292036444504,0.11957741151422055,486
3.6460323516769764,0.1419415779380455,496
3.529704866029576,0.13865862697702777,503
2.6664336333563146,0.17767804588640324,497
10.81681128493738,0.13494482791514495,490
9.528778643482658,0.043708655835204724,500
3.3186128740732723,0.12831132709154222,507
5.959778641551622,0.1491872341203959,501
8.9359667958969,0.14806548835562003,494
10.738203145514424,0.10721903481497018,504
4.183826548802479,0.10591537891216758,511
8.37405843273774,0.15601034614108164,505
4.033379457926055,0.1725343101268365,498
12.304575077692324,0.044094840325792396,508
9.2609428786176,0.10953618930454363,515
9.951561783927136,0.1531220650089111,509
9.458873602611495,0.1297972759151783,502
7.1446987191155396,0.18333606799477617,519
9.548908846938907,0.06588696787886167,512
9.341334273535388,0.24649455951717236,513
9.914995023744108,0.018943803696731182,506
10.507551732946592,0.08103983462908985,523
11.473272403113295,0.10662380279578212,517
4.031084366115884,0.14359141643419834,516
11.040755453017631,0.10820151582933167,510
9.767585587201124,0.08204017960872578,521
5.561755179843045,0.05895680885207741,527
4.624010500240676,0.09612924511527556,520
12.47527694371501,0.2299830959892086,514
10.45079170666705,0.15096049843710155,525
2.8440131640948763,0.16284856159511002,531
10.871663714882233,0.14063709379817532,524
8.116265685611667,0.14145135949119422,518
7.808567855600046,0.0973959779272523,529
7.150292908548694,0.12529483115956883,535
5.900865725993558,0.21113311233132503,528
11.28137056037167,0.07215457414747149,522
11.124996373523715,0.08259096031333221,533
6.132944554845119,0.11640717805236878,539
10.326072787648933,0.04227300726085598,532
6.119620597203457,0.07875892168501354,526
3.9706052125160953,0.1664800220147148,537
11.174162489784482,0.09333830726647106,543
3.6275457419498194,0.06682147144137543,536
7.6289389702259145,0.094307307246567,530
10.7086690045928,0.060899811343924075,541
11.502074226556047,0.13568073670200412,547
3.688044665373751,0.190989412663543,540
6.03964754762102,0.042475484080634104,534
7.376661774372946,0.1538867978108985,545
6.3832206147142125,0.20250413922780816,551
4.417785727111269,0.10932417368065848,544
8.571905914957632,0.0692584631804967,538
4.0731882801493215,0.17998485917810625,549
4.71180136774048,0.03946116980427774,548
8.761474602288235,0.2591239889962655,555
4.967099700403917,0.16004452831761848,542
8.853716439318555,0.28539789673819155,553
6.630624265649083,0.22047757593047881,552
2.5937952544302325,0.21592247917020108,559
11.187093804183432,0.059712460025128714,546
9.91148031483576,0.10081068372915339,557
2.5909673482840514,0.19950060860361066,556
3.5918568107394333,0.04129079574003376,550
6.8840696314894725,0.08504338778576981,563
12.250850720915345,0.12403253889246686,561
4.872867974489029,0.1610143601528653,560
6.016226264597736,0.08277307610144298,554
7.7668335778319815,0.05174383549106433,567
8.907759432516134,0.11860822829514749,565
5.83052386851462,0.1312747769938167,564
6.763381449252478,0.09689136959863832,558
11.007163410091875,0.10913202153335272,571
6.145314804456055,0.21329773320577178,569
7.05007849394317,0.10516822034367274,562
8.262924392496025,0.0298403793285641,568
3.1519866090678015,0.06998907408048827,575
10.528721194469917,0.15326572088086893,573
6.264826356421052,0.17882025283256497,566
12.328525503578714,0.07426285443424326,572
8.19465650604662,0.2283606801015048,579
4.306220135009503,0.15722005112501278,577
5.01082125478196,0.2095455224476037,570
5.347758611843095,0.0194673562854782,576
7.311442693031575,0.1540562991676505,583
3.579309458434905,0.08861278914575299,581
5.596877206221171,0.08557628603461971,574
2.6826920361939663,0.18996789445981707,580
11.461781935855344,0.23002549698106567,587
8.738833978973805,0.16824956507941116,585
11.622656537885996,0.05912990940530789,578
5.770544698080369,0.17091570148928975,584
10.093155928191305,0.09195833717231039,591
5.287376771169328,0.21025208764365472,589
10.821140898871494,0.11474250520477125,582
9.684993775508342,0.15364467268696463,588
7.377831765569841,0.08702217014973362,595
4.261512307474641,0.05337932945944879,593
2.9681405970579533,0.10370701490607226,586
11.643830100018832,0.10663368245556722,592
2.9220740002894052,0.2435300762179653,599
10.433773380733538,0.20707087332398927,597
9.720651414135787,0.14616245181799095,590
7.386847212317385,0.030695071200567105,596
9.492226212688372,0.13988227347000654,603
5.219842676090394,0.11892691051581046,601
11.59711524830283,0.06706921021458451,594
6.342722588369424,0.19511925844754607,600
11.74760106021112,0.08739871220672396,607
12.146728708589606,0.1391558465185563,605
5.702770953822962,0.1464360731168706,598
2.962989776000491,0.12315426768620007,604
10.85027506101754,0.06444090907436173,611
7.627639458613328,0.01696642182724056,609
6.5521627003572505,0.047244635586421065,602
11.107581405908322,0.12303538631688136,608
2.976243946710656,0.12156839210115807,615
11.108229241793605,0.14167054587060118,613
10.659035816178001,0.19046868779005727,606
5.967302741883472,0.12759412502461162,619
8.836580139059114,0.1921624560990163,612
8.955238693102055,0.2946646628157847,610
9.848013896564737,0.10183841796191713,617
6.318215159636127,0.23965838882370447,623
2.9497797985226573,0.10710577433039348,616
5.324029646422281,0.2214808387447997,614
3.867283205593427,0.2388074514861498,621
11.657551865765864,0.08302419164849051,620
8.586254384247326,0.13011836716626993,627
8.584025251621732,0.15225440393955772,618
6.450296526536436,0.06891335043289996,625
12.320720538655998,0.017707321482708732,631
4.836254239269185,0.13297272052749834,624
10.20426329776301,0.0703825387449206,622
3.112966787940157,0.09586667513975011,629
11.031507491439069,0.14943030077783717,635
7.722292215205258,0.07890061002526964,628
10.088221647792487,0.15081875220348034,626
7.460494634273051,0.0978015297992536,633
10.324136236078932,0.12941558616636745,639
3.612429938721098,0.03883787154404193,632
3.343848929468244,0.06615333463667793,637
9.402711863930135,0.04838533734694687,630
4.34109313718325,0.15027034687232416,636
2.763500836519145,0.03818095703359303,643
11.51074712108326,0.08413988101701561,641
4.833494987680439,0.15578168626781108,634
5.400124614696425,0.2663043954771479,640
8.559099133026956,0.192406800389929,647
10.497334107090543,0.12063752713368761,645
8.596743808326636,0.18563102149087862,644
3.038523584936171,0.03555254961257708,638
9.731561365553684,0.21421494796093282,651
4.334525952819826,0.2921398697343211,649
12.266808637595503,0.022316722725491452,648
7.324161339749267,0.07693938450938782,642
6.588883709242671,0.013247275619130298,655
3.1375227220521893,0.03448346607415754,653
8.316204401673225,0.27853247012530297,652
10.300638716467361,0.04765642761336968,646
9.232340024186058,0.0755663361311229,657
3.672401549560931,0.2139188595375019,659
9.077518530017867,0.08524970935078816,656
4.136922813416277,0.24123033425679175,650
9.52222586219779,0.09314204081078392,661
5.481070703270934,0.1195966586632675,663
3.692858407661961,0.1378983484664108,654
4.973674669624041,0.22272455689246998,660
11.71917254186003,0.06711986620173192,665
4.187620363178559,0.2198283749457439,658
8.988616137190906,0.11163690397758037,667
11.733943289838107,0.13923494221688268,669
10.381534189572513,0.05642477985321435,664
10.49306499947219,0.15266949581965947,662
3.593309764053354,0.1857883853806388,671
4.104731274323087,0.14966342255790271,673
9.319763415225198,0.19011854967314984,668
6.521505725278596,0.15888890322331395,666
11.100631639415361,0.28149639511687985,675
11.635252505603315,0.05607676212217989,677
9.897179461496512,0.12327885162078728,672
11.872278551334634,0.27843118616958795,679
6.616549907386311,0.13025419768928675,670
3.104639188997008,0.11658022701388882,681
8.320192531087628,0.19358990435591505,676
11.826823387770949,0.08421420760997433,683
11.311018207431987,0.08925296937067391,674
6.814620952387786,0.16612790737422004,680
11.31809148629928,0.06293381118312003,685
8.056318296534396,0.2024609434815885,687
3.437730973107358,0.14609195597538233,678
4.707293527816637,0.07532220348987999,684
9.560035426746579,0.10865578498046313,689
3.82536862377739,0.07042965498805782,691
9.696108076922691,0.042938323876933464,682
9.16199246840735,0.06315131274635781,688
4.607933042569705,0.17856230266980969,693
12.406319141403815,0.1526512419023765,686
5.9634674839401995,0.22757842027729525,695
6.298805548292852,0.11120117015227599,692
3.992386561434791,0.01464283923505071,697
8.657361007864331,0.1562833665497572,690
6.925437354734267,0.028003740178737014,699
10.63093017769818,0.14674590594134282,696
3.805752369647256,0.13365433245177563,701
2.832521360278215,0.0829000935881391,694
9.699667151070408,0.0401317527054616,703
5.863636626645869,0.10893928983363176,700
10.114791744798788,0.04362765788285774,705
11.176188361884762,0.1803499948023174,698
9.945088430376856,0.0847424421372624,704
6.907589993783851,0.06520954229992458,707
7.704490005644976,0.11094602072636023,709
3.488198844469532,0.11416760844465551,702
9.89541834798241,0.2289690388962149,708
9.265322070390312,0.048118925427604556,713
10.242726118687576,0.0870001878248236,711
11.155287851262838,0.18060948927210113,706
10.305394932288968,0.164754613735572,717
4.440959764901869,0.034577134366862175,712
11.312874012789235,0.0485349046478277,715
8.12068400192361,0.17143944936846178,710
11.311220777517974,0.08873420006592571,716
2.739035333246913,0.08085735064800992,721
10.37259676082866,0.016186708217758108,719
8.767469051116002,0.0626430585988034,714
4.661761903341094,0.08269346396974232,720
11.746813716817439,0.1874524375119394,725
4.617591251285191,0.1372572971968123,723
8.368371890044427,0.27809762868432997,718
7.43573758797682,0.06329169453339399,729
9.964078420330404,0.16642630283285656,724
5.845225560667291,0.1598181136589767,727
3.282224401152647,0.09651472530324273,722
10.745885501281396,0.13548953063645372,733
9.231391778810956,0.09824173175687395,728
4.153460262368315,0.11476358353964995,731
10.632195264769539,0.11939021784787551,726
11.826084497579831,0.1288709761398221,732
5.258372515315626,0.20843761041354558,737
3.470315364816934,0.1321569198656462,735
9.158945894258029,0.14404964683181146,730
6.318870679431137,0.043881913536692414,736
5.899204809215769,0.00969103921518652,741
6.718323100113983,0.06200727014296781,739
6.673796414413439,0.17655685769196083,734
6.218591271723616,0.015314287095548551,740
11.930435982721775,0.12031861125241597,745
6.869779766118533,0.11877841815914675,743
9.364140112169661,0.038343525895755716,738
9.611448062944351,0.12244147604877215,744
10.301883932444994,0.05602532558109624,749
8.555425531392402,0.2805317277848495,747
11.129756503481886,0.18121232354541067,742
8.736008965441187,0.22433220489564665,748
9.556673677969048,0.024918867935567246,753
11.729395445256419,0.022115774483234873,746
10.688426291958258,0.17049811473196466,751
4.279546162459798,0.10815711557471208,752
8.913821465704855,0.05738263358353443,750
2.8514961377136783,0.09792117125281333,757
4.16615526083457,0.1851488286449516,755
9.336135240168701,0.1464168998824804,756
7.982283859384643,0.16580090937717679,754
5.785919897680309,0.047971729371224014,761
5.355882762634922,0.187623942041075,759
5.482009948750681,0.0828511622608854,760
7.1754423799530045,0.07826307348052025,765
9.009907324513634,0.0612481597710891,758
2.8052538639080318,0.09154611431256515,763
4.462887638152746,0.1903908634705156,764
4.572149439749179,0.12451294354839866,769
4.485195311830946,0.11858159857116862,762
9.060046078869835,0.129701307415916,767
2.6520156461018973,0.11515641617736566,768
3.263841571072695,0.09464157010175166,773
10.20277767200744,0.12823956498320785,766
9.796020935239973,0.421257822166367,771
4.713699097915061,0.18219007769357978,772
7.461329481786185,0.06192803796033548,777
9.180039800372496,0.08315283888623086,770
3.36994789049038,0.10973362187064978,775
3.333530196037403,0.20510937692448827,776
11.248236881961676,0.1145260109000418,774
6.133570754638352,0.02957205029651629,781
3.103021396533243,0.205057342871846,779
11.960761510973132,0.07695595180605025,780
7.0348423511868035,0.1739355778059024,778
12.257323354241391,0.13086320983850983,785
5.378334748614625,0.19710869031588185,783
7.915497850906828,0.1280249014720589,784
8.891580188283625,0.1763567626283403,782
7.955569680538313,0.05302622570734869,789
5.29204984189626,0.09193180818524183,787
10.967827867205779,0.05447003405533707,788
3.542574117924798,0.13102133294773352,793
5.789210083895286,0.08873545667396214,786
3.0475819412646077,0.08793614613314174,791
3.738716408790914,0.1651496590543403,792
5.007355406640379,0.28188128054727823,797
8.114159136280744,0.08635067992558959,790
3.0579345075477793,0.1257002016853057,795
5.860114978846679,0.11118147714722795,796
10.052853269368576,0.22744073950989396,794
9.087169624193002,0.04067181242676223,799
12.127405841360595,0.061532748116462234,798
