1.1390881376469522,0.18134770413895845,3
2.0430183219644635,0.11514179592823977,0
0.7650747257145052,0.1375048700780104,2
2.2299787914084255,0.11556170992265268,1
0.9877226224391582,0.11065722568603104,7
2.3367976062579707,0.16357617046831624,6
1.556267481628793,0.08628412780134859,11
1.154520215603354,0.16794193821385492,4
1.6454859717882584,0.1578764967030608,5
1.8963684750712393,0.21956235697702137,10
1.7706694372931637,0.08737401429088418,15
2.356656840417502,0.09601813108830909,8
1.2359829945890533,0.05845534902234875,9
1.569304131695964,0.28162124730192256,14
1.7217277920224545,0.020412117266010617,12
0.5628158498537785,0.09149895055465618,19
1.5619664442389296,0.1713137187948627,13
0.615658662737335,0.10212844378416362,18
1.3367889081417994,0.21004213589232662,16
2.471225662143012,0.11391812640654404,23
2.482030862754537,0.12256073186367285,17
0.807127700253633,0.21566158748534942,22
2.4741326472390197,0.13997556977935913,20
1.9092551073083053,0.16578124334577315,27
0.7318069090452495,0.04493751197248984,21
1.6377433840477182,0.11231488652085185,26
1.369988079265241,0.1138046305185956,24
2.3286282233522373,0.06629824155752813,31
2.154069441439871,0.1078872644438252,25
1.0310976803254455,0.09205499081814211,30
1.9675811143651236,0.13997181421493285,28
0.5875049656599673,0.04134485726220922,35
0.8493968870703736,0.16535069556644613,29
0.5528522602980035,0.20116243797429245,32
1.5732456988040984,0.11550314616941415,34
0.7017003729339486,0.10607521152166743,39
1.3839747418319241,0.06955882307697042,33
1.904827941826764,0.17798025421587774,36
0.9103703671966386,0.1575815038111732,38
1.6823052382792514,0.14433377644728404,37
1.4367138737723522,0.22220850130975062,43
1.1126501835755096,0.19695986517856212,40
2.078718552603389,0.22785590388108967,42
0.8771256185180052,0.29794151313857137,41
1.994495292611117,0.028703258288422986,47
0.5283510714627033,0.023704109913811538,44
1.8286515586657501,0.22452675243768835,46
1.599528900273202,0.07219030768735181,45
1.8559945301317202,0.09708435941687446,51
1.4889950878404457,0.15534524176330444,50
2.144769508441807,0.13607719873202273,48
0.7100714696235564,0.051755277644246235,49
1.5236978840902757,0.16671488893124528,55
1.7648620362560856,0.22222034121503986,54
1.8606082003597029,0.08038080551557758,52
2.4378567993177267,0.03804551699508821,53
2.3025788993925347,0.041939027369334594,59
2.439138149073825,0.09445643316062136,58
0.9084198507174095,0.08802424670282409,56
2.2005817831464753,0.12473748628403872,57
0.9597578022085917,0.1080040976083982,63
1.3226793539806256,0.14296625714006914,62
2.168574285946759,0.16662887835581333,60
1.4723024022312483,0.09525735370298993,61
1.9176787481747888,0.042860692498859494,67
0.7579084190937526,0.07707246412590722,66
2.3890132924226775,0.04693755415830068,64
1.492053932430499,0.15710338900443588,71
1.816186353837296,0.1265742668926483,65
1.620130565599447,0.10814434968577434,70
0.6013718028914139,0.24615934095996864,75
1.0725855912667737,0.2060075858125633,68
1.6381040525286517,0.14517436354001592,69
1.3302448803268612,0.07211179966503316,74
2.309690531616084,0.09983831083490372,79
2.0433719309287803,0.11968133638572626,72
0.8529626105985224,0.026006025742285888,73
0.5316519313858215,0.11696051445148235,83
1.3582226181114028,0.019781407359816604,78
0.7684536712539123,0.23811718879417187,76
0.8714249630317776,0.05975022931293167,77
1.4672556722385737,0.029997677589446294,82
2.243473639953947,0.05309993502555193,87
1.5824478162894002,0.0019489914179475097,80
1.0426315360029903,0.259547429700209,86
1.7738091670388179,0.09177653025572839,81
2.48856006319928,0.3783037937927397,91
2.129054671112093,0.07112787593873753,84
2.0916012069956933,0.14542658219873464,90
1.7410943966782002,0.16096225255995592,85
1.8476134444029726,0.07352563870948024,95
0.8720765755845197,0.14063593595926283,88
2.2406130262857573,0.05392085453716801,94
1.3932490399142028,0.20041493352187262,89
0.8052019381407742,0.04515197876127777,99
1.6954441108399496,0.13824437426229247,92
1.1271608589653845,0.1766437725138644,98
0.609734775202182,0.09877717161828335,93
0.6344144418305318,0.21167976242082284,103
2.190562244043986,0.03874977552768551,102
1.7486678388466783,0.3191010243713571,96
1.3241050312923641,0.10194144057029922,97
0.5676910438940381,0.23391425232859647,106
1.6824423023346966,0.17820871818955117,107
1.4014227706131217,0.12926474428226598,100
0.6569289538260548,0.21360671838534118,101
1.6937296122595291,0.09810938051476964,110
2.3758007253103095,0.11127858404962117,111
1.5974720797754511,0.16235454217479206,104
2.200740200278718,0.1704824152442722,105
1.9736202349019372,0.12319551591711644,114
1.045858397281027,0.1632179355408231,115
0.9773510945013992,0.15543479217041223,109
1.065681008569575,0.1431410037844099,108
1.796865485936791,0.12986800118488342,118
1.832479968388846,0.03682741218348037,119
1.0860586620802934,0.09093628050622554,113
2.332099377968663,0.13966579910711105,112
1.0435433192745183,0.05794938030355762,122
0.9220658187095463,0.2155586516139296,117
0.848841623157756,0.16940304382330532,123
1.844486261212804,0.15719588088275127,116
1.2535737057287863,0.11442688358325499,126
0.559029478596764,0.13104084146053016,121
0.8131127269797598,0.12147935240403761,127
2.449126490711376,0.20868349781454892,120
0.5746413312047343,0.1387900559386938,125
2.0061959186842735,0.07544026874214849,130
2.348348175452416,0.06379144955559402,131
1.144895542390429,0.15684953376982763,124
1.854322066077687,0.08767297621940989,129
1.5257621329934998,0.12485036305646663,135
2.3365086004629907,0.030136047774074498,134
1.4244404169439906,0.16533312553421206,128
0.5907692180411179,0.24005483934850008,133
1.187606555188352,0.07873364932882843,139
2.0180090397002317,0.14158748404134602,138
1.6614654330816048,0.09439375829630431,132
2.3784079055662284,0.3128274484407661,143
2.4422596039651876,0.09504940329142589,137
1.2038931327078957,0.14300873455889287,142
0.5687719825288304,0.12852001400748406,136
0.9509221505858105,0.02687509117705277,147
1.8111229701767146,0.24398129463512827,146
1.1371164135262015,0.13183013713614566,141
1.5179683845961058,0.1731119684882001,140
2.0609311041883904,0.060083858446022376,151
0.6622204988728364,0.1965519423436819,150
1.7215229075457559,0.16349238319387704,144
1.5646473945407982,0.225259237250424,145
1.9026234960545014,0.0918587111768114,155
0.5273005553022199,0.1457096808962371,154
1.0803105274439346,0.06607461625305401,148
0.528331058199822,0.15238349547626331,149
1.9582040876030307,0.10241930177182229,159
1.6404380021870089,0.15878445399677402,158
0.7155031983701734,0.1545191216829166,152
1.677076865067233,0.11772616518951051,153
0.858324009199319,0.14738218765331387,163
1.022918147948432,0.1710238930742488,162
2.0441268366459333,0.14322205054711734,156
1.4401485387771564,0.19505443443278103,157
0.868487169842387,0.20012164590663956,167
1.7044194817737437,0.16408234085625606,166
0.5862360079249254,0.1857800730755188,160
1.8333226208878497,0.18100328532329157,161
1.0394039988054633,0.08200615841150226,171
1.4998447414877625,0.07305197480393029,170
2.4282697953012713,0.03287065523090241,164
1.106077257612272,0.04232553689203186,165
1.5620048076610429,0.0887954217831212,175
1.7985052440500773,0.14284384250999957,174
1.1485243466304267,0.01618114559521376,169
1.8896859614320574,0.134814675717743,168
1.6464039147966034,0.2756566609382109,178
1.6534098306669172,0.049164847945916676,179
1.7859385452514063,0.14825616094689406,173
0.5483294946779445,0.1375664323979656,172
0.6024502197588424,0.14310526278816954,182
0.9005303381683194,0.09782744958874685,183
2.36196881929428,0.25760517352179296,177
1.4558635535544253,0.15039331151247834,176
1.1618849881307467,0.09495917847383192,186
0.7894637481361366,0.1240528125324973,187
1.1108858816393299,0.1283381779716769,181
1.8294492324410896,0.14426724498728424,180
2.4370295722843194,0.15706722603850856,190
1.4610281449127736,0.050538377887756,191
1.7228829589285906,0.1515943382411503,185
1.8723128842379393,0.03744126384615832,184
1.4302058208116428,0.2176015034650588,194
1.901374216139311,0.16538282869105786,195
1.3146990677795996,0.12101314407372793,188
2.4757563371534053,0.14452033293486913,189
1.8476657737616673,0.10664752796338368,198
2.359280280484417,0.20589014930833885,199
1.596594662322162,0.20727467652927764,192
1.1098980959518618,0.07454318177918927,193
2.3371991700378203,0.016502654057570215,203
0.9329074475443431,0.04626689227502614,202
0.705335835915994,0.10805972599319272,196
1.3896156077504123,0.09836316180066212,197
1.3828922870511915,0.06583820699128627,207
2.2590287770007227,0.21308410000591468,206
1.5064446362374042,0.02128268397420599,200
1.6736891197193517,0.18359339261050397,201
0.7435923235140278,0.09755340717498236,210
1.633536020916725,0.0853239371404785,211
2.451903359225165,0.09926743570928948,205
1.7470828668874752,0.34992585619100935,204
2.0996927154235463,0.14712470492706994,214
0.9775061975320711,0.07666920758081038,215
1.9619168308877426,0.08598042662989239,209
1.5812199595508436,0.0834649833237383,208
1.2209364417648407,0.27834604772205884,218
0.8635458916347964,0.16735959154383273,219
1.7933023008866469,0.012872036506572544,213
1.3758426494707259,0.07559975997121832,212
1.034095229242079,0.09412563616858839,222
1.4429831308463115,0.05065474088169722,223
0.8041050635920823,0.07758135457883948,217
1.0866212555513797,0.11097930713459943,216
0.8946036181059593,0.17079510395787337,227
0.6481704229568168,0.12018645874511474,226
0.7314871162882821,0.1335636232942347,221
2.425620894340207,0.15305865736929003,231
2.0494061650780657,0.06889718878427724,220
2.0289314819077813,0.14728740802279902,230
2.3356567343562045,0.18734276576740005,225
1.8228332360909472,0.04488756988236186,235
1.8453199437403576,0.14790031585604957,224
0.7853765392990033,0.09412484410771038,234
0.7133190308799724,0.08639441313152132,229
1.1607011309116657,0.1348601152733448,239
1.4153795815297603,0.13987715629048159,228
0.8632933150071418,0.15462865129924747,238
1.9396984615692474,0.19691335495214252,233
1.7710168900158805,0.061274364650730044,243
1.183706447893382,0.061627430043530884,232
1.8147698598500683,0.21570272468714205,237
1.3551464780046636,0.13890792652842587,242
0.7584720978447528,0.1225375113190216,247
0.6058458136765132,0.10268083807015303,236
1.2418720039958107,0.1192442359802862,241
1.6953867479322398,0.1092471124189476,251
1.5186288724473718,0.12642396015150953,246
1.7455374127143182,0.1988048279546606,240
2.23506448261102,0.11132536928058984,245
1.1955926989838555,0.19156728805392545,255
1.4448416947669913,0.07892763652258186,250
1.013763517112329,0.12212181739780913,244
1.8358601902909244,0.16736764638269397,249
0.8517786169548498,0.11912983780487817,259
0.9598933867256858,0.168051925554655,254
0.5918341935129097,0.252982189694205,248
1.5171334766439641,0.07361877543409374,263
0.7964720006057278,0.1648420621759351,253
0.7087828902958961,0.08465886534940298,252
1.5095664974440404,0.2977861302983783,258
1.4172307386875371,0.2523633706889828,267
2.424684367001327,0.26852562367555105,257
1.2220744598392002,0.20499861933250407,256
2.492384277866111,0.06299582874365751,262
1.3718907408407914,0.04675975271122876,271
1.6735305640263045,0.18926267836922278,261
0.7313523577427765,0.12205745823901404,260
2.050749687117897,0.10127886699880446,266
0.5745400343192264,0.20256255824079622,275
0.7079380409751386,0.21878010781879037,265
1.5953875792111756,0.07909113982944044,264
1.4505072052483305,0.05725421752785625,270
2.0165932955430184,0.22536492385376616,279
1.6762159936479006,0.10211245779502476,269
1.2619846303113915,0.14100979297660413,268
2.151378313057432,0.18339455054771786,274
1.4619206469252777,0.11454900107940413,283
0.8349027903674489,0.13571081298672716,273
1.5210093490655285,0.11459668166078335,272
0.8312553836431158,0.056099785760920534,287
0.9302538956022814,0.03572393722951225,278
0.6447440727433218,0.04520524175803687,277
2.127557253385919,0.12682986973561397,276
0.5109189297267474,0.14486800663220317,291
1.6950557615561563,0.10830991276684453,282
0.8624840525629069,0.11115785337728884,281
0.912315720657261,0.08487983240726446,280
1.590613018691566,0.1674002851946553,295
2.048533858525235,0.31819023856234363,286
1.697838118099234,0.0395298303511763,285
2.2022022883389805,0.18723110891002953,284
1.7068767978091635,0.1685028628609304,299
1.4800304858199433,0.2429328207532799,290
1.3178796098964236,0.13730293726423295,289
0.971858813692857,0.14441792896003885,288
2.244759577766007,0.08029122774188474,303
1.433712770867796,0.10977592071322975,293
1.300602762554903,0.07242678767156303,294
0.6330626914400512,0.058379411093132154,292
0.9997235986272566,0.15211118222895906,307
1.3348359161011698,0.19860515798279849,297
1.7020987289771314,0.05468332216814921,298
1.3532894667584743,0.16209117451653043,296
2.4171150843392484,0.1143872993962165,311
0.8871231341985077,0.1096068424032911,301
1.0124134172684516,0.15166946719515678,302
2.392779036878645,0.12376542482841457,300
0.8851436216924313,0.14162584487075447,315
1.4023939184614567,0.09982809613311877,306
1.8441163690681845,0.15999076144249624,305
2.12575292342328,0.20465679052574864,304
1.7669623147778772,0.1603843693078161,310
2.358150171545174,0.06523673463642433,319
2.2137870805596114,0.066115069130342,309
1.6472367266591068,0.15247021060974644,308
1.4658961059097522,0.18798703459409616,314
1.8095915784889383,0.1094107434332115,323
0.615756233474354,0.23262276621310796,313
2.3006337079700687,0.0793068701275428,312
1.183027143113668,0.1333727873580393,318
0.6728267301788704,0.14589426103209177,317
0.7262149075849058,0.20205400952754804,327
1.3935001959706115,0.0434006779219801,316
2.2140896602443902,0.09022294845548917,322
1.6333742230738937,0.13456854723364994,321
1.3545870226031762,0.15703101531287358,331
2.0871965585126944,0.10987547471648013,320
2.0862759575909218,0.04906044731920577,326
1.0700390209062403,0.09148571435968983,325
0.9476313958894198,0.04357352407195351,335
1.2605144116698264,0.07252610058256555,324
0.9804758390846942,0.12274983536622233,330
1.1504746124203242,0.13674423054106238,329
1.1135861987294673,0.2931842257229657,339
0.5469320206923483,0.04197076682506082,328
0.9272692212081446,0.12758195726016805,334
1.4320086472786893,0.17827080857974464,333
1.2232000870352664,0.2605023342454917,343
1.098412115734467,0.19294745000844957,338
1.7068330444455746,0.1229398416462922,332
1.251865183017928,0.10388835883996778,337
1.4274553753979955,0.22838983855856665,347
2.153755137068242,0.18139404945963317,342
1.8582611227283976,0.19011490152317526,336
1.975769954402463,0.2037927018534064,341
0.7459446079733603,0.055315525856053815,351
0.9264123761934786,0.07205428671229845,346
1.1491134211640595,0.07263802302301516,340
1.0778693369083148,0.10793350025663412,345
1.6875402232622678,0.12228901148188974,355
0.949070897790415,0.10724905669640122,350
1.6216036746125941,0.012779137428423938,349
2.362622340772888,0.15492657022219475,344
1.9164825633341893,0.18962230834050017,359
0.7307228682039497,0.18063276770616826,353
1.6206920095159647,0.10010550663700538,354
1.426754841724651,0.3364090718269989,348
1.8737569504681886,0.12162019804252025,363
1.4732855434711467,0.09907232431592139,357
0.8814935658210874,0.23252359288525284,358
1.4218299506353074,0.108098991303896,367
2.0115614109125164,0.010351035933452614,352
1.8948525258978492,0.037137256215238876,361
1.6583740748866465,0.30441207271538323,371
1.898806785140442,0.14304123360086093,362
2.4573297570287025,0.2346345683546577,356
1.4545334908360974,0.07093902555727946,365
1.354875712953713,0.0956155444100606,375
2.3388077682656543,0.07795885145730003,366
0.7441927143731464,0.19783025357075273,360
1.082879992056759,0.07501041924125676,369
1.0528813523130678,0.25723594986318415,379
2.197870369883919,0.029218175915923773,370
2.4550089278673255,0.0322665609315723,373
2.4723846552424584,0.18234697847614745,364
1.6377526373718003,0.12577780984817116,383
0.6773687474493251,0.005577642547553538,374
2.179175470175289,0.05987003414790022,377
1.3646008606814741,0.12417702620983717,368
1.6099398268262226,0.16817004938086644,387
2.349936721327586,0.11895313254082646,378
1.2135069036979638,0.06383789767393618,381
2.4874038695911134,0.2934469633683028,372
1.0136070599925264,0.1236956341974722,391
1.7566286769849915,0.16454304785382115,382
2.061090482016877,0.041818093291802694,385
0.8394960739985038,0.12123189129298131,376
2.0905802134128924,0.13523139762981087,395
1.6106728377954702,0.16953731942163744,386
1.3980375398448317,0.17463029872761313,389
1.8754358567803624,0.09506298585780082,380
2.1467885068645804,0.033230570968131694,399
2.267464701771508,0.1107179235168419,390
1.0568484688826592,0.10393775449550578,393
1.1231921449862425,0.0967928477444664,403
0.7926303422148959,0.13918333068706643,384
0.7114141708724853,0.0736978259301404,394
0.8189147070501155,0.14376233719431364,397
0.7905933723673064,0.19327267810050586,407
1.6092536562612094,0.010945193679564152,398
2.465635822662179,0.16707054195008753,388
2.1368313347038987,0.038822784969899715,401
1.5137552154009086,0.051463137496228745,411
2.175633169338595,0.012732109842517861,402
2.073887165182258,0.1557561554800551,392
1.2114966385251993,0.10507738368948516,405
1.682912018946527,0.15273070994390292,415
1.3616782495637232,0.11351622560652659,406
1.7444691386256583,0.1837844783196183,396
1.2511896423485607,0.08010562134344136,409
1.2725315753651776,0.07671186799077952,419
1.2165315256749694,0.024013908721025094,410
2.467840596720067,0.08601461868744044,400
2.018659363928485,0.14481659589152615,413
1.9590853488291393,0.18108232059832172,423
0.626797357983276,0.17251208145887165,414
1.7317991076866717,0.059232267731045646,404
1.2968761295935343,0.04017835441718637,417
2.205814394354725,0.1535461323759559,427
2.0647976044518144,0.08068906396829495,418
2.107263386493103,0.029783334346843073,408
0.7935643875532967,0.1943824653803458,421
2.3604100258437377,0.03636212380922665,431
1.050609009929606,0.06231994560044094,412
0.7410392825476708,0.18963443150518108,422
0.9604100023206079,0.10851438716265234,425
2.0651542269335654,0.057739177776086274,416
2.0256448970896552,0.12120634639743902,435
1.8397125616879635,0.028312986438562334,426
1.4071541049990697,0.07008233360837479,429
2.0628442818148427,0.2236534081265399,420
0.8078760414533177,0.1575237480352806,439
1.6193563312971222,0.032753462843124186,430
0.6609966864809864,0.1578990336875189,433
0.959864325914632,0.04235532675646069,443
0.6004521310829887,0.09837138882518749,424
2.1592190371500495,0.08781513330270489,434
0.5902141312383156,0.21725461619380756,437
1.336469855509755,0.16229602637289797,447
2.422118110689886,0.1750937100852644,428
2.295405202296512,0.0703885021295592,438
0.9401370709254555,0.1922294426146422,441
1.633600327396435,0.042046708553165,451
1.7139252526866104,0.03921029074846704,432
1.3294585939586168,0.07018405051970615,442
1.1956698614071544,0.1138353971854796,445
2.0337540793542916,0.04118344994310766,455
2.36414771192337,0.0963243147390313,436
0.5893381341612771,0.1084862879521525,446
0.8872226750501822,0.04505729882290582,449
2.199806749636704,0.11773357379790797,440
0.8674330460530029,0.06354428443055359,459
1.5322066380953507,0.22217388615579647,450
2.4068033356719356,0.15931248269178305,453
2.3070970976634992,0.0492048204836244,444
1.5527435240915373,0.07820969660353592,463
2.1901279177468744,0.08549124384157503,454
2.115854726663793,0.12514294839836124,457
2.3667091236199,0.08921316787467624,467
1.4320727950555665,0.1574850889042697,448
2.460217551660885,0.14374788136489905,458
0.8324037347517497,0.1494323540106349,461
0.6072033193358044,0.1083962521819065,471
0.9718693428613641,0.13798624419415753,452
0.9305569745193445,0.10391217791206886,462
2.4036069985384874,0.09737478620320368,465
2.242118144563361,0.025160331848364928,475
2.35160607983701,0.05849539110444392,466
1.2884646991304756,0.2835642437163251,456
1.2198838713845046,0.13154062156019966,469
1.779329550495242,0.26125678653007384,479
1.5214093493480636,0.16655233768600997,470
0.9537737246592104,0.115826165591234,460
2.0005374055268748,0.08131795056987075,473
1.2735207682496685,0.017812754817930605,483
1.2321699699531217,0.022961667720733568,474
1.2485142933463729,0.06360273212920077,464
2.358640941148992,0.1429189530308411,477
1.6091115444802193,0.23073281852218025,487
1.7044681920938616,0.1627214188048264,478
0.7021944992008766,0.0721217496384238,468
0.9586851130965757,0.14110013594752144,481
2.1438282330281924,0.19310134895923445,491
0.7251022413556116,0.1541683299902917,482
1.187138614140626,0.1787041083863212,485
1.2092355306810454,0.05075729737975922,472
1.0279207021028085,0.18947553123288033,495
1.0512839935230076,0.0779247207444656,486
0.8679385051286841,0.184058031367029,489
1.3107726839757718,0.22218066258154556,476
0.6505957207336779,0.23828151963976696,499
1.7926148759667013,0.12581642727271325,490
1.5253772458736774,0.13470676120077069,493
1.4193641546646427,0.04330542345321524,480
0.6907276078512619,0.16712348102397523,494
2.0830987193440094,0.1844603657942549,503
0.7760701607881728,0.10153998591116198,497
1.1336881361136675,0.10339497113231783,484
1.9402208593445944,0.11082179389061209,498
1.2225256397455022,0.16084223766562833,501
1.6745096331932574,0.1238765645116166,507
2.185282133952432,0.04102378800458731,488
0.5158879496962041,0.18412973011571615,502
1.969475143647346,0.03159342029085776,505
0.7547421242240393,0.06666517402561421,511
2.309758073303522,0.09501263772858423,506
0.5034717273201514,0.04607869106219045,492
1.1233314956654548,0.19184097633456357,509
2.080585519045785,0.07151858706225135,515
1.7460875986084166,0.12361235188483233,510
1.8324010861535815,0.12413128490962921,496
2.105466728850503,0.11220583336119268,513
1.2228786492506047,0.21076847001814022,519
1.0758737488953583,0.24899912238923366,500
1.3053270878490297,0.12472858607758966,514
0.819013196171156,0.03548214472687231,517
2.4104187354401736,0.16787702451020312,523
2.2856522255516527,0.16469251384677425,504
0.6964677365814542,0.21407107749352577,518
1.5032702394283322,0.09367570536282274,521
1.3617349440118904,0.15947897468158892,527
0.8353197020785061,0.20703469190720322,508
0.8801604437718724,0.11369130739226754,522
1.3455501123829428,0.08934406314572031,525
1.8793669083820586,0.2783537380612121,531
1.7392016900386638,0.023809683559699136,512
1.1246806645291734,0.2579175305874367,526
1.4380406882869712,0.15108373145110152,529
1.3491679311183356,0.034053737572510255,535
0.7284290423448376,0.1848362066468255,516
1.932447758712394,0.18187208362261575,530
2.266099073432425,0.063973820222015,533
1.8334720663256692,0.2755708977533455,539
1.0770944739507193,0.09373711456668268,520
1.4750039685545033,0.12260971696178352,534
1.7301883016131712,0.06345816365806937,543
1.7694342387378723,0.05435098772741318,537
1.5118942105953692,0.12234667165555975,524
0.86283065190107,0.2910986397556672,538
1.1625243513904007,0.16794447721988542,547
1.1969994831399626,0.05266136617508155,541
0.7172131561885606,0.06970112677653909,528
0.5096863769770563,0.01006348818596144,542
1.2675408070426815,0.16183413048486728,551
0.9728696158478269,0.033563862256035304,545
1.8885988742645672,0.09500548257688322,546
2.224574334541886,0.07804898847083558,532
2.4986289140982025,0.11504887810606493,555
0.5887779581411567,0.12557908215485644,549
2.24625660834668,0.1271007687237691,550
0.9290953322303577,0.23645881151633868,536
1.290158350712162,0.018617292332004334,559
2.2379589508687676,0.15714952194961376,554
1.4162599255472847,0.14505918154784772,553
1.9977708380763575,0.07575299356065691,540
2.360391437429945,0.05386711726341114,563
2.395315887924211,0.12171387277354956,558
2.007387013474003,0.13839100153895015,557
2.401340744942369,0.07574218132242769,544
2.458111596284339,0.10076744612914434,562
0.6596936746359594,0.2468658231385891,567
1.6195537558037119,0.08334765660750737,561
1.2193317710628695,0.15200246511624876,548
2.2730267313063193,0.035138850929684,566
1.8679173577508041,0.1503590942328823,565
0.6380812725866436,0.06878414301256465,571
0.5273627322627177,0.06294257289908574,552
2.4273239842969607,0.08938318876491896,570
0.8504269762515315,0.11674094586144351,569
1.054542539033054,0.08294407649314345,575
0.9153149411260595,0.03562395308265297,574
0.8339676878293405,0.0830357531640327,556
1.7670924621340864,0.12206135861562468,573
2.364877498494401,0.2589314378089865,579
1.5801038661155067,0.0808824032020852,578
0.9453999553815902,0.2076761243125776,560
1.6254711673657283,0.16916943347751523,577
0.7210512128125754,0.05488716602230518,583
0.9497181252655944,0.043521270542119045,582
2.430823305566038,0.21577538525069873,564
1.1052247800863102,0.11124246192462416,581
0.9801124924112707,0.0609872130847982,587
2.421198912000089,0.08512463905776371,586
1.1423061067440698,0.11245164456191631,568
0.7121424931617697,0.231192891303328,585
1.9076382757682586,0.1670869967766549,591
0.8659612713012999,0.09951820561674925,590
0.8726152987730087,0.10045204664313759,572
1.1079319755935126,0.05780939617486189,589
0.6899045616748265,0.21293822798613218,595
1.3631998683503022,0.07822777093869213,594
1.3072641813974588,0.023668277127217988,593
0.5958118445047274,0.30489079361082955,576
2.4130341130977957,0.16005451360119322,599
1.3691236959696391,0.17581459432156474,598
2.1006626503930312,0.06738799422246892,597
2.4131151003709395,0.1160005545701347,580
2.455058182230486,0.03957102569314919,603
1.8831103967378273,0.045543039384946166,602
1.240670660991343,0.1139046904487942,601
1.6553344436999755,0.21654845346963303,584
2.4766297700519413,0.2253633895523841,606
1.9519283237405032,0.17911133158990775,607
1.5001108213649639,0.11612468776595249,605
1.27888348074812,0.06156022531929939,588
1.455384143950118,0.04147793392892106,610
1.399293052563593,0.09123784711317989,611
1.4271560338227158,0.19029501870608576,609
1.4018779036263556,0.16543759948797765,592
1.4714660268812068,0.09622761101516453,614
0.5423207307669049,0.1272928558956668,615
2.4165778147872126,0.11913178246273584,613
1.2891559043358958,0.034236160867509066,618
0.9333085993683172,0.08944026857017172,596
0.8752320343451785,0.09784108927243455,619
2.430024432145527,0.08152919799276369,617
0.898842286881985,0.0832035597574798,622
2.08623617142725,0.2431170667644186,600
1.7386646564093666,0.13960834803573807,623
1.280807689367043,0.12140528296910372,621
0.9136863097790369,0.12896296094635276,626
1.7625779014019392,0.11749718974853943,604
0.85442309851237,0.08707319285520138,627
2.3668115657113384,0.05519948610649026,625
1.1803742026531314,0.11941329563027453,630
1.2973427581587174,0.051977511870041654,608
0.6864156659201468,0.054191824885914244,631
2.463314467139403,0.09815778156031352,629
1.1237789444443547,0.15189624522854678,634
1.896832722078557,0.1427784643629946,612
0.6463219993555895,0.08470372470814203,635
1.2080441347578672,0.013970819335573368,633
1.2613800655970264,0.15813361010009572,638
0.5438209670076348,0.021102636535426038,616
0.7391778119046652,0.07697347469906465,639
2.0208240938277275,0.08852356729970129,637
0.6143465878196024,0.18738101342149494,642
0.9474768830112161,0.13933502558345365,643
0.7339139045089986,0.04894395029229303,620
1.9271956153544882,0.07806291450314394,641
2.3675188794396975,0.10476126274185854,646
2.0083676740442375,0.12875717752292812,647
0.9278002652226289,0.04326344784842886,624
0.6118330833308299,0.0990383386015209,645
0.654543575950449,0.10135601299003293,650
1.1076941860560143,0.049183498241903295,628
1.7499715582268665,0.03572015705211531,651
1.869198334153011,0.0532748888967155,649
0.5204459590251875,0.09861106555662905,654
1.197078164110902,0.08344904061067002,632
2.1602497849798423,0.2452201259193684,655
2.0020864810597097,0.12159871770426314,653
0.5930836164398832,0.08714941373635869,636
2.0858367197015593,0.21390260404630648,658
0.725486736253518,0.09343193006168822,659
2.47448227346998,0.15067919088421802,657
1.814254734477427,0.19293149686334315,640
2.130667913438678,0.1255019461294233,662
1.669518024718273,0.07815916204398271,663
1.5215062374519122,0.08366912860277384,661
2.0129273940830608,0.1293600465317327,644
2.3084101133324753,0.11935641059599489,666
1.3968914846956137,0.22623022583707653,667
2.2643076773214332,0.06973187483816624,665
2.4124538624995067,0.037429055023669576,648
2.4572686394765353,0.09021160876250467,670
1.7807204216564996,0.12612884872914543,671
1.4990445144875906,0.07950483770069866,669
0.8685751566499338,0.2648134168359633,674
1.8615163090613152,0.0198598083615274,652
0.6042883940763264,0.06340993912009608,675
1.2042992005282644,0.018149310990461194,678
2.483114336753877,0.23438430435606383,673
1.2096807159465706,0.0653571788057981,656
0.7830396746700303,0.10082418965727831,679
1.4004084769035932,0.06833945069237128,682
1.8436966913296224,0.1617809114137888,677
1.1867125946209107,0.2149143274409538,660
0.5456395662116729,0.12668927454428155,683
0.5480233215710968,0.06915086778530614,686
2.124985279241642,0.11106540464570358,681
1.5729766393528992,0.2396413539896831,687
1.7604457571589802,0.0385701600520111,664
2.42522982818894,0.05289330196898126,690
1.0933648896309829,0.06936314293310424,685
0.7307571464795177,0.20585240988767303,691
0.5925506551792052,0.20084385939667398,668
2.2885817026058275,0.05057987428160581,694
0.8882899447195329,0.03936870561452934,689
1.437299123934219,0.09184953640875243,695
2.1887323969912806,0.09666874763042999,672
0.6764951615910173,0.16767911419491272,698
0.7083758443189574,0.14726603831952406,693
0.649200752517676,0.09941611294123529,699
2.4682736088022956,0.057308189771671875,676
0.6353430061141869,0.048347470519297164,702
2.465682238134061,0.04255640971536616,697
0.9404600300068988,0.2264483614927576,703
1.3225086114073095,0.1323792649429402,680
2.0574227257117146,0.04625468522495693,701
0.9351784790788533,0.06737545821145753,706
1.1706002313357058,0.2793891746529835,707
0.5183973161318398,0.11701675470926745,684
0.6116916250153948,0.05621690818518169,705
2.2796308407758437,0.1391701398215933,710
1.9902399861168991,0.06955236045888459,711
2.1943565327768653,0.20729116436124642,688
1.1778094227953595,0.21427967620389246,709
0.7755647526173539,0.08128880758720952,714
1.4367490310428332,0.2846891442330995,715
2.3314276881478397,0.05107962957094711,692
1.1556804293084182,0.16419208628675014,713
1.4535310773703716,0.24656053269076997,718
0.6824381260055312,0.027701544669171255,719
0.8610795082995104,0.11476429569867122,696
1.570892033026785,0.2202420613684246,717
1.0149551308909703,0.05993935832789098,722
0.8056573021716236,0.2925441430969897,723
2.1439640348328375,0.16765548463569385,700
1.0501240033441435,0.11172144790890748,721
1.2478363903503946,0.1104157371743902,726
0.9464717445528197,0.1848080839525351,727
1.8536790438990112,0.05706893913296238,704
2.160081660211574,0.029011392829770985,725
0.8966003507491749,0.09485962092729476,730
1.8286137966668703,0.05357742307319211,731
1.837635519113964,0.06971305124030878,708
0.5644205932867259,0.03280287378173538,729
0.6889285576376494,0.16985660750952444,734
0.831330278928442,0.1275591764513194,735
0.7631510535568973,0.14180810136852448,712
1.9949594649101619,0.08090440884278215,738
2.2999070181914036,0.10620402570364935,733
2.4459767127027785,0.06498353806040318,739
1.108528029162167,0.05937114200450107,716
1.3610208013381018,0.07604806590926168,742
1.9770616600697983,0.03767820078757413,737
0.7880364054753186,0.04315335931685126,743
0.7597513682281969,0.1560561634779287,720
0.904641114536713,0.18066753076532055,746
1.0297976543591303,0.07925719828776748,741
1.400257555940766,0.1575298133761973,747
0.8120070895246854,0.10747108458590121,724
1.606786964252702,0.3039319104333058,750
0.7373359804606481,0.23162967643829094,745
0.8451861721514207,0.04209365510324489,751
2.047422199602845,0.016736514539321002,728
1.3025083134196758,0.04562362557320118,754
1.2775362138604696,0.1269392612191034,749
0.7646731417000521,0.11981305352022331,755
1.4322583357052419,0.1744150478781425,732
1.8723257288492579,0.1565754322110028,758
1.6003072481216625,0.10874823450389673,753
1.196524873122304,0.10916893420583812,736
0.7942216833320908,0.15125445968085366,759
2.2387441206782848,0.21397372286365288,762
1.3625725535149587,0.10579008187103522,757
1.463610302889841,0.1551059753484655,740
1.1263538775143733,0.13419854446701165,763
1.0038176341523215,0.14041862561601892,766
1.0607329038312343,0.10828530352782025,761
1.9638367771416443,0.214910446623214,744
0.9305848249832587,0.20466466098835592,767
1.3093750872577827,0.14659319638830937,770
0.9108990526431975,0.13061181408253358,765
1.645517480589657,0.179574185232369,748
0.782618768651276,0.16710946261959125,774
2.3822220475087557,0.11941498617209806,771
1.6407685508708452,0.12978747527653947,769
2.3825590216025794,0.04987629419358406,752
1.8043823685682925,0.08542078710157287,778
1.8983906677796478,0.0934935244806629,775
1.6242569509057112,0.10019160242622388,773
0.7260496265905005,0.030786121316738087,756
0.707861027136472,0.07409254322187758,782
0.7229683737918593,0.15197741006114543,779
1.5860123283268899,0.15526211608738097,777
1.340290578900306,0.13804267985326052,760
1.6391151450702062,0.01951724330967647,786
1.1768434245580013,0.14288262784419037,783
2.1230486315326202,0.05232829388503542,764
0.6487642389776733,0.08099266031061403,781
1.3364083390446642,0.04626723446656959,790
1.9408818557007055,0.10521871582227343,787
1.8205156434068794,0.08488739698868684,768
1.2975429157010596,0.08197752183143746,785
1.2105991912098082,0.08082261885034868,794
1.7665242709408948,0.08584669079231548,791
1.5353171921043614,0.25381396498512465,789
1.0078314512959,0.1558997942372563,772
0.5993090892820048,0.21855150227270076,798
1.1302921439992402,0.09217936171529603,795
2.0028900959945455,0.10808387048833419,793
2.177179750291456,0.142953972743579,776
0.9148834115811237,0.09290266497541783,799
2.1196163336746485,0.1065713282205635,780
0.6119479557369081,0.2251300563351095,797
0.8757036852548647,0.09812053798768411,784
0.5155544205211269,0.028900735885917756,788
1.8258251474824976,0.13219371330644347,792
1.1410410600850902,0.18689033320426776,796
