2.115589262374189,0.15560030501695213,2
1.7572069024030152,0.15234774710076288,1
0.8788811256851956,0.24933712224037521,3
1.1507785557753996,0.14863247718603936,0
1.0326270660781385,0.035915856052694844,6
1.2423725015534313,0.14870441922861338,5
1.5371787626338802,0.12311585143110096,7
2.00454010461607,0.11910076354423858,4
0.7000531624972397,0.08703256164730568,10
2.222334028183039,0.1465037283310537,9
0.9198354345483746,0.05207964904690922,11
1.7173508875062546,0.09740571929642973,8
2.2558087673906213,0.06955569955360884,14
1.366149352228295,0.03206914765563712,13
1.669072993292361,0.04534608895833003,15
1.153881656703893,0.11851531164524674,12
1.0612586119424083,0.0602836755771852,18
0.9955280166229037,0.06118399378426405,17
1.4319861232355635,0.15072632169830796,19
1.912925411451367,0.0893730503715563,16
0.5646985608570985,0.11319802694874413,22
1.9466293198139168,0.09381314315039077,21
2.087505829388855,0.09393121874444421,23
0.600219687976598,0.1664577761227783,20
1.2776797739407733,0.12844861312553718,26
1.5487216494567682,0.19818862702211307,25
1.0674650789694204,0.15091590053459292,27
0.6150844673103351,0.09096951918248275,24
1.9645172914848628,0.08494248456019296,30
1.7893615940964795,0.061389749405695464,29
1.5413724724673852,0.10688746754838248,31
1.022236594950536,0.07672958426234379,28
1.5902084431449568,0.18142504208397014,34
1.310119965906057,0.05076428969692234,33
1.8549757781974199,0.10333462892880607,35
2.4343941868920664,0.18635016309751254,32
2.0049404659787164,0.08090196960115356,38
0.5678724685937813,0.13023350808504516,37
1.668293165272042,0.06333408887983787,39
1.2573922632472054,0.24915464342120375,36
1.5065764353274624,0.10946563639597172,42
1.8156746931583883,0.0994888126917051,41
1.5179186660328419,0.15602287104547863,43
0.7946686086717614,0.1396207683110433,40
0.741116865925451,0.19181403659839216,46
1.4593812288448544,0.11440635127132,45
0.9451387075652313,0.16066050305534196,47
1.913997902803364,0.0735036566163725,44
2.438518537834351,0.05196654276737189,50
0.8366171394538178,0.22285541822284816,49
2.4868842564613898,0.16346760935400073,51
2.113652762025302,0.10925883799293568,48
0.7768239689419671,0.08771943810789716,54
0.9500666408093985,0.137255008024326,53
1.259337388390834,0.2107777250095511,55
2.3154078836069205,0.22392851338976538,52
0.6728163694082503,0.17802717324353978,58
2.186095573044364,0.110558011243198,57
2.013660051598594,0.08630089913798389,59
0.7149251940756265,0.04695627436723882,56
1.6415264070282238,0.06867656689504448,62
2.0128829877738714,0.08872873293804383,61
1.2099746706698618,0.006735081199151047,63
2.4965002003781622,0.04973910698386161,60
1.6233238764877709,0.1411861046639116,66
1.5387881412365019,0.2515536621976845,65
1.4561384030384412,0.07431005463298117,67
2.139627944104406,0.12479804775522418,64
1.734985036126807,0.02692053877714969,70
2.173339198035699,0.11705931886028265,69
2.2731949620631537,0.12385988687902078,71
1.4688821200136195,0.03946117184785728,68
0.854908029794414,0.028353719571588488,74
2.17947948884748,0.21291912338687768,73
2.2916088686460725,0.07516260306304126,75
1.9164036951421455,0.13989816284831902,72
1.3683233855567698,0.16410935329092302,78
2.170254877893724,0.0663403361684867,77
0.9291438861767889,0.16426855564474566,79
2.197824011416121,0.22329637966437793,76
1.9243079248986463,0.1411480509675172,82
1.1026969996061415,0.1944650084166365,81
1.0196769857165322,0.08800084633337264,83
1.7656566009401171,0.0808570493345267,80
1.27708636522365,0.07907593733327815,86
1.5027156310662495,0.03306635211626398,85
1.2995394472938249,0.2031931604552201,87
2.027319701455681,0.11143494211013119,84
2.0949744809803654,0.062430571459751165,90
1.4706024767634722,0.16115661816170712,89
0.7121117175177243,0.06960607897479314,91
2.2009370642914834,0.1460547840616605,88
2.2048493936359908,0.031378304810681136,94
2.097698690436525,0.12869715732032777,93
1.0613727651079337,0.15913767546749236,95
0.7878074053402191,0.11895981414651569,92
2.063976757019534,0.15393043956766223,98
2.3490941572013284,0.03096722055632539,97
1.1484861645852937,0.09909918808780917,99
1.1337042785285818,0.1299335545358512,96
0.5708180831503848,0.10596683498056225,102
0.6050915698822001,0.06681671636564167,101
1.633862178222749,0.10013252640258236,103
1.1734667663698253,0.1630947215856982,100
0.9995080289757565,0.07198676465076662,106
2.443288470891843,0.11417723417225377,105
1.8895624167493772,0.03472094955857738,107
2.3251665535662727,0.09409311947804554,104
0.6302516012893393,0.07660128105924925,110
1.950567168116716,0.06126960414818741,109
1.0366833295028808,0.18409086971791538,111
0.772182863014711,0.14587178931167458,108
0.5920578057381507,0.06758217149381869,114
2.3144587353892394,0.15959162482253145,113
1.8871446413340731,0.06172116395918336,115
0.60803408093895,0.14979603788620532,112
2.198754730274026,0.09124839605473069,118
0.6439770001954994,0.08296080117047623,117
1.0754504466825234,0.037478944942636934,119
2.1040697988000048,0.01830159054448691,116
1.8685068795713962,0.08721844896496302,122
1.9690011717458271,0.20106264908561397,121
2.017686073476421,0.021177837494277697,123
1.4332853931462408,0.19663178696776956,120
1.1239011644355075,0.021140460034111398,126
0.5920149734275884,0.21734371862278412,125
1.4481100113855114,0.10924750224725262,127
0.5624422084891791,0.12446240882547943,124
1.3708973219577487,0.15240750278839413,130
2.123173833470071,0.11723938416955137,129
1.2942253735951812,0.05293482711268227,131
1.7633265696755578,0.1803340201709078,128
1.6257980720565905,0.09308965073163376,134
1.9442291331196393,0.11636463077146711,133
1.842820758691502,0.11054186129379096,135
0.8012118270122055,0.16279347059411844,132
1.3461361558244616,0.09138983919872647,138
0.9600190692916983,0.05360645024860668,137
0.6710227744700068,0.0943534847939545,139
1.4463309541609737,0.10217278829262799,136
0.7135525390808874,0.07586506733177599,142
2.475995808541751,0.08398827704072728,141
2.1263336133055777,0.10316811577544856,143
0.6070193759852229,0.10691514156619762,140
1.9644134311798376,0.09827757583447476,146
1.5239241341598007,0.19297098636132307,145
0.7004779343322962,0.07046049877003124,147
1.0541679522851417,0.1577025499904345,144
1.5033258712644182,0.22703882055456998,150
2.4696988059861438,0.11008924600142625,149
1.734033373803448,0.3095209398153907,151
0.5436445750128895,0.09375450638198769,148
1.8926007076712876,0.15174836835236458,154
1.445039692036415,0.07125065984391364,153
2.3046658677891108,0.06181638408306792,155
1.730707098796178,0.346166954575957,152
0.6331419218058933,0.07350163472008574,158
1.855506417787062,0.1978331268274496,157
0.8239811339728069,0.03936742283918849,159
2.4651331721992102,0.09419231489371546,156
2.118324842224019,0.14118992831094337,162
1.7342098703410853,0.18644043746776173,161
1.0898273069248452,0.08207184366311454,163
1.904072469063911,0.2058603887091568,160
0.5839826992536077,0.05998316928312928,166
2.12646227358686,0.11614769525927811,165
0.8070370653420773,0.13718656586391187,167
1.8262174354853193,0.07585110856261862,164
1.2777743294027053,0.12486623578157681,170
1.6369321919120532,0.09782519860712557,169
1.591092385337503,0.0995756582832721,171
0.5355362749977761,0.13558318896545138,168
0.8458507406188795,0.18467062988263697,174
1.1128445737218295,0.11880693883457456,173
1.9566700207197414,0.04380866247421259,175
1.941666309530655,0.12067496445270559,172
1.5029409440128114,0.0634424009511758,178
1.8751340466654842,0.10804121927910651,177
1.868340923451938,0.1077689410352874,179
2.2648360294275562,0.14090790624466637,176
1.2408142789055605,0.158952529893657,182
0.5270787345081487,0.09180172757289129,181
0.8716148282577689,0.18725299137041307,183
1.6824230471000934,0.032053710740670115,180
1.49582239334092,0.11879073900991269,186
2.3662580201296315,0.1681830995377478,185
1.0167201184673433,0.028670957308906005,187
2.4247851457133742,0.1062497951211292,184
1.6915200051399601,0.17648768209308374,190
0.7615501662626689,0.050614157948417886,189
1.7099695954798495,0.1592074197854073,191
0.6185294139396129,0.17180432097658704,188
1.1706725632513648,0.0787020678637397,194
1.772096819235386,0.24705337473518305,193
2.117419033125101,0.10125640144733397,195
0.7247700948577638,0.13364580766130044,192
1.3661336472668775,0.09531071894783005,198
2.3350376791676046,0.18019817127711202,197
1.5435900837850756,0.12138641216869797,199
1.394848775384742,0.08138691698341136,196
1.5912701040441617,0.1667391271421903,202
1.6448488563655028,0.208443336953545,201
0.6201479493357596,0.04286605684984642,203
1.1353898896610242,0.008814446265156217,200
2.165294084995188,0.21196688151461396,206
1.6129968910072066,0.1338487143329241,205
0.6459852890311009,0.17578155561504438,207
2.2847932063252507,0.0854018646211786,204
1.9855187183670242,0.10618171203405494,210
2.351600928581508,0.2522268673507705,209
0.8901837214684398,0.1518790253808331,211
1.4420154450004268,0.05372198290941206,208
0.8051877959843192,0.16035416423317808,214
2.0899214880493933,0.07137642071985648,213
0.5639820955454424,0.08824856276446215,215
2.2390746894408693,0.28188918236271854,212
1.602971143037561,0.21266770723784578,218
0.9288106757199162,0.18431582201737168,217
1.5650467250895408,0.13565124791490935,219
2.2856381127982877,0.1646735675613203,216
1.0161011327571703,0.07162082422831788,222
0.8336073721416719,0.037699693057557215,221
1.4606435709607506,0.1454123266312316,223
1.8530911814012725,0.09252235202787715,220
1.7192837337181701,0.101378013096947,226
1.0492605013497398,0.30965209494934953,225
1.766183630622971,0.1598573518008806,227
1.6883147479307237,0.05773403471735466,224
0.9948321998649088,0.08997194918610261,230
2.4285207679760425,0.13838490084537033,229
1.4211071734321077,0.04695652128477332,231
2.037953550203887,0.1508420702175617,228
1.369728624697118,0.08159889902998989,234
0.8237973840251716,0.08316503859835365,233
2.089065657733604,0.1831143842152969,235
1.2576543001113094,0.21043543025232012,232
1.027051420793896,0.06118352601947381,238
0.8444688025473945,0.18323360591996785,237
0.7484376556964054,0.15039642543312465,239
0.7266807074643842,0.05022701258124962,236
2.4476482633184498,0.189198013571532,242
1.5454663011098855,0.12316980952123549,241
1.15597532400495,0.03950015202063584,243
2.483944566549487,0.12447450343444,240
2.268264668977229,0.1552662047911756,246
2.0665015933862922,0.1802906354427213,245
2.1487510149224205,0.09025669012100901,247
0.8526539435521046,0.164398339005969,244
1.1930911267389261,0.06233973887536714,250
1.2124111596475906,0.17057918763762647,249
2.298267772715568,0.14370546177543247,251
1.4749394645151022,0.0865242179396018,248
0.825772460733107,0.19139204959928324,254
1.9435992069871961,0.10574934910736267,253
1.9431547642897933,0.1130521554779437,255
0.6427012159393188,0.08524286484443061,252
0.6735973601288778,0.2005184595096494,258
0.7904939558510258,0.09470514021356742,257
1.0927335152897708,0.13973923865328577,259
1.2574762180345807,0.06917830279878145,256
0.6025896328268274,0.09696620686653457,262
1.6497993937070918,0.09386694431305574,261
1.7701028050829666,0.16248382890213628,263
0.9501553742926654,0.3578771142494711,260
0.5029743871830616,0.19286544732310346,266
0.8139918749757731,0.19066786145899173,265
0.7724043619207948,0.10516000212728621,267
1.5329135587617975,0.0637848591603201,264
1.7145737509814123,0.11209317969574129,270
1.2248533320429105,0.09679251521590111,269
1.3640573270399052,0.15630675443545416,271
0.6011850746124618,0.027412219409957167,268
1.4887167143773612,0.016449056077288658,274
2.435068953173407,0.14045738277934702,275
1.9083643841171676,0.19456973894731325,273
1.1702529567126223,0.04422584646032178,272
2.0735814325398603,0.12728427621161295,278
0.666344934976135,0.09904374395388135,279
0.5325495300560765,0.043033329793654096,277
1.626363387718547,0.049202073480427634,276
2.0359169357860347,0.15403467585337854,282
1.5071153256851384,0.13028328195770242,283
0.8297900187991194,0.14489227254093215,281
2.455264987773305,0.12967790470806057,280
0.8059938914253382,0.04891822689897882,286
0.7708210889900524,0.02721820679297758,287
2.496324486338821,0.07724445068842725,285
0.851838802962936,0.1767977778277069,284
0.5984730060592474,0.09503290495032515,290
2.4969491487647733,0.1614158752282412,291
1.7136644998000898,0.1515881839307038,289
0.8345251635743944,0.13532355734356083,288
0.9463922762211556,0.09359545686603145,294
0.7753992342531217,0.057427117392772634,295
0.8451711802275914,0.13914660943750193,293
1.151836640214698,0.21874601686911502,292
2.1303698693180335,0.24800496056730098,298
1.1830860696106087,0.1904348933828034,299
1.9066354303718955,0.18019749721091546,297
1.5815524207975813,0.278189379974684,296
2.4763075893098208,0.1506829494746389,302
1.4916389095963782,0.1440682778492764,303
1.8211079274786803,0.1538278796887598,301
2.330666969745275,0.2961887739577089,300
1.157348935062309,0.028400551062194707,306
2.3572644204147575,0.16274373041190948,307
1.6178329522319432,0.15808398635297496,305
1.502938502103857,0.09068699881566472,304
1.6153366523245627,0.13869130869201882,310
2.126811930105194,0.15762355906466907,311
0.6663082032092005,0.16929107552025743,309
1.9973809789830668,0.06044315262241287,308
2.108599019291107,0.1608009204302171,314
2.0953549325801055,0.11813199761786893,315
1.8507369694217592,0.0655168836330297,313
2.0179927222913445,0.12372857671069465,312
2.181324684982994,0.07314723893777801,318
2.2037132333466136,0.050524444657796486,319
1.9697828726158193,0.0777016744195356,317
1.8897630760586215,0.05091474126200336,316
0.5197037633776425,0.1402345033498564,322
1.4966889182516205,0.13268749491358633,323
0.5957072110880111,0.16975875366221993,321
1.3322480858559889,0.18529424765680638,320
1.7017942246244444,0.06416195600281156,326
1.8965070932498427,0.2191662392625185,327
2.4551926942264144,0.10637422080944113,325
0.9411541475315872,0.11701001022420017,324
0.8201471640748099,0.10215672584758716,330
2.3735468368015775,0.10591044988899093,331
0.9381755544520232,0.0840580023535999,329
1.4918016130239644,0.15281742471853266,328
0.8655957400031833,0.1449977524240019,334
1.0142995314395458,0.008279158237392172,335
1.1385345381122607,0.21298650225324436,333
0.5560446226571603,0.26584652915277274,332
2.0980854750706657,0.1324100084108587,338
1.2720318055421622,0.19882360161477652,339
1.7366254601356983,0.12629722429094714,337
0.8387558619553797,0.14611489208823356,336
1.4827105922158537,0.18663280413969882,342
0.9230964813318732,0.04004738247197075,343
0.979307059539138,0.11542064356322142,341
2.169448831103615,0.1502702352039016,340
1.261037722680606,0.14270969228552816,346
2.1570119203066955,0.09188402237051371,347
1.079719627353562,0.14980928611955976,345
1.6460243380670991,0.09937547435463315,344
1.16824736948666,0.09341609924606803,350
1.195978762641521,0.09234457187145362,351
0.801848485104554,0.1429853301510578,349
0.6677424429212104,0.09449750711240959,348
0.9810694597177989,0.08908006681708704,354
1.0242520795309114,0.0829522833536751,355
0.6537540714052552,0.11140909090301346,353
0.5055420646245314,0.14829530288850457,352
1.3459292612559908,0.058681545799701286,358
2.212071404902601,0.1468921851339085,359
2.488923745090113,0.1706139160361083,357
1.01792235086726,0.2682517805625519,356
0.6129678583374008,0.09622992802391286,362
1.5706002096530023,0.11608165940508142,363
2.2785953478331034,0.10314216990352328,361
1.223797413091543,0.09814183561717894,360
1.0153534344888342,0.09122598549262424,366
0.7337833955225053,0.15117801857613825,367
2.3647822500322464,0.08768014263345059,365
1.928768886188461,0.1507193317454001,364
0.7500936493466994,0.03997676638532349,370
0.5338364605207477,0.08615205466544519,371
0.9232018608991179,0.08837864300997363,369
1.6985368143812773,0.09290515907696284,368
1.6482829804237982,0.21311219342494298,374
1.4595667531588423,0.11322410373157712,375
1.2298132238627213,0.13026445665261474,373
0.677548864989143,0.12744135318871616,372
1.1715891655590596,0.09193793851964926,378
1.651041837806146,0.0772550006686523,379
2.2487399484687876,0.10302593943615311,377
1.4010769413030266,0.11959252458066082,376
0.5576872069449288,0.021225035914626968,382
1.4160567663926926,0.1033454109026434,383
0.9635315294613536,0.04790419666780935,381
2.0243874952003527,0.16322130051927775,380
2.2384155370751877,0.10778920605583042,386
1.4476935082133977,0.09555614676456309,387
1.6064525484962207,0.12113633241982769,385
1.5578472751621792,0.08573754486146912,384
0.6884924832780892,0.08336234843950084,390
1.1775032660284528,0.08010067072062191,391
2.207648240284267,0.09950435790462343,389
1.6698810846245067,0.2755708238372028,388
2.306470408515201,0.07128242706387716,394
2.2967140470221965,0.09270489684198803,395
1.3753942438978195,0.029214354685580247,393
2.33024563616381,0.04937631968877597,392
0.9459779594466378,0.09613921112938634,398
1.2684527581600835,0.00608425014517114,399
0.5041874258720458,0.06740323377246209,397
0.6312545754979975,0.10848661768047013,396
1.768600750203151,0.2944396359848322,402
2.3974821906453405,0.10172540611190102,403
0.8209043251136865,0.06208352005704673,401
1.7848147790381992,0.13911282115885326,400
1.4460586184117121,0.19520099314460726,406
2.069063296016976,0.04198944193031024,407
2.1126132745291653,0.1337712278722641,405
2.0022413207770806,0.11004103907167831,404
1.8805528920306775,0.09859792310888535,410
1.390858786459763,0.10332847543384992,411
1.857536799349848,0.058731175295269736,409
0.9086589706767203,0.22044570349843504,408
1.5653618214808713,0.028116758371436235,414
1.0462482032673468,0.07346471649380633,415
1.1582545305867231,0.06867566973976989,413
0.7489399196140785,0.11701751506758823,412
2.4263395546288935,0.17508223835406367,418
0.8542430470295115,0.15153920305889035,419
1.1084513809598362,0.10418919746254716,417
1.7897012327037887,0.10770738922238393,416
2.1313031366120354,0.056786315996442786,422
2.2128585721770806,0.10918459903775302,423
0.9492638782885452,0.09701812734206207,421
1.413459752429624,0.0867967117332391,420
1.485982274632844,0.02547592183394717,426
1.4258228088322278,0.20877494276747446,427
2.100995506453221,0.13986082307183945,425
0.770111380607587,0.06615215164600077,424
0.9391900749926758,0.2555807658938474,430
1.1027298524399822,0.24256121968559224,431
1.4157914269279364,0.1384460419609663,429
2.203881234678619,0.046519048382504286,428
1.0437007655801365,0.08353894297951471,434
2.2313246132913767,0.11174958701169142,435
2.0537952220462423,0.3193929169532459,433
1.358029201856548,0.11948118605553473,432
1.6377697431024505,0.12350324366779308,438
0.7660527603790066,0.11856568611365258,439
0.706726555621938,0.19558170162938587,437
1.149092594559123,0.17914194417736581,436
1.7815783087183623,0.1254478066997205,442
1.1328745669195204,0.10249165708854197,443
0.8076914255918686,0.08274523402005994,441
1.2955917654457376,0.047714528715541875,440
2.450417701197537,0.08508210962117982,446
1.855656242288653,0.03433931772947655,447
1.6557214224421157,0.05108072018836127,445
0.9283269408884238,0.028466895760759187,444
0.549683316270041,0.13168736338260828,450
2.3381223824088675,0.08097646514395541,451
1.7931770166773253,0.16034642089007375,449
2.0564484820133924,0.1223838711662228,448
1.8425009285753338,0.11398191911371791,454
0.6648797919055298,0.07041780347617181,455
0.5097387351257603,0.10088610840516642,453
1.7984550483186057,0.10891209933233062,452
1.0760087776939402,0.08562935150853024,458
1.8729571259870628,0.13012876816729943,459
1.4545998649727994,0.21700551766788354,457
1.8966702858169704,0.16918767793446582,456
1.475964165348741,0.05343331487394235,462
1.8372636461144103,0.07681839188512514,463
0.5721985021731397,0.12600694330684858,461
2.285516404130572,0.17478309727635963,460
1.735053348694418,0.2021786222724205,466
1.3031030298859887,0.03241838368536298,467
0.5454669995697679,0.029685333732003095,465
1.8972553257754006,0.14650096538504306,464
1.3930176133107643,0.03704904598729866,470
1.5174420080392084,0.11735268870543712,471
1.3887437199425303,0.06717972145624278,469
2.2967575977801626,0.11376383941062945,468
1.4417572896222348,0.016815430355040167,474
0.6330885141985365,0.11052487074499968,475
0.6814018919285596,0.09236408621595153,473
0.9710562288890323,0.060697058167660814,472
2.125107133606517,0.0937942215530928,478
0.5571824158803744,0.06812213599254914,479
1.7927969246040276,0.2580335409955969,477
1.0476891820455712,0.09220724321937729,476
1.9649538328230363,0.07348738596745014,482
1.0688640990093494,0.07246743450567293,483
2.4046519813304057,0.12240392315221323,481
1.8855592032084094,0.0519795191651653,480
2.150798707795994,0.03633156879201451,486
0.9593652257871346,0.026531078530479476,487
0.6745622700887646,0.053298565942681536,485
2.4662651805090903,0.14528869264324787,484
0.5044293352386653,0.07336696438844274,490
1.5371794441525555,0.14536906203664424,491
2.373172439586944,0.07664026968925924,489
0.8238774407212319,0.1390048398938858,488
1.4997205358748924,0.16780854416115148,494
1.4488643152674832,0.1752849890442332,495
0.9712128949316543,0.09993169850864446,493
1.7122945407554162,0.14957973399754942,492
0.6369431225538826,0.1554154691407042,498
1.3526478218278555,0.1581557625018883,499
1.300905779298881,0.19214445289105136,497
2.453345995646547,0.027802473826092834,496
1.4231477648541064,0.15735799818496318,502
1.4785399531429966,0.12847907227078323,503
0.6756464733223537,0.03630186597868192,501
2.0027825269530366,0.11832940547476983,500
2.4143112791661343,0.06528212131393524,506
1.105884951589721,0.046392132340321586,507
2.06921004188662,0.03593963992265194,505
1.35380596209527,0.04598550372051711,504
0.607320419662396,0.10935119624499962,510
1.5690506466825596,0.22813155188993287,511
0.5252463257700821,0.029874057499341918,509
1.410927944094479,0.05011590466728423,508
1.0578136851879645,0.25116298102674917,514
2.120136866673879,0.19003439734588246,515
1.563556050445711,0.06329115748994928,513
0.7262144140934912,0.07298449505738733,512
1.56856654306953,0.18572681175109143,518
2.110274932728055,0.13626475316200024,519
2.4369541804901713,0.07286282424888589,517
1.5576339214209034,0.0507205237737903,516
0.594568209170766,0.05241383164362341,523
1.1599557547586434,0.07986653342659772,522
1.4241817831063934,0.10995203767885019,521
1.3498348416378254,0.24189401775432767,520
1.0802093925120304,0.10622556022379648,527
0.7112711391662203,0.027075984003958053,526
1.529021015922749,0.10813155582801165,525
0.5098582676109655,0.06553512989150849,524
2.036521048651312,0.03365428827101914,531
0.9271842923065123,0.21568972768853004,530
1.2431789331638239,0.09996253618939727,529
0.8756707286468772,0.06914315613546747,528
2.2916194116807853,0.1384346755242017,535
2.3586949114426803,0.15680270512372418,534
2.499933092107761,0.1317102340628082,533
0.8570617317157387,0.11358440010548815,532
2.26117162111119,0.0809097364234255,539
2.2237421429613056,0.13584587558312755,538
1.0731130310187398,0.1507927972734019,537
2.305535984770898,0.03564557776065512,536
2.360171812654248,0.059401364272405194,543
1.1406996592329888,0.10294102866156876,542
0.5852490216264488,0.053939757582464776,541
2.382556532030445,0.12554154737553255,540
1.3835874201529994,0.11648703952170195,547
0.5529877946586377,0.21255555041751914,546
1.0784124272854958,0.045342525700203036,545
0.5649097230724889,0.11045204163231442,544
1.8524619931392012,0.04425196760374166,551
1.4948254229278377,0.21725122131981034,550
0.8085751814947426,0.26067582965448766,549
1.7357721399243151,0.13507019347464952,548
2.2761839249603852,0.03238294612374313,555
2.2363661182302623,0.1551354564131932,554
0.6749501556965274,0.16421686733192692,553
0.6747508175470136,0.04157582304826849,552
1.5703894396921037,0.0186687219396347,559
2.2844275596940955,0.041155714743615485,558
1.3589653307721097,0.1401861165528829,557
1.5139163687915698,0.17242384729448446,556
1.9607461950958667,0.0973520514391412,563
0.9637678402714243,0.08988654001835426,562
2.422191732179858,0.08825425832113629,561
0.6419934355974959,0.02787860227051755,560
1.1464162551973753,0.07949525189796913,567
2.091041125685972,0.11424406079738716,566
0.8055608497650408,0.1070948713012976,565
1.091444971270159,0.25284255333900607,564
1.5034070031889422,0.10794395153715759,571
2.240257216691109,0.10529252325449655,570
0.922827534297262,0.10485428885657498,569
0.9890730335141775,0.12840918559642764,568
2.3057257359454058,0.07815857810725191,575
0.9572821785000063,0.11838231562270868,574
1.185196787371637,0.18713194772787045,573
1.3743758717247267,0.14849603646656967,572
2.4493342089924264,0.08201123123021237,579
1.9794789811170623,0.09389277810809094,578
0.7443963331912378,0.09266260493377731,577
2.0886418271494502,0.1536927813855643,576
1.5952934107997547,0.10637715651229095,583
0.61542677396708,0.1904020217528802,582
0.9562516654311695,0.16751160803230472,581
1.1988564545576461,0.1904059449542128,580
1.3704544031223986,0.08645268944407132,587
0.8981491783848734,0.2949997982863242,586
1.906520075812226,0.10525819608391088,585
1.3154785072842015,0.045677386926939095,584
2.0681794781180374,0.07643773722723055,591
0.5276892979645025,0.18234538983836202,590
0.984801241689099,0.2751832992509521,589
2.360136407132046,0.11629022918419836,588
2.485301105416075,0.1192575795676638,595
1.528158334872713,0.1556196764882157,594
0.904122769937941,0.1982749120123007,593
1.1052318590764587,0.11350689760613136,592
1.0072194191857362,0.07391125412596343,599
1.417566094890978,0.38228538083092356,598
1.5074488887659785,0.14473306664129568,597
0.5963987944483189,0.11843134707522347,596
2.3004801007954088,0.07864490379572898,603
0.5279614437179552,0.10865530192687729,602
0.5835942029962031,0.04450556031418557,601
2.326947706564636,0.18184130193400072,600
2.4143737745703633,0.2040167188125342,607
1.229135175459222,0.04590127444694706,606
1.1974137109561829,0.08439057863064979,605
2.2008299751622387,0.0794732447374766,604
0.9469445058503314,0.16721744271253466,611
2.0168963318836095,0.14649277652542725,610
2.362655887607257,0.21017520885874486,608
0.8225621693545546,0.07306705369624024,609
1.3419291649925384,0.010684831503854566,615
0.7368073777151145,0.0491104875256316,614
0.575358107179575,0.14584312016509474,612
1.9043913592151998,0.21991250079342428,613
0.7275292098876938,0.12181571357421156,619
2.2475287985847188,0.036607268879305516,618
1.3734738992718825,0.07256459776322984,616
0.8949183803998748,0.11811177144489199,617
0.7681028296884809,0.13303912933576534,623
2.010675175981327,0.09488715849109915,622
2.201359730593981,0.1991652424710756,620
0.509368218861652,0.06660876884547177,621
1.9344795743413488,0.3497458171207064,627
1.5062067803178942,0.1615885509381304,626
1.2334599608342691,0.08463590663309496,624
1.2567910762075445,0.10799500248194412,625
2.2613667179818178,0.10706831137970961,631
2.378009101089306,0.11899129990519547,630
0.9495833061638941,0.27245435049638633,628
2.205140023219595,0.07411019036844223,629
0.7750698219557675,0.11681590165417295,635
1.8694747984824076,0.058357045861139226,634
2.049147875034334,0.1584131936542774,632
1.6843587294286422,0.07337747883068234,633
2.2823850905376046,0.11552465472400955,639
1.1005842982261282,0.18284574495496775,638
2.389166026606489,0.092490038233767,636
1.2508116445592727,0.11501193218917367,637
1.1261725093350512,0.11492549693240113,643
1.6376116539952805,0.15848754976760404,642
2.4867146057699965,0.04542647977930918,640
2.1612767425702843,0.11132237299091424,641
0.8706706183923454,0.13303460938209646,647
1.9732110569144963,0.016868611043592403,646
0.5573671100100639,0.1493087765481342,644
1.6807644048343378,0.11728137742545788,645
1.3223207829860284,0.17595346476597926,651
1.556210486921273,0.11966026282004216,650
2.4554415911615832,0.28277798523417336,648
2.0842659319127232,0.10454675739100867,649
2.2225013090017787,0.05736211426370105,655
0.9209689419036806,0.0644534125957391,654
0.5866603836235895,0.10083984862324889,652
0.6903744913820584,0.13861154912055254,653
1.3214745670109171,0.0505810092384134,659
0.7485011222153151,0.16640989260986852,658
1.074516437450798,0.20973655640465189,656
1.2549482726975085,0.0756293331751704,657
2.382594165610892,0.1064242589033516,663
1.4833458543448996,0.13941682168450276,662
2.431431773113794,0.19348963694531596,660
1.4889572583773065,0.03323235891907571,661
1.7578159350033948,0.24911076730224802,667
1.0186861324317051,0.07990110089320018,666
1.0519925399773666,0.12950478903819787,664
1.000719115570032,0.17776993940774988,665
2.2321236444006187,0.27485695099568697,671
1.6612904661345065,0.3633782231443888,670
1.6270220820386023,0.025746027818468128,668
0.8859377174933158,0.10311890186731239,669
1.5103341238782715,0.09522973327597486,675
1.3002221132547962,0.1348552352825743,674
1.1839449990560162,0.10525039322506265,672
1.705324261745803,0.224080929347413,673
1.6565437643634469,0.05581400352648776,679
1.33212701846263,0.1357794086317705,678
2.46370749696621,0.030342211474476168,676
0.5275643226464128,0.1982601759592,677
2.2914820040224555,0.026980531610458942,683
1.1313645859221673,0.19067916495909465,682
2.230609796569291,0.12145533542537475,680
0.9044430426205179,0.24855038953711125,681
1.5804080886794327,0.031250994062864364,687
2.065601120698013,0.14506693976608445,686
0.6438064613443664,0.08156009389388585,684
2.2961863849209356,0.021324907622123773,685
1.1273228971271074,0.20158281274397882,691
1.313648945894677,0.09993792858324849,690
1.6524205049684817,0.21831762055953036,688
2.4275982535952223,0.3108806239681887,689
2.040042095326746,0.09622363612465377,695
1.8986241249979168,0.12030918264829255,694
2.225454118545404,0.05025237781926837,692
1.816701967020008,0.08893503635749121,693
0.5883085584703376,0.1682341234720274,699
2.4664918004409886,0.11270090995761424,698
0.8906045896657624,0.048795233087491285,696
1.0442153046521931,0.2138708326556134,697
1.280756395439955,0.18048049741114788,703
1.7290193590151637,0.04844911506206823,702
1.3694422101424362,0.11755635283373574,700
1.979130145965345,0.3314350398434655,701
1.40215013166706,0.19640317814495184,707
1.7356432262235029,0.040020889280602705,706
0.6988224217303254,0.02290848027592228,704
1.1403312071270062,0.08260293962620778,705
1.4517653284065781,0.10089110224397689,711
1.163218651412378,0.1764826402541029,710
1.152996702450615,0.26224559564227756,708
1.8387304247893526,0.015033872254371392,709
0.871344482046962,0.1673998169004972,715
2.2776455613084097,0.07804895350659555,714
1.6710471890344571,0.22962020347405554,712
1.6886699501372202,0.2324499867342812,713
2.1686343807007247,0.09781262299343164,719
2.204771539426715,0.11993572501023766,718
0.6724625123578449,0.17430322252861555,716
1.6641173954583088,0.08557238139067955,717
1.7031418973876966,0.07397947450241803,723
1.5200375760366962,0.09282803501208309,722
1.6783708784704763,0.13032506460423207,720
0.5729320328218337,0.2106843631012803,721
2.4280404360894137,0.05263008546207061,727
2.476934666529729,0.07910564929931967,726
1.344215535731481,0.07521543425897576,724
2.0563496103299004,0.05655101171432832,725
0.9041873753354615,0.07613796312660566,731
0.556540270689964,0.08680536024906611,730
1.7711394111288825,0.18899082014050428,728
2.0821930637895476,0.07022832648122991,729
1.7802028421935172,0.07785775113068123,735
1.3467280874820935,0.016673729796982322,734
2.4961056737826466,0.1069906657326903,732
1.7186343707878329,0.15977091842465108,733
1.493310345886299,0.16868692667605933,739
1.8845042656649256,0.09130816163141493,738
2.4841146310073654,0.24007443669342077,736
1.3787235472177117,0.05539013777380143,737
2.2521380135114217,0.08589482694283118,743
1.7607113083964276,0.1695213922133401,742
2.3231316786390224,0.01657252877960461,740
2.061974092805834,0.34050093877018883,741
0.7380072316773245,0.13783926216061512,747
0.8676073010984893,0.05939616412240878,746
1.4253523201547191,0.04770313191081258,744
2.4819522502733773,0.12241943268733922,745
0.5581658566153278,0.028231160882651936,751
2.308087697521329,0.25448757031971797,750
1.657956854673672,0.05553184445428973,748
0.8257793471820014,0.005986677601971115,749
2.3916474876644225,0.12459634803050286,755
1.5898741374865273,0.09985124786547069,754
2.051934493570103,0.13296990630859837,752
1.4939180458378543,0.07683348878666144,753
2.4261748660717233,0.11679855781615572,759
1.3584449251591708,0.11305187428847648,758
1.0128173802338192,0.09392467086770834,756
2.0185661081200816,0.13780525596718393,757
1.3582932437343074,0.14549362602458815,763
1.2646009451607787,0.056802126825268875,762
2.029446555972103,0.09016038857543465,760
0.5941575824498448,0.09471261689891455,761
2.1542511608704906,0.1975442871609808,767
2.4181348031329493,0.12202455102905421,766
2.4756264694218633,0.07740706125998942,764
1.7031213553009807,0.20023242365652855,765
1.5332916036414688,0.11772372597837316,771
0.7386424623645682,0.13143099557213456,770
1.2079249260006166,0.15296159823498126,768
0.8339035447025396,0.14615730778894528,769
1.5984107433366852,0.2924214181200196,775
1.6730707764795945,0.15787175692730485,774
2.464580223722866,0.050042479118787425,772
2.4979414157801525,0.038533297183125474,773
1.9736530860968342,0.1216916774268406,779
0.6745948178062156,0.15947581375920641,778
0.8246012554530011,0.08808696815062338,776
0.6119795887638253,0.1223853537106205,777
1.036391271256807,0.25281901460475414,783
0.5086814707220191,0.029424231378129648,782
1.3984020162314412,0.10176410825369134,780
2.1288542482444472,0.14170851425697228,781
1.1002187799259926,0.20480695935997306,787
1.7003185909720353,0.22378329256627238,786
2.2880860361377016,0.14954448646534702,784
1.6383867315595309,0.13855402139855397,785
0.6126603660909156,0.15205078685920115,791
1.7575436556432706,0.06624229989190172,790
1.800292097710229,0.018914115410300286,788
1.6193510665570163,0.16520943464030116,789
1.2296347651154174,0.11794148397619789,795
2.118013735319901,0.11222317689111233,794
0.8224506657407289,0.0369802908494996,792
1.2716996729504635,0.2237887978899399,793
1.661542568852409,0.0622650419888541,799
1.487112702151852,0.06979951675181335,798
1.235816602327969,0.13559350544913032,796
1.6969315545098835,0.22990868838442854,797
