1.0804058817096558,0.015311669294736156,2
2.3293728016830726,0.04333109145224115,3
1.7120447776983232,0.0837315422310608,1
1.9426713666207232,0.1446233738744361,0
0.9115410574888125,0.134513137988465,6
2.1946295894597947,0.1234756730410701,7
1.8136612410480175,0.17680737270816282,5
2.442617005171519,0.10035715341145464,4
0.7752980726207033,0.0983597773784674,10
0.8286187655510124,0.09251952582214472,11
1.0385932877804198,0.23514166728636987,9
1.4080213434255964,0.12866908199970145,8
2.1568456818840045,0.18362647029367973,14
1.0517314465552123,0.15248736861269252,15
1.112457815759168,0.11439901945783809,13
2.2478295331307665,0.11739429462356904,12
2.1480380895793036,0.2533946029640254,18
1.848180211675209,0.12882506965858737,19
0.9316368364593122,0.24467126517256396,17
2.2712342038532647,0.12542516520281244,16
1.653780060170008,0.12205785240785845,22
1.1634674646073666,0.08094929036016452,21
1.407008046014126,0.09046640373122357,23
2.1818196817548783,0.13019585314460044,20
1.4599628787731578,0.1100950346191409,26
2.1828611061092547,0.014914040839768303,25
2.3508582538736897,0.09695615342410452,27
2.057914406867339,0.13502855012580578,24
1.1424607597123453,0.051497241171413494,30
0.6688673315700044,0.11442382853487723,29
1.0442344550657692,0.08725333884204681,31
1.8111695003591828,0.029466136118082943,28
1.4285262449842235,0.11801194581744552,34
1.0719191259378578,0.16585366380014255,33
0.634246338837317,0.06334193435647568,32
0.7199110840214304,0.10801291703350734,35
2.0759542158640283,0.12183688813540017,37
2.1284321916045927,0.08971303574547235,38
2.34260815102424,0.1124684479360332,36
2.1405573853889375,0.05294969469382743,39
1.598388945684472,0.07055360055337274,41
0.9299764543679734,0.04372027866073725,42
0.9419214261033197,0.08561647400985678,40
2.1435156459519877,0.025876824343744765,43
1.7425695777614787,0.20712799169538165,45
0.5755632874308725,0.11764869167174744,46
0.9176773109942524,0.1538016316771284,44
2.2361858807468318,0.07389964731584742,47
2.2877215126218804,0.03911256317156726,49
2.1388397909244308,0.02428681746283203,50
1.6728978685734575,0.15161129567896542,48
1.5137555715827695,0.2547235836339496,51
1.9514689902469677,0.09092181230100005,53
2.356917387419276,0.1492625378444411,54
0.650593700408286,0.08862029717605091,52
0.841669597222241,0.06705296790859887,55
1.1141154335236014,0.07671805169062054,57
0.6303671852482648,0.08850601752725995,58
1.2489068084687405,0.09183526174031006,56
1.901949035959947,0.13963417334410252,59
1.7420319476894741,0.08433087607119882,61
1.9110930738642016,0.08548697659621278,62
2.064472329357775,0.22099622059733767,60
1.3526445240775387,0.24632521884726183,63
1.9423421249904622,0.20788859049926933,65
2.131981797490986,0.22627449601948355,66
0.9008959582036915,0.178903681613841,64
1.5906529688603044,0.11811687904264177,67
2.2468288737351187,0.1540464873456697,69
2.1998701912947505,0.1857945055682786,70
0.9644409978229989,0.10065537961377378,68
2.0520048041291608,0.17670953092595978,71
1.8112702134668004,0.16167926448955813,73
1.9696699051735211,0.11952617380427094,74
1.609195579791266,0.052000121553263126,72
1.8939770836597096,0.05615305790869538,75
0.8276389348638553,0.10899058229389265,77
1.9615837032809524,0.10265134351046515,78
1.5840336963057928,0.16106866401816597,76
1.6068895117728357,0.03768414025875618,79
1.385450822500383,0.023459765702668656,81
1.0984687266103585,0.27338652588955453,82
1.392742964115792,0.24289931960994426,80
1.6526208174952148,0.061120088346717096,83
0.9039957268737622,0.07118475160789434,85
1.8457980706572743,0.09526896713496287,86
1.2407908178038296,0.06508341765180345,84
2.31235097684173,0.20370211183803316,87
1.6875286875103692,0.1326928609493581,89
0.9179756978273543,0.23931276617119282,90
2.4671456572384325,0.10020967107359267,88
0.9003703361955915,0.13369342025188313,91
2.272888904465206,0.08379737780677982,93
1.2663171569126686,0.12772387980195665,94
1.485185893853765,0.08130212948196212,92
0.5684234860818418,0.18060156040172726,95
1.8214196680185546,0.0846913024217021,97
1.4989860017491097,0.14922636619341176,98
2.4024152502281106,0.1520754459033021,96
0.9561807979416141,0.16112128373852436,99
0.6159161899560011,0.26993695300395804,101
2.285054269608461,0.1365107730941226,102
1.8885277653488537,0.0938011097550396,100
2.49074715379916,0.038887887445276756,103
1.1933681489755559,0.15355561710067306,105
1.9344687672194594,0.0755131447955255,106
1.290425637357789,0.20305512987901558,104
2.439472179047458,0.15994149395797455,107
1.0587018628438931,0.13359217075525673,109
1.4575493047158399,0.28142171960416906,110
2.2820850448674923,0.03602458081406661,108
0.8783039275136701,0.15555838990540805,111
0.9955946603664685,0.029903424121010644,113
1.3380018648431715,0.10562609829172431,114
0.9807483750338435,0.1117354018947459,112
1.0967764854392392,0.04128396036141096,115
1.8914330819319545,0.23650106545643146,117
0.894085374715148,0.16278463663991288,118
2.4778167260743005,0.17906549780417036,116
1.9445055809355862,0.26475035291433396,119
1.8887220802362124,0.14102391702393133,121
1.8319715077826764,0.14653546918269555,122
0.929109085508381,0.10574199041913233,120
1.051171812119697,0.2768194410141406,123
1.6458196241395195,0.06769684354198313,125
1.2661571964685985,0.1578805279863863,126
1.7332445756076078,0.06842427768817651,124
1.3261701588612473,0.24095174696831445,127
1.2625846037228092,0.2210216329697716,129
0.78348439471681,0.008265803904971952,130
1.514217973254493,0.19689548799244522,128
1.0084690483042549,0.08767317858587534,131
2.115955166868705,0.1271478033865242,133
0.564197623768441,0.09121139555669747,134
0.5217784362860542,0.14424311738126097,132
1.4973493370608482,0.08691182071959239,135
1.2928630024001644,0.19974448245752405,137
1.0178877260483483,0.09179812143806493,138
1.2723834320917122,0.18390456043523418,136
0.7391499792807252,0.12546670742632124,139
1.2497426249335037,0.07485094278050346,141
1.1311853596385315,0.16238445532367382,142
1.6224253805780295,0.030510899557640504,140
1.8040563875696511,0.15374904674672407,143
2.2805879588271702,0.02919859631630725,145
1.0302847158207729,0.09607860037770455,146
1.506384609632784,0.16469058809804446,144
0.7866814678215677,0.10459600565420571,147
0.6492384353479133,0.0359934877348502,149
1.2333032095983403,0.14969322174138006,150
0.5252643667955192,0.059852214910511396,148
1.160270323520206,0.1213701663983871,151
2.289883218646146,0.1511325455317001,153
1.7436132478889994,0.08975350099898699,154
1.3867629290710828,0.1182958457501753,152
1.4792446309993106,0.10031256345728833,155
1.1216215049819935,0.13866008515808242,157
2.1645274579483216,0.12062539453503207,158
1.5565048575354636,0.07388150095738334,156
2.0247369763336316,0.0843670761089567,159
1.7813865245625005,0.0743211973336677,161
2.178307557811635,0.05394026252717968,162
0.6944390975779284,0.0292367931762293,160
1.1631821647763039,0.15458913983786363,163
2.0140384750160663,0.05259574409402367,165
2.466178113256351,0.1951566504246012,166
1.1733863517536816,0.08151637740511669,164
0.7046614711018584,0.04221059065829225,167
0.7038021426915633,0.11083934372614464,169
1.0363371683902385,0.1885285446631647,170
1.368361181469695,0.0700190984754261,168
1.2634218750508799,0.02449986562654025,171
1.8477620356457092,0.14800576023720904,173
1.9981463842416949,0.1721096418130772,174
1.7957239148842359,0.20647726910702957,172
2.3586331090945487,0.11905842537333484,175
0.871408613813994,0.1556028447657272,177
2.317989028689265,0.2096276716504004,178
1.1616472912338054,0.09167699926288521,176
2.2165237408658856,0.10721282447539837,179
1.271572007042017,0.14181193889904448,181
1.516312992513291,0.21873515299572902,182
0.7773284434087882,0.15722416391062707,180
2.312554636533196,0.13952672666868543,183
1.7249710092635995,0.07317063412087092,185
1.6634847215798005,0.2076303640894917,186
1.4790103772372116,0.025844672857881557,184
0.7585813221320936,0.13879247333638003,189
1.336544774273482,0.11794631270898244,187
1.6055714096067097,0.03906288268114769,190
1.2296834699566797,0.048050293930730854,188
0.6663278044353986,0.14295617950366266,193
0.9143066221367575,0.11842307546482403,191
2.440895847639434,0.045699421856458956,194
1.6143774795278196,0.16434643606475394,192
1.097834414587213,0.06001233333505173,197
2.3066971484293766,0.08212725755420316,195
2.027818506034723,0.024347522867639235,198
0.6650443918912232,0.19968465018038872,196
1.367018986376751,0.062169940494498546,201
0.964240343744561,0.07497274536708536,199
0.813437835196763,0.2796609494360484,202
2.3989166946059424,0.1214559654341475,200
1.824826077329071,0.06573545069767915,205
2.0888614939461307,0.22837937322666862,203
1.5194732348302245,0.0653274374154613,206
1.9630999495737733,0.09152397679421492,204
1.338702940295783,0.1130097741126233,209
1.8822518094546814,0.08814503818059477,207
1.7452213626987885,0.032216466407113536,210
1.8987444275785845,0.0849530079580119,208
1.4358064309477903,0.1549675671451709,213
1.1686831993851918,0.262535468309372,211
2.456837907917482,0.27519477112663615,214
1.3561073465543811,0.17023737298297872,212
1.7524326715144327,0.10705267660146003,217
0.9326075904026958,0.1042829835097021,215
0.7972798956200009,0.10508626300646647,218
2.2267761147242693,0.1568759498383706,216
2.262969432902808,0.06017227695838731,221
1.9326655680891536,0.09763446218060928,222
1.3713853074937656,0.14771632121404482,219
1.2320654975852479,0.11156024683771576,220
1.0558858453426931,0.2918866169034164,225
1.9599879801472573,0.09731855193927302,226
1.3628155369473496,0.04648313725261633,223
1.9974547391466082,0.19503117410454868,224
1.4258529428281714,0.2930497567053511,229
1.0575441386980575,0.11554726262516041,230
1.3379051045458905,0.12951113014173166,227
0.820405145552479,0.10706398023088187,228
0.6735165845867428,0.06986237715170644,233
1.4886945112214875,0.07939476758394774,234
1.4430828270219387,0.18654287261372615,231
1.7311625949313556,0.07516464562410152,232
1.4791598121879892,0.08052670041630235,237
1.3357110578949112,0.1833813850483892,238
1.1362818051829502,0.015606771384604118,235
0.8520850735303727,0.09284699958670387,236
0.7254733979197998,0.17515869084453747,241
1.220418923791586,0.09210067943610879,242
1.6811257850338195,0.10717305718366982,239
1.256745962774226,0.14563549132969736,240
2.0451865856460865,0.1611768735080306,245
0.7406984519481941,0.08560955144446449,246
1.3676493570180972,0.20003730573577583,243
2.107883291069469,0.1682298802394189,244
2.214953918858745,0.07417205280221019,249
1.867244460900506,0.05248281041404185,250
1.452448823333415,0.22409964520861944,247
1.5208401987209255,0.07090151643148254,248
1.5017613365039926,0.07189576346046277,253
2.3851393507666026,0.21630458975775288,254
0.9150063313546442,0.05987778185534205,251
0.6634600719432338,0.023666574515367796,252
1.9710697239314166,0.13369206819845922,257
1.9663432172255764,0.12368550915454773,258
2.396125033283947,0.23332476347120876,255
1.2449873834874245,0.10855601154086664,256
1.7088887430571535,0.21891782510010263,261
1.6338770301746055,0.07908467287936725,262
0.6161486346296092,0.17472663231430818,259
0.8359783719579532,0.10135111263760231,260
1.6116985317793737,0.1340390878382805,265
1.6027973089257974,0.14738966558700212,266
2.45616532931916,0.11619716342277703,263
1.3793652275679307,0.09768684275179706,264
2.111216094694057,0.12283448551818298,269
2.3943322392036417,0.24001836808297392,270
0.5659151355263192,0.106563284973018,267
2.420343318549958,0.07367292789978434,268
0.865197222116433,0.038447961043924644,273
2.0277921949402042,0.15543986200846183,274
0.9891060024508733,0.03956725183088148,271
2.294016442545881,0.11277894114686665,272
1.147724805876947,0.09027130249871534,277
1.6593020749520022,0.22344972536709232,278
0.6283155569636563,0.1120451472926167,275
2.046192950303461,0.1777092958152933,276
2.0994471451587415,0.1733361607347574,281
0.7293680088425163,0.11448092433649984,282
0.6860984387607072,0.09039538525553742,279
1.8998479649782016,0.21662908265775327,285
1.7256897787220038,0.013075136372941673,280
2.3657630863963774,0.12031693807236479,286
0.7362070371591418,0.05420700425006571,283
0.5638692512919572,0.1300027043065575,289
0.7625287426999905,0.07158856553107312,284
1.263429718278909,0.11831682650777789,290
2.2548592201522712,0.22834792672775164,287
1.6532373333280561,0.1332823068258445,293
1.1449271241031267,0.15384325556652614,288
2.1487586870052953,0.22041559737671013,294
1.2441739478422411,0.04477001490552184,291
1.296959054677964,0.11623269660482285,297
0.5472798026204391,0.20241204682069713,292
1.9712383925753563,0.124213391499497,295
2.2244987788770416,0.17095665822019218,298
2.323026662164748,0.12469237612529503,301
2.2493267466628275,0.07897804931850008,296
2.3403161051951136,0.23034816262109317,299
1.5204392653852863,0.17201324993719747,302
1.8814995554604412,0.05031329485158457,305
2.427468101793556,0.06433933453675579,300
2.313657471227497,0.22694287098914084,303
1.3613113809641095,0.1054109164936014,306
1.4984902536956635,0.020216410131404232,309
2.4810743607955086,0.07841764345841601,304
1.5465580456674302,0.19015996329550944,307
2.3633986178088744,0.17195812502054728,310
0.6107604537086773,0.09116510442657783,308
0.619483909854466,0.11604857360783033,313
1.2036376805617381,0.10848001283958059,311
2.07901794206268,0.22412637421293424,314
2.4836708784548955,0.09336231775506203,312
1.5461802763500914,0.22450603112987097,317
2.47778507860106,0.12304155024359238,315
1.7772362274707312,0.08570829405227132,318
1.5667897095986638,0.18296172893013643,316
1.5962517316801494,0.17889094335943415,321
2.1758549218655254,0.18603719599123947,319
1.1406624980771887,0.07381620612161129,322
0.8926771917363057,0.06691071140531435,320
1.9736357403340856,0.11400494690297305,325
0.7506967017511301,0.21200467961790742,323
1.574015406441212,0.09809231835708132,326
1.34106322059476,0.05971367502749797,324
0.9055534418411171,0.1702575370085182,329
1.2838319699767877,0.14896710683422718,327
1.9038377999371294,0.20392274039907693,330
2.414694231850879,0.08128243251910879,328
2.4773459622338083,0.11917689262838436,333
1.28181895815293,0.20377095157507774,331
1.3111979412911785,0.1664089551743919,334
2.100017189997369,0.1175817275827929,332
2.2182373500671932,0.12140038372027287,337
1.2283059859569856,0.028266987548191402,335
2.3411070168895236,0.02725926066206022,338
0.8872158401468553,0.15232389720784822,336
1.9138075823160299,0.10810466924807159,341
0.5670571699621265,0.03156996463703349,339
1.7175095891165035,0.20231832213585701,342
0.8573998416673747,0.27226266566482044,340
2.467196472073964,0.12064727870463454,345
1.6161898903241523,0.05442458261145632,343
1.2967428673201549,0.11715951493438351,346
0.7690302070520043,0.12098908021536631,344
0.8209716261186808,0.1616452378710363,349
1.2090062016339522,0.13179408079069485,347
1.6868661896592048,0.07013341150146826,350
2.031882475634336,0.037891099004491446,348
2.071202089360489,0.16608608996229507,353
2.119241334479904,0.030080906628621264,351
1.3447252152816782,0.07753907066714971,354
0.9152440728826223,0.03379954004835365,352
0.7806684901063621,0.18035425975024502,357
0.8211579564065989,0.12873596183613148,355
0.9133816125672345,0.179403942677834,358
1.8532090578317753,0.043100593256169765,356
0.5262960131991501,0.17222989486475762,361
0.8848816087541627,0.17161526739468957,359
2.114712433893186,0.03819280726059854,362
0.6837379104731807,0.21871993531867792,360
2.2168355842284946,0.1833096109088167,365
1.81085333663889,0.036991925837948816,363
1.8751417270774797,0.16525217735690295,366
2.084049299333929,0.17432271012970282,364
2.1011418766314343,0.2364014866660023,369
2.2491930438941985,0.0859532698582203,367
2.0993188130123794,0.04614408145852691,370
0.500355987871433,0.11851760854769369,368
2.443949466487723,0.13088673485481403,373
1.5699259942776502,0.18705329494976208,371
2.300341907135939,0.05015833835923485,374
1.6825614016458106,0.05444236459136075,372
2.4340682986566016,0.10974809205211765,377
1.1620913022464348,0.23808329084825416,375
2.0029133959910665,0.05032585581516694,378
0.5212642069312794,0.09413689151626553,376
2.349514902427984,0.12559032731037703,381
1.0188418041161058,0.14833408257933398,379
1.894986992834087,0.22690251751170695,382
2.336272482758039,0.1436743633375366,380
0.7486111220881089,0.0974813407416137,385
0.747835113323827,0.015090979291822116,383
2.2517269367818216,0.18011137819009504,386
1.4626539775561158,0.18712938536784923,384
1.1070061481622235,0.1263946273957575,389
0.7431666406702577,0.08888381131288096,387
1.0428494774212436,0.16023937038896674,390
2.341225421508829,0.1478773476645908,388
0.770650619579748,0.1486230219819023,393
1.7589653571324877,0.1473789013616132,391
2.221885223680374,0.12052212338680209,394
1.8346393016538944,0.1343402916470411,392
2.3866563122798636,0.016326068557531947,397
1.7604968781239703,0.2101509218073254,395
0.5493127165914762,0.1578565843726913,398
2.148575788142721,0.12278466014700765,396
1.081579706992758,0.05441875059821021,401
2.1605867792070717,0.02753592119614901,399
1.5686553356518194,0.026293072517549188,402
2.2192371759400147,0.04257177689831655,400
0.7361178048255115,0.13053997693633154,405
2.3989676556210364,0.10519423047693313,403
1.381207211942909,0.03324807347768865,406
1.3014904587803005,0.054745056656211266,404
1.0684213486590064,0.0627218505279769,409
1.99942849071985,0.24719452111526385,407
2.396558316812369,0.16210172063184938,410
1.9918596252327332,0.04837682028213969,408
1.1493862921117768,0.11280436150376588,413
1.4077944236494455,0.134192333622572,411
1.6938178913084518,0.07619770409044443,414
1.1912493374614215,0.030382561793882348,412
0.5774222260373052,0.10016648465979508,417
1.3397796755069158,0.23250298268818784,415
2.3975099044562,0.05914238791606663,418
2.1507226903982106,0.11109655620721909,416
1.3755229093446653,0.0642623312405343,421
2.123475787432968,0.11096603489707418,419
2.411633508694583,0.1989860826929467,422
2.1747870440989665,0.1566373744972235,420
2.2534162791805405,0.1149278100910377,425
0.5880714553213517,0.11036078514311796,423
1.6991422431813121,0.12473154189729317,426
2.2214888328569855,0.02993062976210308,424
1.241521553581182,0.16468923221185983,429
2.4777159771418993,0.19110632340495415,427
1.536512806104489,0.022756353439260205,430
2.49157285647314,0.06768361426739655,428
1.2077070538612231,0.1134317413125484,433
0.9022644971272362,0.1013158204623331,431
1.436806054886462,0.11281243219339945,434
2.2853775007842487,0.04686638110863627,432
0.7642141919206866,0.05045639079490254,437
0.9455270053967182,0.2650868664740643,435
2.229228024708428,0.04986998607383654,438
0.9369344800672605,0.10644747609591179,436
2.289875085600764,0.15541447333061742,441
1.8164151423877242,0.11169887280207652,439
2.3564435948121023,0.08778623041792016,442
1.7864285252034293,0.08732316526080346,440
2.1379517174785097,0.18282410106945948,445
1.9117945975351966,0.02924132010299442,443
2.283142401169729,0.21340904883087863,446
2.3835788217649023,0.012825126915013627,444
0.6727136336119643,0.07753318065679966,449
2.4995892137910785,0.07004730930863226,447
1.626958097991974,0.07045260035487318,450
0.8253064168096012,0.1662408520873403,448
1.5746330289361257,0.10412701463623689,453
1.2277287292369834,0.2476790462850944,451
1.0758489432201734,0.08487411201316147,454
2.472135317244753,0.09247940292845468,452
1.5427651008597822,0.07341032884256002,457
1.7265287227880952,0.0957328067076524,455
1.8514585038656708,0.13215528115432365,458
0.9710087240668246,0.2190265949230312,456
1.2886329321306749,0.15200928632054597,461
0.9809969751219021,0.07434756677504202,459
1.6783770033755938,0.09471087576133308,462
2.425404095458635,0.07345564502809826,460
1.1799721333195283,0.032405493545881056,465
0.7765077888319922,0.0637521088907214,463
2.2285629864622347,0.19417591983734483,466
2.153681303382724,0.11761626989899376,464
0.7422582280372199,0.07896133629146604,469
2.4827066962964994,0.14339115759604465,467
0.8122556122741333,0.18244201868932322,470
1.6592494150918482,0.16397761067004274,468
0.6900651115891181,0.1410945629569735,473
2.4538173566980985,0.011385002048998574,471
2.1810310213178736,0.17251433726464316,474
1.5218426212181202,0.16537556434985812,472
1.7949040291354903,0.11202296392344231,477
0.5313214227418255,0.17190810733285622,475
2.359102541986447,0.16364116252149855,478
1.1932805182199504,0.0800577020370325,476
2.2800038814696366,0.13047318869964994,481
0.8244828139735008,0.20160578369692228,479
1.8496159339313492,0.24962610294445897,482
0.9457992880934443,0.047974971388969126,480
1.4617052397347396,0.12450581040518663,485
0.7243089527306403,0.013039195048945212,483
1.162314430039725,0.07949750963902029,486
1.7080102798512509,0.12759789757865042,484
1.80894606056022,0.20303143937956497,489
2.2601622686591893,0.05759604257160336,487
1.2470235942923535,0.0877114602523901,490
1.891950525652531,0.2260984594704224,488
1.2984896255788982,0.2056415929288599,493
1.584031417671538,0.04765658765806255,491
0.9572777508819657,0.1535306245267615,494
2.098366886604805,0.17968976500265246,492
2.328625565159083,0.09297860840001836,497
1.3065480100116407,0.09377553178189296,495
1.3204446856377023,0.21528986825484503,498
1.7147888733327417,0.10830761392324768,496
1.5533562970098265,0.1296079969185968,501
1.1277641336625583,0.15840853888106654,499
1.3796090326667962,0.0627560162857128,502
0.5519447158914332,0.12624483285442706,500
2.107426985501513,0.09566246676922091,505
1.205879772207042,0.17771105913170196,503
0.8520690585114397,0.1429735611440593,506
0.5859699149557378,0.13721207070587021,504
1.7937658696699972,0.14014247900077312,509
0.8603815781152155,0.1403937520237337,507
1.7974270575323947,0.11758554089371097,510
1.7332624044298706,0.15686294669815448,508
2.252778925152419,0.124496735848847,513
2.2294382237863375,0.06622109210031515,511
1.3873385257087567,0.07340648812104687,514
2.0675537464915443,0.05866960111507311,512
1.6841797429074326,0.17951809313076467,517
0.7969621600144057,0.060110357485677814,515
1.84325026549428,0.21576396308495946,518
1.961189868334852,0.1324058818267693,516
2.2985016558839044,0.1348330629322354,521
1.7002219648308297,0.013357929147844328,519
1.7525451209464196,0.04634214533949526,522
0.8314426211709074,0.04451952771122783,520
2.2923781855647505,0.11332036740979767,525
0.9171410635906649,0.051166392197950786,523
0.7183126213648041,0.1241714657240572,526
0.7910966350077964,0.050027183263493674,524
0.5172576663951718,0.1003112683504897,529
0.8386533456857013,0.1263740985165995,527
2.4407291909282787,0.10857451157411607,530
1.8387208147696896,0.03935701864346242,528
1.9552927743362865,0.11748091744387111,533
1.7800589077398647,0.24075314366696232,531
1.2210050842671836,0.09752300819347522,534
1.9999331744701583,0.1425642581354322,532
2.399410875698078,0.2448924395752092,537
0.8602187841056543,0.12478990636695153,535
0.7462576382735955,0.054872690705232034,538
1.8455379944798747,0.2612689582620319,536
1.3325952668949541,0.07329641480188719,541
2.098205993406747,0.043660688282601806,539
0.9818584453791162,0.13952518265955532,542
1.3275203564131512,0.0704310561891751,540
1.9109155690749422,0.21690188962773066,545
1.327433276105155,0.07543597978743394,543
1.4409812817400816,0.15769368125162295,546
0.6378074094663637,0.04105844166357921,544
1.5713556173271102,0.028136208680272695,549
1.253155154651351,0.12300513318656972,547
1.3796914065382606,0.11871538139924853,550
1.490973849990003,0.17822205072663488,548
0.7329574750772023,0.08083037835330505,553
1.3657085144185372,0.1720996292387072,551
1.817533977257453,0.030137485494225222,554
0.734640128500144,0.04969828011693271,552
1.556416071713906,0.07494537541691558,557
1.183336967470961,0.0175147522680204,555
2.1350565295237396,0.20490791891386492,558
1.6460769914153672,0.10208274944126178,556
1.9173841438995753,0.13748909821779962,561
2.438531503020298,0.11207775660100437,559
0.6862959896477301,0.13204936988445537,562
0.6399660848717699,0.10869768077847262,560
0.8100855281499859,0.14509068853243287,565
2.1914809021882045,0.21265023896335805,563
2.10400763596937,0.20335473185130165,566
1.4274875160737373,0.10899121551921849,564
1.889702809262541,0.18705881310014985,569
1.041895733667073,0.21129816545965846,567
0.505345893656121,0.038697752746327856,570
1.964101256887502,0.03961726956318794,568
2.0165474125876424,0.12842858448641012,573
1.9698753919981973,0.11104481346757858,571
0.9319976654669544,0.21581119059936668,574
1.3923104936971475,0.07159716629075939,572
1.2912881407758015,0.0774816757567644,577
1.8474857168635612,0.1473161222719931,575
0.7681346068830037,0.10318247155310736,578
1.9470917978106865,0.20281721705595587,576
1.3904262761680954,0.023031203082210554,581
1.6412885404683502,0.11615790744415654,579
0.9363083263218361,0.07292157950570859,582
2.091344768926753,0.24681484162813738,580
1.9270735015649973,0.14288784412440675,585
2.181654176703769,0.09201173900190002,583
1.2541669395999786,0.060667661505301965,586
0.7863933882063217,0.1755178386554761,584
2.0585696573951098,0.12341147682507624,589
1.555258650756339,0.23714533624960119,587
0.8895327669925897,0.13320968480768433,590
1.256699733002693,0.08994198871100886,588
0.5679893486927863,0.1532317805107941,593
0.5984221095985403,0.22606794311918726,591
2.289651042446293,0.10610914046803693,594
0.7527269979338711,0.21200899070546267,592
0.7356024253872531,0.13540974383248613,597
1.9869344757099041,0.0825030370574759,595
1.7237093568197481,0.2655889737002187,598
0.7677986358480475,0.028061106941576888,596
2.2031951479738283,0.008085386746346117,601
1.6828325753594318,0.21156507301206526,599
1.4725221382073157,0.13103772263638647,602
0.8405462455654469,0.09759823219705098,600
1.8629401794988245,0.12789818302532527,605
0.5431849229853221,0.14547339196172854,603
0.8076698826425535,0.05866055693067739,606
1.9213768517961283,0.15793702678728108,604
1.426643130608514,0.041979268308157444,609
2.187510690739038,0.14356854581028072,607
1.7895950859149605,0.1033639166245209,610
1.997243081901965,0.20431361894150057,608
1.5956732812808674,0.2849425767840365,613
2.142723814130558,0.1186112930108973,611
1.8271459453314542,0.0329160958382442,614
2.09015772644503,0.14132623610438685,612
1.6237089960735984,0.09001344709692038,617
2.004910125678532,0.13042620271455993,615
1.7152063139128577,0.24954529411643078,618
1.154672292086899,0.11716387424421082,616
2.454572107839699,0.08425406670643037,621
2.0782368195786907,0.04280395246199316,619
1.0914670155702655,0.14113723217341118,622
2.0673935691192176,0.03828452144374302,620
0.8009978205666608,0.11569341364282038,625
2.2918698292715938,0.053517605047521434,623
0.9721312744801809,0.1872048102701238,626
1.3806609636980447,0.2456066770840944,624
2.033188091381035,0.1342403601336358,629
1.2234991271868934,0.15231571478701647,627
1.5452824633498425,0.05617468883218579,630
1.2676710137156582,0.1639652020615446,628
1.8291623282012088,0.09052089843160732,633
0.7072213801125813,0.19037924906172654,631
1.5723317411056494,0.03363574308507949,634
1.4501308066360021,0.06038181278522306,632
1.21702388997009,0.11358498310258142,637
1.1013776492217056,0.029274328890216524,635
0.9311370138327539,0.044692089706131644,638
0.6271897054508448,0.2220328248467093,636
1.4680406644860413,0.0172101211158427,641
1.4410724962375805,0.041253033631448256,639
2.0603381754859065,0.11481688548090654,642
0.8813991755895241,0.13057622123592383,640
2.4166417678326466,0.21945477670394165,645
2.024411160083636,0.13430666158084292,643
1.411640900136202,0.059599789681220795,646
1.8826529660985598,0.0648731776517453,644
1.356378231331792,0.09418019687732915,649
2.150880007513067,0.11908515469311665,647
0.7989119733639864,0.16651872565885598,650
2.100892355569759,0.09552016272793788,648
1.8795187846295744,0.08970738848481721,653
1.6769871307776603,0.16227943204837147,651
1.5338467148006467,0.03260046759241119,654
1.6607451216937128,0.024594157049545068,652
2.236129350820515,0.08540170563367244,657
1.3875760143967517,0.1265006949967489,655
2.013495679067914,0.3150754426565191,658
1.1308212730370955,0.15566141243731282,656
1.1222391866827428,0.04444744079900192,659
1.9881183526729402,0.18060707920797264,661
1.042458639536027,0.0506397802154548,662
1.1458376650887097,0.037406074471012095,660
1.754390201426914,0.07796356059209592,663
1.1781236754016262,0.09462977941467103,665
1.622941322927826,0.12530705787499494,666
2.331497724320414,0.061148522845192704,664
1.402806876630915,0.1641366881433601,667
0.5718107906620193,0.1103094922411992,669
0.7257550157844876,0.16176914763713443,670
0.5960340007487022,0.20069070403265832,668
0.8238231092871975,0.16330008235328483,671
1.1682259884901154,0.21654843312053945,673
1.8854905035341447,0.16769174782565294,674
1.3136199276858767,0.1417029782729741,672
2.1927526794228074,0.1027727735577037,675
2.1666937037448646,0.06625897773155132,677
1.778385003909805,0.04636781005132678,678
0.8899516590445888,0.24861135678974922,676
2.422644104450991,0.09560271930184604,679
1.9056418500081376,0.16507429952955643,681
1.5703510755282493,0.11845760942643674,682
2.4295683787065627,0.14790176018195278,680
2.0197769331273276,0.14579823840195005,683
0.8512453693468174,0.13225996185562036,685
1.4645946169241437,0.12019934474530765,686
1.05326396963152,0.2501932516739854,684
1.0551661629582758,0.027062481991723966,687
0.8577722047832395,0.1050180712068956,689
0.6039252864840279,0.09234318917108292,690
1.0547336913513428,0.1584158843040431,688
1.8403693777945944,0.09947947265534103,691
2.4070566621498366,0.05717652268549629,693
0.9074987077504719,0.21446633687617878,694
2.4436622967835446,0.20349406726504793,692
2.2343121399040013,0.08109811022544842,695
2.1769767598768412,0.1998030135718424,697
2.2962946088960625,0.08642083259901684,698
1.5769189202924587,0.09596882943926126,696
0.61854572762207,0.008786449705117686,699
1.8380010479420326,0.14916650210243876,701
1.3924364495712351,0.14427797690305688,702
2.3896092464239502,0.14725168893087773,700
2.0546401089375905,0.07152544100304768,703
1.1190534148365867,0.15868296960463302,705
1.161709777048399,0.3019339634224427,706
1.8529736355944373,0.23852440058991414,704
1.5771435373972882,0.1848307728528955,707
2.3879301334086964,0.15773061717630377,709
1.8239126653076234,0.09323503261666666,710
1.3719234317348485,0.1293913420926593,708
1.2418913825223974,0.019685563115667798,711
1.9962499310258333,0.11344735102915454,713
1.728005658923926,0.175147878657335,714
1.1001242488224658,0.07016094242579256,712
0.9449640987159067,0.09756601626728362,715
1.6674416414109638,0.2201116355064858,717
1.538859306737678,0.12426862638130715,718
2.2356813249350127,0.06560265590417076,716
2.3737687845915953,0.16146918166092514,719
1.8943384574056987,0.1477508631087983,721
1.7710634646549253,0.12305161339433804,722
0.5555184032898148,0.10506772367375868,720
1.3603272720383073,0.22948815232089884,723
0.673611604099648,0.023998651223397217,725
1.3572569624071744,0.16270725188086554,726
2.316977075034849,0.04237255659281791,724
0.5253460941916217,0.048074091147914146,727
0.5816830399902089,0.14722947059412658,729
0.696132186412455,0.15975815544800515,730
2.4813480642647563,0.0908861373573532,728
0.5436787607054172,0.053811923224469496,731
0.8579353221578507,0.2252690372896726,733
2.0856227750723138,0.24916761597782316,734
0.7956321693762469,0.10822136603093072,732
1.7684130004743828,0.020338250308293886,735
0.6007437078856395,0.141789420286737,737
0.7312611050518019,0.04191080235309446,738
1.0715258540171486,0.06768718100129192,736
1.962756081991044,0.07268707306261195,739
1.6225339056213168,0.1628244608455872,741
1.18730554162621,0.1916524654690625,742
1.1480948334264736,0.07207442079784453,740
0.7941623210855342,0.011855913819541843,743
1.4062720373299755,0.2195749797593118,745
2.223412398416242,0.2865474054685199,746
0.8366265244018762,0.22180681553146142,744
1.3363103584908305,0.06344121239656167,747
1.2332203882116457,0.11573256968011003,749
1.0709344884315766,0.1564757045420883,750
1.0962604018649449,0.22746994432183776,748
2.3688835767864083,0.030480157868195634,751
0.7023832754673454,0.020986518354224118,753
2.26908336878343,0.05376214330085514,754
0.5341749163921956,0.17677760117165695,752
0.7048104073295165,0.08858782194063766,755
1.3952902264210187,0.039995205241808406,757
1.51463411270776,0.02723877178087485,758
1.525782353323052,0.04900819312104356,756
2.1116470715811566,0.15839405681202703,759
1.547200967127332,0.18176831617684885,761
0.8005013450518754,0.14924203591130916,762
1.83235808480296,0.12732141703050093,760
2.262336490388963,0.07908901518706092,763
0.5240215831702808,0.035120607336213645,765
2.1271711292027673,0.16941407865091807,766
2.1748100156045034,0.2023323290401703,764
1.0522312708318189,0.17244489355959508,767
1.9665785264972624,0.05281708130446773,769
0.7535456956215303,0.06545812228645032,770
1.1453258927531298,0.11927162184466905,768
2.271546024321915,0.020006607274648112,771
0.6536953082812484,0.15179302409848994,773
2.3640402821198547,0.24521818546017654,774
1.214938692492201,0.14562745642637262,772
0.9222695878050098,0.2054513160380033,775
1.025442771081595,0.10033503847471169,777
0.5771300053998916,0.1037106141104977,778
1.614557017748711,0.0947270651085883,776
1.916607077656363,0.13174673753952068,779
2.0826123570517696,0.2230124449456989,781
2.0767413598245454,0.04753786022482087,782
2.4888939546466373,0.07103144303977384,780
1.2882203133447432,0.10866592533888086,783
1.29217139156479,0.17596297910468242,785
1.1946946543596506,0.04042257334255939,786
1.7278037243448159,0.1572232782117289,784
2.039095978759465,0.061883444855111804,787
0.5116473651803635,0.07170820249713471,789
0.5526281792595651,0.11996442840827047,790
1.1110685879346531,0.056649904914800334,788
2.4402773846657633,0.03415173292914946,791
1.0596145644046855,0.22569726899223708,793
1.2966901669565474,0.15085849001133927,794
1.324411219052244,0.1309204280086251,792
2.1440797553283013,0.11501544985167818,795
2.0841419521683715,0.11160471616318197,797
2.311380175496966,0.06507183846332197,798
1.4935276169874225,0.11864013001690164,796
0.5300508194895546,0.029780414991455447,799
