0.6554714363377341,0.21531418515237793,2
0.8431343397156337,0.02968116387284485,3
0.767762490464672,0.03962775051346402,0
1.2867509524618945,0.3313740705636114,1
0.8873246572324294,0.0776534589531637,6
0.8701942388354846,0.16858604211164885,7
2.4115143417102365,0.27645413301850075,4
1.4374799175454773,0.027821831852225927,5
0.6921213240866704,0.11544859709343341,10
2.1888287792429884,0.12863240620403169,11
2.3191259251018526,0.10312827466535104,8
2.226760275452717,0.18653293890943975,9
0.9387312161045134,0.22158639776135158,14
1.3829752762606289,0.16788972585234543,15
2.1983509157805274,0.19115032727383022,12
1.7267489687826711,0.1955500001967225,13
1.891818854364643,0.09073001431993626,18
0.6459640046449089,0.07502520023302288,19
1.9710998888278413,0.09290601744131405,16
1.151507963118058,0.19533919736855113,17
2.168529889132256,0.2309941265071029,22
1.8430343196738679,0.04465339135263208,23
1.937499828706544,0.15533357005910392,20
0.5631587852774758,0.01751938160676456,21
0.7767661438982905,0.09858117418356377,26
2.3060507179993888,0.16115111391337927,27
0.5004123803331102,0.11546761494602667,24
2.3119383852614064,0.04145284834208613,25
1.9185317820328915,0.09834839703048603,30
0.9965633523495925,0.14791990681551323,31
0.5472158220801573,0.19957254938532276,28
1.5282173940419141,0.14970235786512615,29
2.405061615577685,0.11227066298868707,34
1.8329861534243361,0.17764303356959335,35
1.8276399029040238,0.0681448957458109,32
1.8731969911039297,0.0895993736823225,33
1.7949824987304703,0.18929212450336427,38
1.8756368554616778,0.13676552103108025,39
2.2761486434090292,0.26140526387132923,36
0.8134640558392041,0.08739509501841344,37
1.6805264190106874,0.18443778990188117,42
0.9631948357563047,0.09758564896825919,40
2.1215832908711576,0.07696615637565199,43
2.214508478770104,0.10119720297322483,41
1.969286852226404,0.1272892450236562,46
1.7593561828747943,0.1977977418480213,44
0.843168488811415,0.1940681964474257,47
0.8990381936731631,0.06521640162479324,45
1.3761779586635272,0.17143115786188245,50
0.5267448409332935,0.0496452297431199,48
1.4267954066653847,0.09971308378365885,51
1.9170027250429837,0.041375791310752724,49
1.246351169407488,0.03725401254582093,54
0.8215014168979589,0.055556527537380385,52
2.226093983245784,0.15725950617291046,55
0.6596766113795516,0.0318362099956605,53
2.4250455092386995,0.19342438784917387,58
1.3330126936518425,0.15061978734338555,56
1.7037729559715549,0.1491144482692993,59
1.0978213660908291,0.30734226075940657,57
2.0800976937771845,0.14867947484331803,62
0.6842053199925753,0.050277204842129476,60
1.3610593741383021,0.09894531306395891,63
1.682111121352046,0.257205841505472,61
0.535073076108493,0.1489558059948508,66
2.2521927173332204,0.08128080631210328,64
2.434190982410787,0.1452852245316961,67
0.5052858370114024,0.09861051151608291,65
1.2269257198048849,0.25178426278417504,70
1.4132561365572958,0.1408805176267938,68
1.0551698031046925,0.18304970162026138,71
0.9353715341280002,0.08095476042494225,69
0.6209144542955485,0.12302013537513,74
2.1523295104998614,0.18043099817099087,72
0.6664489670209459,0.06473027063674053,75
0.8092020700934124,0.2289143157384703,73
2.138322660607845,0.07644742454696052,78
1.6793465493409854,0.03463221390296403,76
1.567645306816054,0.10497374730150147,79
1.9525884754239442,0.028507425623562083,77
0.7191954653239405,0.01455952503467062,82
1.3982474336660304,0.10088462170267608,80
2.017008994310935,0.2450661008617614,83
2.2251856337569826,0.19743136741972098,81
1.4245090693567182,0.11946000065107101,86
2.2275772624798087,0.08948067137385096,84
1.6187096656255875,0.21266900934179256,87
0.9860750972673422,0.06029149040894473,85
1.2261219324705939,0.16247537411086807,90
2.201327847803853,0.10276459386926795,88
0.6340057799825947,0.22004184451559966,91
1.558705419692751,0.012630359055578744,89
2.238562607352621,0.024940513825443295,94
0.6878301990724536,0.08978889779209037,92
2.175523266410949,0.15936134322710935,95
0.8270297525724242,0.19535654570908975,93
1.3305054976776536,0.1303710670882652,98
2.2387503722010793,0.03984641062013299,96
1.216447808182502,0.180075699557009,99
1.6211591589154177,0.09917144949176822,97
2.1542793934542614,0.02620589879036793,102
2.2909792412171606,0.14690142230507786,100
0.6804614325498162,0.07123213575908514,103
1.4425415188130157,0.11063072556405372,101
2.0331724077221534,0.20133645599683356,106
1.9635525172289756,0.0756056308484287,104
1.3677322990706682,0.07672615952279126,105
0.615599301317411,0.029008584673116008,107
1.7248582153957779,0.09373591939643591,110
0.6937892563518862,0.0917313391299773,108
1.2062767914013615,0.10139132235953814,109
0.693264867196786,0.11710785200015368,111
2.0254808972108123,0.04188926405136523,114
2.1608371129392037,0.14600566000545132,112
2.131376380430874,0.06447659193346199,113
1.185756999658318,0.08942369073347667,115
0.9136667886728582,0.24762669315561678,118
2.058245872041929,0.16548674287141904,116
1.1370529784735528,0.13687611656218726,117
2.292487047314722,0.3029348716824034,119
1.3924207613101223,0.09756708577358536,122
1.4909046597929325,0.056793511233548755,120
1.0368769392842132,0.1622354155564753,121
1.7670866187823628,0.08885999414233291,123
0.9359809107446826,0.12854150937906286,126
1.091735178797228,0.12923310099291,124
2.104710630156327,0.17636795482523449,125
2.4386252852498007,0.045829768397749604,127
1.3802533206542549,0.2055274490372229,130
2.12063056739965,0.06045102546255318,128
2.2060691245634323,0.1445883799931264,129
0.6546046261143992,0.24606725055514145,131
1.8017719856194283,0.18385720538495554,134
1.2270790219456245,0.061041329262713266,132
1.8989189886909,0.08424727138480652,135
2.020351616783805,0.040318871809354645,133
1.570580999325872,0.25175697536593694,138
1.7197535005569353,0.14008696771349613,136
0.620211163600934,0.020379605949101775,139
0.8587951598188905,0.2301224385871594,137
1.879308701010406,0.11251457310252988,142
2.4391446971726674,0.05703398678713611,140
1.1888029154033424,0.049295931430728156,143
1.8383965413472823,0.07678489241511834,141
1.668581052797103,0.23547656726906055,146
2.3348946825654022,0.05419589078719892,144
1.5026031700062907,0.1767379253022196,147
1.0317532290003288,0.004219771352198492,145
2.0194474648193013,0.17578252752339227,150
1.0148079964228867,0.13884046767486943,148
1.9266477645387288,0.157932774504769,151
0.9502284530125085,0.09085410101571945,149
0.6318943513277999,0.15276690816127253,154
0.5255522721682298,0.05330061741292405,152
2.159675390403394,0.024107758546858413,155
1.495144709555326,0.1578279806133705,153
2.202209362765068,0.2689710023449652,158
1.5692440669601304,0.16710101197662874,156
1.6325982018753882,0.07966004465593811,159
1.8161595466459166,0.14270804644701257,157
2.025820305357313,0.05711211981220238,162
1.6987172418296057,0.022952966651331397,160
2.155949057155688,0.1452086325928553,163
1.9478780527856103,0.1903113822663606,161
1.9198011710596286,0.15305551407757836,166
1.8412632419455444,0.1558665379773624,164
2.4157445183741704,0.0436690612601085,167
0.7588519384123218,0.011538663968809815,165
1.9657917609072588,0.07808453505925045,170
1.604128348725087,0.10775310045977833,168
1.7448818289670434,0.29546785752795324,171
1.219853257711952,0.18403183658371558,169
1.0348459375626657,0.19534555667488918,174
2.1585359613467814,0.0959832814103363,172
1.0768325296424952,0.12436636495715053,175
0.8165883728583363,0.2707430767387341,173
0.5230721524409887,0.28806059356737174,178
2.282859005774352,0.1021889576990731,176
1.3050100173391743,0.14704008793305565,179
1.8660027171004419,0.14919475343939756,177
1.3922816242458196,0.07985724488038662,182
1.4570619637129745,0.22145735349960427,180
1.2380443472352063,0.13963319870473503,183
1.8811490207499415,0.11477260994430216,181
1.7316094738672843,0.24513029419688548,186
0.8191372047527978,0.13231794944511424,184
1.2630253895394448,0.09224363145024997,187
0.815464871842368,0.02455101178324422,185
1.1451759074793515,0.073961271385528,190
1.0374751615499829,0.17642446787576882,188
2.013171428798339,0.08025611833874487,191
1.1060871889151513,0.12915309711593612,189
1.0230498730674125,0.16807790626965347,194
1.7884503593047474,0.24164580673708982,192
0.7161771244732598,0.04342127758382447,195
0.6806476364492973,0.12399214843454623,193
0.5924307999070937,0.16676846952410557,198
0.7066366214705118,0.0627520764448071,196
2.1715106791302157,0.09452086981891505,199
0.7750586865132987,0.17493674132870946,197
1.9403203828759048,0.05383357083058289,202
2.2761623581226873,0.050271952509233775,200
1.2327406000381278,0.08435435245637946,203
2.0342173929910627,0.07853792352789232,201
0.8720415034625324,0.13889064031558437,206
0.5546542451090786,0.12349636227546859,204
1.1384188001840785,0.024029617436709557,207
1.7144099623235665,0.0963822851174906,205
1.7193402178954096,0.04087562087971206,210
2.4997657929124593,0.09269556880158686,208
1.0808742033735328,0.08908328743895835,211
0.963260610566079,0.17953737667820796,209
1.6280204289677045,0.02139954926677163,214
1.8259220216531717,0.1327626039897406,212
0.7138450078200318,0.11658447018367167,215
2.4661121028844413,0.1736398129952175,213
1.2679843302857758,0.14091013647425887,218
1.9154512699253807,0.050095402622514676,216
1.6249279609686076,0.11768718831211061,219
0.5843505637140092,0.1672191805119996,217
1.6759736944097587,0.11873363062127447,222
0.9006752059139607,0.10031526903205437,220
2.1462953423013134,0.09001745511002246,223
1.7326533109724447,0.09376452205292402,221
2.289918316164133,0.19767999960716642,226
1.1330491387947494,0.12859132368398848,224
0.9866532424898844,0.17325702235882887,227
1.548502066918752,0.22904592455179917,225
1.5333214668226205,0.045400611190702204,230
1.393850704248147,0.2215477258509226,228
1.74810787170439,0.08318052295535572,231
1.9389707886773797,0.03457139579497036,229
1.056531822947941,0.1462584035237717,232
2.1685781238753696,0.10039425355666654,234
2.162446074725369,0.1215121754304863,235
1.3248665878849397,0.1922747472622267,233
1.7507516986963298,0.09724348597324359,236
0.5920597097616724,0.0875864216574062,238
0.9832629223155078,0.23212060216134614,239
1.6644099744955902,0.08068026447455828,237
0.9042751322548683,0.13437148715446348,240
1.1877851732411924,0.060872316740061806,242
1.7201207580171827,0.18863132846406958,243
1.669101185898272,0.13115212422244438,241
0.5826454958584084,0.10979772500366006,246
1.0716147582836173,0.11991805848834224,244
1.116866780367656,0.26822928936868085,247
1.2752666122502905,0.0718764361602137,245
0.7088840658714799,0.14117207125250977,250
1.8572230037493815,0.17899418124144567,248
2.344063368699381,0.13954792976421881,251
2.049318521892134,0.08241420639070506,249
0.5714118716322703,0.12486079735467447,254
1.949801602262756,0.046640324172305576,252
1.1868693508945918,0.23513830998581914,253
1.0553942897191226,0.14245888431717707,255
2.0227735898627577,0.15285275099293424,258
2.2995246110462526,0.17971600774496554,256
1.7277648166085002,0.06286903335612931,257
2.087903625049881,0.12352508934368067,259
1.7503259973082719,0.13518021024441337,262
2.163462796821921,0.07122257541091946,260
1.621752212091136,0.07342637194223832,261
1.0764192742722212,0.17118826165598944,263
1.362041002092193,0.233643936521937,266
1.1813762783294477,0.1650734979003037,264
2.043183133056961,0.07332778090529604,265
1.0584636764907647,0.19195767174429218,267
1.1985590718092416,0.20803666467369097,270
2.209978925008101,0.06700782086995576,268
2.0699509663315308,0.08844701166170502,269
2.383892768963892,0.1961738106414462,271
1.9714489212475497,0.12388801417668271,272
1.769609208968441,0.02652639451266725,274
1.029204578874815,0.17362912186248622,273
0.8395475084758097,0.10858316692555317,275
0.605084972967816,0.12376772311052593,276
1.2562117433448734,0.012251738327126074,278
1.523064120229487,0.21823215559959952,277
1.8797679900728406,0.02764630179290019,279
1.8131807451884197,0.02972754964057074,280
0.7803455557102006,0.2649230487832048,282
1.1134133526781502,0.097675109074601,281
1.2840072235694548,0.12060537845199931,283
1.763029777240767,0.24064474868289426,284
2.3101869356312967,0.07146358596731893,286
1.0820340967560766,0.18294044638938112,285
0.6231439944200774,0.23567066967734332,287
1.3260742202219553,0.11570492972861418,288
0.5972876391854363,0.19945156486560311,290
2.2238264876530924,0.06879309273157687,289
1.90937740635201,0.1451060286417921,291
1.360946356430445,0.173495510572699,292
2.37794098539125,0.14575335810724122,294
1.815174696638862,0.12590696973195067,293
1.1103831575676346,0.1276961134547065,295
1.412860336378101,0.1737296451309974,296
1.229574663071534,0.12195220455503411,298
2.210699946082216,0.039017598662432866,297
2.1282713755904794,0.1482637119089045,299
1.4737905071994373,0.13087811332045926,300
2.274530840371199,0.14772287286950767,302
1.7161215241976044,0.11611801449588366,301
2.03293198604818,0.10272645461753216,303
2.1115911483937193,0.22094295781780968,304
1.8993900797009318,0.17605169464881587,306
2.253312640072217,0.10961119426252769,307
2.049104414527077,0.06394737611878709,305
2.1711239445370376,0.11959657543101235,308
1.616408883632241,0.09904690338684262,310
1.803844381888693,0.1689451515867604,311
2.2285493718867087,0.1327713413539797,309
0.9176497073084966,0.08014058253834729,312
2.393885875850512,0.10230556078971087,314
1.4063364044439433,0.09897421570341619,315
0.9407450393220222,0.076998523533981,313
1.4523014509000465,0.05313612267644574,316
0.7504417016152756,0.03457701103463551,318
0.545105667560319,0.0700755580957528,319
1.1078841936391302,0.19796150957637013,317
0.5838995149438766,0.358517997640514,320
1.1308334298202936,0.1826758322890033,322
2.0345559921393788,0.14412494172152268,323
2.1325103622378108,0.24074732044328104,321
1.452994572947946,0.31124433520308853,324
1.7701627267515008,0.07691149992941812,326
2.2525253603639737,0.19074670991217918,327
1.048663878448416,0.1604956403898814,325
2.3986973127750355,0.13891041950837288,328
0.5108381366044614,0.17879958615998381,330
0.5900815258262209,0.12718419081393292,331
0.7680100620389236,0.12995202687878482,329
1.7418443667473256,0.11214982165105923,332
0.5805455901056904,0.07435156225193751,334
2.039121676520375,0.026121470263453513,335
1.855428907985567,0.09981606605997526,333
0.9908647887416628,0.14465182906667437,336
2.3109974499401185,0.13823181829173292,338
0.9671615505816864,0.14286829764097397,339
0.7591768478139658,0.03173485007854844,337
1.4430316410670196,0.09243664632458873,340
2.471769120544164,0.02390202993762204,342
1.2838821932272515,0.10493899822920055,343
1.9210323511928433,0.24472789787284988,341
0.8880942312363482,0.2133968681866203,344
1.767002131563486,0.16114074840578516,346
1.384308057159238,0.10152261620069516,347
1.8346869074621124,0.07245417649279416,345
0.6035666615864228,0.034445356422514194,348
1.8204502450796678,0.039111618359174455,350
1.4740309119330068,0.06917349547920934,351
2.2801625555958553,0.17553118662261596,349
0.8191072198330345,0.21376996821351635,352
2.29420824280366,0.1659394803036701,354
0.5218467045847193,0.10913156284940265,355
2.1938249845283,0.0728340682271144,353
2.4436862073414742,0.11699173429720187,356
1.963300136361211,0.09115357571851891,358
1.306236448486105,0.04495864948150058,359
0.5594728011445282,0.11409647669071406,357
1.49354621276109,0.06991846403675882,360
1.1233740441592062,0.06760640126210547,362
1.1071465536235219,0.007661611697608638,363
2.409462006627982,0.09216169094801242,364
2.41429983927196,0.11672465313069663,361
1.546943767023293,0.06975448422479161,366
1.124984230734237,0.1179796800002174,367
1.283304162696703,0.24022083365814734,368
1.6768321730292721,0.1134988648016208,365
1.3471706659518399,0.15274554815019292,370
1.2534961051924856,0.15983474914791596,371
1.335450977145403,0.03243200460723841,369
0.9346152442849491,0.06420968618572369,372
1.106159850129617,0.14776971725075336,374
0.9440989668154254,0.15907915608616052,375
2.2653104166475613,0.12357609302350053,373
1.3436845649731177,0.1790343389682776,376
0.8951889000012967,0.18052907159830275,378
0.7326191329383178,0.06946405410463784,379
2.388044495666419,0.26247444104362405,377
0.9005856215210748,0.11547918117730055,380
1.569434588161961,0.12741801897877977,382
1.4566309382201776,0.06348507594648181,383
2.2836028276140237,0.08189482518975692,381
1.5738021582265498,0.17015734461657334,384
1.7935484953587288,0.09684646659161547,386
1.263107135147441,0.11256756025812892,385
1.1636690288167733,0.07601046793621957,387
1.847079478377849,0.11233400546173183,388
1.8701013703077571,0.10198103389360734,390
1.249369135994027,0.05412753448600156,389
0.7927142798685551,0.07050820222746712,391
1.4626768990876715,0.1099705527195706,392
2.124038533102398,0.1743261524233033,394
2.340747840817396,0.11670532436194317,393
0.7923333755921214,0.09810506401983199,395
0.5354999339333439,0.11620872783120138,396
1.6137216113562125,0.052784227353295014,397
1.2710121246435906,0.1259500014609029,398
1.9452290450337948,0.09368795117624512,399
2.1013986050695816,0.07737525686325253,400
2.3145789988127214,0.018714653627676762,401
2.067584908907783,0.2398011735575336,402
0.9891360723870986,0.1624950663062891,403
1.2522659373781213,0.1138983522120078,404
0.522313062030322,0.10850415717681297,405
2.255187153309471,0.17111557189310095,406
0.9310231093484094,0.17618631695178805,407
1.4046364369763387,0.034940252556937744,408
1.3340039931708063,0.2252783323511468,409
0.6053572338412652,0.053522090227996914,410
0.5162447654522058,0.08953658066692553,411
1.2780013587436034,0.1979891217593926,412
1.6245055958111483,0.17441401256061753,413
1.8215459709198965,0.16573604925580218,414
1.9271173307635965,0.12545502771025951,415
1.732854270627851,0.15657931955321933,416
0.7813778892457972,0.17093609118440908,417
2.36136135615189,0.12553385773572381,418
1.7904737011097356,0.4147489333067941,419
0.9167064884494551,0.08065120732351728,421
0.5698203060034885,0.022987218666730425,420
1.5527324005038585,0.015375880537681226,422
0.8713135582050044,0.05486307572125937,423
1.8759113059987356,0.10670362844120496,425
1.9772541540006325,0.076332991506732,424
0.9363001735044132,0.05413746204744862,426
0.5381973037103147,0.13135809466978424,427
1.4443537871687953,0.11348504838701037,429
1.9706998873330808,0.15560957017149676,428
0.5097004378477092,0.09775026749278803,430
0.7523613002656286,0.11617722472720043,433
1.1271218105304108,0.055274356423861,431
1.3250748733172866,0.08888147021527103,432
0.8420496237619579,0.15303858689478028,434
0.5940660383789873,0.08373009886927094,437
2.3192251142993765,0.04951106602920296,435
1.2479751847608862,0.15996494297681632,436
1.1226493848815722,0.2121663026899764,438
2.0215543795169255,0.020922072636479425,441
1.9217364303113327,0.23029197734662527,439
1.6841208696698926,0.027291386076105317,440
0.6133614094344215,0.005824997538652496,442
2.2874581048526044,0.19072989635750848,445
2.1340788369963484,0.06704587512505852,443
0.9986960406225398,0.12790574776911093,444
1.2617987054377768,0.09087727862869392,446
0.6890528636925837,0.12176293931937786,449
2.0410794954841442,0.07326879419218417,447
0.7428797449240017,0.191301527117395,448
0.8368496695582779,0.19734553322790194,450
1.9377900265033141,0.11050469508754308,453
0.9750721721700251,0.09916756839149043,451
1.8077435496205843,0.11689519810054426,452
0.6661073860951372,0.130351586423748,454
2.41983583336075,0.08756354659069177,457
1.5030542793983714,0.19349168368126346,455
0.5177712323038484,0.15556601694477123,456
1.6380115461186173,0.07951422294096576,458
0.6194439167037251,0.0992097561892681,461
1.8536944675158313,0.19556493108697112,459
1.9681495205142587,0.23612964702537115,460
2.425341380297497,0.11930840532070008,462
2.1308299270676603,0.06865028653109301,465
1.7080686496109299,0.2035930403830983,463
1.5283888150537919,0.16818093842112103,464
0.6183769204127423,0.027415026362240687,466
1.7721929092995794,0.05416522053598453,469
1.4705994603146797,0.2001739156790522,467
2.2109872355715163,0.14064519118955404,468
0.5873321730611964,0.17200156694650928,470
1.771728888159737,0.07536224684629217,473
0.5267697022379558,0.21252746424349983,471
0.8654444309096359,0.11802495740774584,472
1.582973853990218,0.2172998920792001,474
1.3897920340375611,0.19420665321610153,477
2.0405528831677575,0.19866207602468988,475
0.736394378352714,0.22055599455426897,476
1.3096402670538436,0.09934503223289703,478
2.0968774228200635,0.07702940289349568,481
1.3510409458947965,0.08211877089051271,479
2.467794080990532,0.06859183114210407,480
0.8499874456638583,0.2156714718211038,482
1.1142439497556207,0.1526406666234702,485
1.3677542835716192,0.19923802417147668,483
1.3291043884001068,0.12202741161177655,484
2.0211873794460535,0.1482225311789201,486
0.988392536012443,0.16625049631842298,487
1.8810542285800878,0.05223290562444265,489
1.1695916530711872,0.0241597674715798,488
2.2677182176151707,0.143613113967376,490
1.7896574154414988,0.10702326213673406,491
2.0081487255872057,0.08540181258796543,493
0.5008258419347442,0.033519990355074386,492
1.4774504149579972,0.10604628424298886,494
1.760499863081065,0.2031297795969667,495
2.0910044175327824,0.11222971238922877,497
1.2890831989295604,0.1181115829233806,496
1.2111220511669472,0.09727804277238511,498
2.103998946371565,0.07298048953113867,499
1.7220842386405817,0.011322920699222047,501
1.8946803564063728,0.13473948076574002,500
0.5794853804871483,0.1856507363009981,502
1.7070127762132798,0.26957525191147497,503
1.6820007946489792,0.09313787803272074,505
2.16779247714211,0.07164275493718629,504
0.7918834239537773,0.1422945037129912,506
1.4113414783015203,0.032072102597143416,507
2.417742401411761,0.05022666786714001,509
1.6498931379453818,0.09594904548716955,508
1.9478263870626942,0.15480492389021785,510
0.9393071965639435,0.09981121477425255,511
0.5080241873512337,0.17223976526511003,513
1.9899318644667585,0.18091926158434635,512
2.0613369679952775,0.11732951410106854,514
0.7183267700947962,0.12191882069841393,517
1.275047952948475,0.15651850859115893,515
0.7981323088182388,0.1327760817313926,516
1.088859497141734,0.03484184654553321,518
2.439997589730717,0.24937823918597823,521
2.141743093297051,0.05554838966909237,519
0.7326667290269615,0.06173172876179342,520
1.5841852299056545,0.19042585247256763,522
2.2796647694595658,0.060413604844679995,525
1.778855602878697,0.20015398990942435,523
1.6094016606960357,0.14913221251104378,524
1.974583957986217,0.06713854108773891,526
1.4101992828972478,0.1379822510059878,529
0.5712948102452788,0.06606411021057022,527
0.5683743523432954,0.06097952735890605,528
1.2181836228126173,0.17241105827610756,530
1.3188518389013357,0.1521086112759662,533
0.7623651571970844,0.08153459412306437,531
2.153294375046824,0.02705898922747034,532
0.6774777439607913,0.13245115556924114,534
0.5536977618051604,0.04644294737093996,537
0.9181349230449722,0.12362107084932863,535
0.7379408405612131,0.1928934104960326,536
2.0225498638539885,0.09925484680463496,538
1.4472857166092383,0.06435518421451628,541
2.0803497328950717,0.061576636607960734,539
2.480347035650997,0.08022610988524714,540
1.663424147174067,0.102418969500915,542
2.092137309064183,0.16234672363063948,545
0.7495712191178967,0.1026314806059091,543
2.369101015315514,0.07177248967282777,544
1.9008749118110373,0.24506694297774942,546
1.402106726309262,0.03777174763586512,549
1.840379242323871,0.24994509708392476,547
0.8172173014271946,0.11238678539128251,548
2.2360901026772173,0.04136108280244185,550
0.5259817891911533,0.03192711524940065,551
1.5633762624769125,0.12221360269215492,553
2.2379661535952744,0.18056499661392997,552
1.027636926432568,0.18083228263175521,554
1.50417259778984,0.11715371370597515,555
0.8297392678796507,0.12465774117788682,557
2.385376947997255,0.13345018601987219,556
1.019838293327895,0.16518733105108957,558
2.4192897837402945,0.2586343086823758,559
1.5834010459096965,0.10829618248817069,561
1.2845283732445194,0.08099134526223886,560
2.3931730932745436,0.11835700335532101,563
0.6068023686053983,0.183283205041153,562
0.5192692474352747,0.09834444624418824,565
2.08087566803809,0.12838854707748165,564
1.0280124772778887,0.046741949642665134,567
0.8937249305538315,0.07036544651732617,566
1.2112274452276577,0.07019223644248182,569
1.5728823565127563,0.13660377856601943,568
1.4776563119458335,0.12615416541757188,571
1.7738924872087565,0.11193690579823833,570
1.2919602228219909,0.12961917533414208,573
2.0113147201190253,0.1592206521348505,572
1.8520695698051186,0.10570265739059975,575
1.2296274009926522,0.10967126202147051,574
1.4449608823106002,0.02302584220395449,576
2.443923432208771,0.18832799672117542,577
0.594984967563859,0.10488180138259845,579
2.473043137852789,0.14559197340405006,578
1.452603236681518,0.18972879236668064,580
2.1715252827172864,0.08451912924053849,581
1.4304597019387946,0.12780171304073434,583
1.891478884498334,0.154749932129853,582
0.9951845727090876,0.11917382284108353,584
2.281953493531824,0.05393428452375253,585
1.5606549181775875,0.062280515951849524,587
1.548069098456667,0.13951179791454768,586
2.039785745962651,0.1981819846097868,588
1.0038433651690832,0.08378396438109764,589
1.300009417308216,0.11804243375334827,591
0.8225735116978363,0.13831370103562876,590
0.7754873595187921,0.03238867408534168,592
1.3820036487055638,0.13961981573192986,593
1.8571193783081654,0.11910488428740651,595
1.988932909448979,0.08902934209720305,594
1.404755035414699,0.12782508860283173,596
0.5710608990659192,0.19593013404684978,597
1.7772124237474143,0.20281710406853903,599
2.137970204159571,0.1981710701233575,598
1.718372552237669,0.11146855121226751,600
1.0339728052765305,0.1423193080330536,601
0.8685746849364919,0.044380994510147195,603
0.8807268301733431,0.12672459319960835,602
1.8442651878526504,0.20074995966855594,604
0.8754194675769282,0.07684796687205744,605
1.109377899778878,0.16127305164021294,607
2.419118520232781,0.21259171865215226,606
2.1864838503335653,0.10157140296655254,608
2.3700367272130625,0.07192199759438876,609
1.1352319292075632,0.13706610412302053,611
1.0715539167757038,0.09592021611326554,610
1.3177990865373679,0.049328225410299784,612
2.1298771426820116,0.011731624247299052,613
2.0829019627540335,0.19215676252946612,615
0.9213951004381977,0.18664396439719894,614
0.827150591163619,0.15533350996909379,616
1.6464643490593251,0.10896574103904783,617
1.2018876074743639,0.2602008149734954,619
1.7336411522684103,0.3419526669314286,618
1.5841418428958305,0.05638832360986537,620
0.581541562079726,0.19757866327194878,621
2.28360447557381,0.17074521393304282,623
1.731252791334769,0.1558923916623172,622
2.087596557871761,0.1760714964697207,624
2.3167598044679734,0.1977116083058055,625
1.5550959287355006,0.26402813444359796,627
1.906744678112676,0.06464615094325997,626
0.9820074111264447,0.10779130852269495,628
1.9901309294133167,0.11878074401532678,629
1.0197678722883006,0.13705574430079925,631
1.3317816190158878,0.16294628991745974,630
2.3844496127794557,0.11651935259115448,632
0.792176508574779,0.12416628503906375,633
2.205694691396669,0.06691184077365483,635
0.5837064512549677,0.089811795826852,634
1.309044927276284,0.10316869677329565,636
1.2363834297197132,0.2244041044247137,637
2.208693959767869,0.20501006675509348,639
1.6894548708340902,0.11375595669489579,638
1.416295224765681,0.027863649593833292,640
2.4215973471925953,0.2723598611827241,641
2.168893649194131,0.20799857736482075,643
1.2634585134684269,0.18436034977253016,642
2.345299399244807,0.0760997098575547,644
1.8339151737461123,0.16335457674669346,645
1.9352464939721954,0.245826571679716,647
0.6032452635635619,0.17273669789551993,646
0.6535687591404762,0.2490997479931475,648
1.1251726228477326,0.1797736417928849,649
2.1118279219126577,0.1192411936239532,651
2.266983330837842,0.14067279269297395,650
1.215246976178055,0.07517923582937944,652
1.6939002056891166,0.09258579280267673,653
1.6881579441299197,0.21764134403599453,655
1.8567010958687433,0.29167199054559123,654
0.5659046439998607,0.07928421103383423,656
0.9107713778692947,0.06452546821258312,657
1.2147994021981987,0.1609962295332355,659
1.169106698620376,0.09798300683761042,658
2.3460624845512807,0.039209885262713504,660
2.222793347825757,0.1858432064458598,661
1.58654424574161,0.09855989549933697,663
0.8165150416963369,0.07572539897633962,662
1.2629068465156357,0.01649689870827335,664
2.358313952935244,0.14804781021220867,665
1.5391836070512421,0.14833717074577787,667
1.1399018400900462,0.08358595590930383,666
1.0848135175074405,0.08247924596166352,668
2.172598385463627,0.018079994718493423,669
0.8952626910767989,0.1993954801782467,671
1.4990188755175076,0.10393369171134358,670
1.391068494173857,0.20755839119456604,672
2.311372337035093,0.24175889884361654,673
1.6738885821264704,0.06283370827356212,675
0.6759714189955166,0.020575695435067876,674
2.4238052203206752,0.10986577218686239,676
1.4840100479529081,0.2143890322440187,677
1.7250159337944508,0.02538065667149251,679
2.047159855559207,0.10169950182944798,678
1.3312754650125165,0.11898838556705904,680
1.2976308097860132,0.0764864137005118,681
1.6714526152927252,0.09033365458040649,683
2.1859254921158726,0.17123052937545158,682
1.2227419007104008,0.18088282070603579,684
0.5416997622066884,0.11082333052577574,685
2.068811104566091,0.12471122544405754,687
2.0197330891005203,0.07213722743563442,686
1.1174539803137564,0.09235186582476324,688
1.2061385620984655,0.12014616404100598,689
1.2666447655168045,0.05137934986471404,691
2.153074940065796,0.04646137020919017,690
0.72311624010028,0.20305370622236027,692
0.8979905362975407,0.04796665143700137,693
1.7282353002729964,0.0836805930833428,695
0.7435986575158875,0.11841975600495054,694
2.1117501277216206,0.10543745699283434,696
1.1558876824720838,0.09816068496499429,697
1.076701081992492,0.06848749261252522,699
0.7230264717266945,0.06157194974406391,698
2.40708620506505,0.300683812003512,700
1.0459199169383395,0.07664534254291744,701
0.654430950185529,0.041605907549393514,703
0.9963248738598467,0.12863475022046642,702
0.5073314307155559,0.2059866887785069,704
1.8068642939704074,0.18431658146851324,705
2.270071332820563,0.08634882101113749,707
1.8999386093975987,0.10552266445022129,706
1.4574449327764798,0.07888285894604505,708
1.2650331064081948,0.029992673838428324,709
1.3392278847600316,0.16812886543331387,711
0.7365452998336504,0.1347813624861149,710
2.2086996509069814,0.21285365218681412,712
2.4363215206482565,0.15054192964705992,713
2.193255947996419,0.14058992414211038,715
1.5296134009806541,0.08079096325694289,714
0.6770510073313833,0.06761786723243439,716
0.9573207145884559,0.08651552058026334,717
1.2798698842285985,0.24016273855374282,719
1.043741720042358,0.05165299905208748,718
0.9994441355301449,0.2353371165563133,720
2.3884923990597517,0.08850831726475106,721
0.6353117573288098,0.15800417674240594,723
0.8553659179781248,0.10017378602812713,722
1.1463958524560063,0.3113034859132628,724
1.5039485764287923,0.05530371203750441,725
1.4559475692345671,0.0401898772479663,727
0.6691668322066475,0.1177024341190609,726
1.862973881459649,0.08154325980296429,728
1.4787046842636924,0.08528909918375031,729
1.6017276349486553,0.07417515219749968,731
1.9606262060401,0.1378699867908354,730
2.0437160996652954,0.08662166675003441,732
1.2851276916247258,0.013620620148414753,733
1.256264987857292,0.018914133535257546,735
2.0552422042938705,0.06016527150103428,734
2.330299095665368,0.09082785641611989,736
1.5364655433807368,0.10780549970319356,737
1.409662544149383,0.22530574617900023,739
0.9918482827250266,0.15045016049293297,738
0.8224722732219485,0.09608287334572467,740
1.0414644891772522,0.22158761354764792,741
1.3663472048061636,0.06053499647326928,743
1.417363709911987,0.09413049852804656,742
1.3363434593293526,0.041506887779075234,744
1.6274752466151894,0.13388046558702485,745
2.3328482970593853,0.20213742960707257,747
1.85358949112893,0.022276077629447888,746
1.9162826912916477,0.09454997002380933,748
1.5955181585045182,0.16459329179224783,749
1.991911281763238,0.08752466518381564,751
1.832148110125992,0.12330773743230833,750
1.9092047687187481,0.07348692453541049,752
2.3893396736679096,0.24788513474828947,753
0.6751244935935343,0.05286588878669712,755
2.1365953217179325,0.10554000186765465,754
2.4964320646014295,0.09126494998754096,756
2.3704395473021256,0.055147610908135004,757
2.048989626759197,0.18283421469120828,759
0.7925421089148579,0.14113020199550527,758
1.8970283597851507,0.06453844019259139,760
1.3301779715851796,0.08335810164522674,761
2.1757620691729,0.1894325122169077,763
0.6451234579163192,0.3147061294216449,762
2.283071771613002,0.10937621615692524,764
2.3688783814573107,0.07279512330337867,765
1.2607604916082624,0.12356721194825676,767
2.0639311023586844,0.07758710651712214,766
0.9130857936326124,0.038748087406775295,768
1.2653506809467365,0.04981675032834493,769
0.7054398023501269,0.1520589622023002,771
2.0182861950304947,0.07425513804045628,770
2.1965505554035527,0.0914704854358223,772
1.5691829057235138,0.2239338402434309,773
1.2621935018075985,0.21093238423641744,775
0.9438394422416114,0.18363403710345652,774
1.5873428023192144,0.10272074675235049,776
0.8647919888536295,0.096994870815358,777
0.7159857516252082,0.04953977233263265,779
1.9519178424610313,0.028624330154573104,778
0.6313731455312959,0.07231486631456287,780
1.5066472215671938,0.06860507959308064,781
1.1571872224645279,0.19211138969701275,783
1.0456445452004006,0.12747041874459036,782
2.380982822915878,0.13884678438819054,784
2.248135500561653,0.21100462245220078,785
1.2939286478542293,0.11506658757585175,787
1.2574695051440927,0.057029409284697054,786
1.0603404983275733,0.004537247984137507,788
2.3174720733141108,0.051224763712009395,789
1.4752235898929873,0.2219701777412281,791
1.4726659256502332,0.16836563431101387,790
1.6841453750993052,0.21051465166545724,792
0.5902904687245276,0.033351379495339034,793
1.7952912431256973,0.21604051394698157,795
1.2087805071061553,0.08414068226348193,794
0.928886294891514,0.03968657056100042,796
0.6037462499416575,0.19590073246430673,797
1.9383370001280331,0.035507493988512794,799
1.082401440346912,0.12125246265966638,798
