0.9897683235621313,0.17181816250685272,2
1.0747100296646646,0.02034741659641811,3
2.1476822680929497,0.19301885217455264,0
0.8927182666149467,0.028015083736475845,1
1.807665244161669,0.1385223644195563,6
2.289287130563028,0.08416593176834673,7
1.4648460019353688,0.13866214587150275,4
2.022829141931443,0.07269833351305822,5
1.179254396358866,0.12419994728940048,10
1.7031730194616885,0.15183834230306012,11
1.491500178557038,0.22677770510033396,8
1.7428408614733204,0.16260083893259528,9
0.6032733793961338,0.08589322585419254,14
2.385517232967631,0.1379727392357714,15
2.1652044103555927,0.11745526598982772,12
0.7286416329389414,0.11719994207613263,13
0.8711081993862302,0.08707133205618789,18
1.679656139151017,0.15214060972386942,19
0.7545825470232868,0.18789574538446463,16
2.3780112603236785,0.16258589925794634,17
0.5647406184460972,0.27043857009538536,22
1.4403204158414449,0.04327864009435854,23
2.442476353163575,0.08514241797583362,20
1.3637475615080585,0.14719714206064446,21
1.9092218016563829,0.0652682049368885,26
1.9237867774168196,0.14160857593166196,27
2.438019665030942,0.13816141559671177,24
2.1813676333369783,0.04934473292471575,25
1.8687109615006205,0.048975415987745824,30
0.6023213342658635,0.18627004415862966,31
0.886493238603858,0.060532108242552556,28
1.9932434544235074,0.08806807646664162,29
1.7536959728694497,0.2101829324068214,34
0.8731088316514053,0.21211224587654362,35
1.1187591487687167,0.1225693392451137,32
2.0224253051434875,0.09071412072157777,33
2.0323870931131296,0.027312023559402307,38
2.4441655488230616,0.09858064070726665,39
1.048700598065115,0.13068818175422223,36
2.018769684135057,0.1357136047547278,37
1.9439813051413952,0.13312017186446914,42
1.776799533450712,0.07385557827126814,43
2.223362251763992,0.09206599797889774,40
1.394195180069881,0.1570479127937653,41
0.889867247071555,0.035034312118975224,46
2.344312590011613,0.12742964341327775,47
0.584411972091331,0.313400033597501,44
1.0189027852282695,0.08404691163427482,45
1.124004064748139,0.1253944438855039,50
1.4406557114808152,0.15186017565153842,51
1.264414332202271,0.24269787310404944,48
1.9748829624571715,0.13037418090970496,49
1.6540735646609315,0.054782186658497115,54
2.0480738898658135,0.14301063690939728,55
0.9118396853313868,0.060800598254689434,52
1.492128404498365,0.11992374942089755,53
0.5531217031410993,0.14015596729088925,58
1.0940774716049366,0.07046369842138066,59
1.5788169370924936,0.07593708880154382,56
2.178004011118545,0.22155035713553894,57
1.3967843063797205,0.1024291732943506,62
1.9266735373050854,0.12781325505102323,63
0.7304112135729264,0.1347557923361616,60
0.8324757832668175,0.11243476966744247,61
2.252765328281612,0.18669387653766423,66
0.7032353260200326,0.14055273989853162,67
2.2692444223389723,0.030523486073750983,64
1.2810197851161231,0.11980445950316412,65
1.0678346935325345,0.07904673529947873,70
2.102705188722701,0.11005432026130389,71
1.6039342152918241,0.24164427520405632,68
0.9935809276177723,0.04860640486586851,69
0.5679244942393036,0.10800239511175361,74
0.7023921892241711,0.12347863745355254,75
0.6274350734416574,0.13939731464717592,72
1.291611518383715,0.10029046759556395,73
2.1635741497582988,0.051923244608393475,78
1.6560743448758715,0.0629796463523128,79
1.8360466522668955,0.13990198995993872,76
1.3556908123590183,0.10870912936317592,77
0.9824733597006987,0.01975468801043341,82
0.7020409671919525,0.1600893921535903,83
0.5146348325975925,0.049411982358283056,80
1.5043394073871932,0.22137601142700236,81
1.7594240056114163,0.029144845233347816,86
1.2193611655570953,0.06271600897292064,87
1.8784938589637046,0.16997155519433982,84
1.776760055292826,0.2884264109607596,85
1.393555066058906,0.006365024954573456,90
1.5216334081409126,0.06526171090000141,91
1.3235950598260673,0.14333153458905296,88
2.176857505066404,0.2254131797459687,89
1.4053022479925563,0.10818849170943945,94
0.9801951742789732,0.14071169824749888,95
0.8262595696098323,0.07531558083906699,92
2.392538995859979,0.11485284782007261,93
1.1453406891279134,0.15973501530993645,98
0.9665815909052304,0.05692719715885424,99
1.2029504806619835,0.05040189966043192,96
1.1635448625133482,0.20275409255342255,97
1.1948538960198614,0.11764146629728636,102
1.2388498833727475,0.09156797115242668,103
1.925151595039506,0.10637943282415806,101
2.365153937472293,0.036978757665464865,100
0.9244445579300329,0.12365418770567933,106
1.8987483957539033,0.04414332312565594,107
0.7625260054166974,0.05735646126120484,105
1.39773294995069,0.06489771405557589,104
1.4385947692652035,0.010317472130235612,110
1.6839906448509279,0.07503755095681724,111
0.6629429551173371,0.060613786342763404,109
1.6820550722749632,0.06662851628751773,108
2.394434108411588,0.1429336391921519,114
1.0200197112931715,0.09853814849198042,115
2.4902531697735166,0.12449137865658062,113
1.0376298154808175,0.10423495966627055,112
0.6760423216213465,0.09858673938189132,118
1.007511287810993,0.028507894008144036,119
1.8722417266613585,0.06184851331808261,117
0.5192236015609573,0.08149211078748994,116
1.5760700236396874,0.17720962163566878,122
1.611652211099121,0.34418404958762605,123
2.1569031476239364,0.21549249390693548,121
1.5811017573921744,0.14708011041348332,120
2.452434927367839,0.2846468685259539,126
1.4161835137433365,0.22774867112559263,127
1.0470120875879072,0.03915088262815142,125
0.5179616340413065,0.0759219149469596,124
2.018727073347532,0.10865375687697978,130
2.148353920034159,0.10219617335213593,131
1.1530023711087305,0.11443648635217814,129
0.7109235960083271,0.14716667656037816,128
0.8467285903231865,0.06475051165837542,134
1.641393680750003,0.22064577077756786,135
0.9822907806982686,0.12306776100232089,133
1.9851691405551073,0.10540836687057148,132
1.371281159291339,0.25424970448578665,138
1.0674914887444673,0.11331199935100825,139
1.0149466721410518,0.050563716051025345,137
1.3022400495974915,0.09151733816427172,136
1.014189517248968,0.18104795804151183,142
2.1993770355791575,0.12591149176399122,143
1.370303268009517,0.05368238952940668,141
1.3659590626239162,0.20823823803567887,140
1.5043175295783493,0.18651842843564215,146
1.8469272289959848,0.08252749104326033,147
1.7265599894317336,0.18945669416862462,145
0.5285758650330756,0.10476885388008639,144
1.8636645659506623,0.13301845935696965,150
1.3718701860084566,0.18342379960573255,151
1.5385034150085943,0.22636657294383428,149
1.0950376543282248,0.15423703368013053,148
2.2456492314943706,0.15505486102770882,154
1.080192315211819,0.13289264493404082,155
2.33587438894208,0.15325062367060563,153
1.3947306611596009,0.0991735794180784,152
1.9818023101642197,0.045336588865624784,158
2.4851904864106578,0.19335226777935122,159
1.3196538941179006,0.2634668840234736,157
0.9917297443078248,0.054582039970162345,156
0.6973095555974367,0.04687746380161596,162
0.672280204342294,0.12099712746333147,163
0.5435498430631192,0.17385276914209508,161
2.4969141974921563,0.10005126469555495,160
0.7540477888483899,0.12875200078822943,166
1.0177313108842594,0.05903968964099161,167
1.9167424939901068,0.2192479763536202,165
2.018429715008828,0.07808817085139665,164
0.8265024777833727,0.13066609215731384,170
2.4752315558558555,0.04345291125503185,171
1.3878874468967592,0.08716447584304689,169
1.6614330107707875,0.18785365769584428,168
2.420276043497867,0.05107814918492827,174
1.2571062020668806,0.24154647268709037,175
1.1076196755490864,0.2318017757954683,173
1.749970679872842,0.3236935289560998,172
0.8302849292002554,0.12405966594984304,178
1.9460922459657233,0.15967215545877367,179
1.0287541985428907,0.06508385990445195,177
0.5518156645382168,0.12318443623836875,176
0.7944844738032721,0.10156376926682675,182
2.0848302961615293,0.07941626071756958,183
2.2156964229312717,0.14506728888263706,181
1.8678590853953814,0.20734420932605932,180
1.4865193957307052,0.08991470714324508,186
0.960303252821276,0.12231275320022761,187
1.718384097048032,0.07479181865708677,185
2.007312892191163,0.07118327290278571,184
1.2995878033118395,0.027612500158789934,190
0.7791046838688567,0.1831727498540583,191
1.7887985374392334,0.050068373884902345,189
2.410706097524038,0.05004528414064886,188
2.1732648805721038,0.08941629715826904,194
0.7240719688679522,0.2089840237627637,195
1.1369572400117216,0.13664507540204124,193
1.9891234010874352,0.11609296346186992,192
1.6004946889607976,0.06003325639763181,198
2.0689906369468147,0.13202875319630142,199
1.4876107620636185,0.11085475448221305,197
1.15994564952906,0.17871756211562254,196
1.2328882187227483,0.11383465628039896,202
0.6380779940343679,0.08357079180459931,203
0.8270319295107709,0.08357680625208813,201
0.7066632059545561,0.12602305696758542,200
1.5076507217286241,0.09954084851559818,206
1.7979528368647815,0.11767491079382404,207
2.0730850380893404,0.14499261681463446,205
1.9886169074754638,0.15236559753022774,204
1.1292761809843022,0.024475872885478193,210
2.482726568513713,0.17458406208069543,211
0.6635808363404803,0.18577451383376298,209
2.069307331781393,0.0525537780007849,208
1.879508163033252,0.06460883005833314,214
1.4804525794184442,0.036097155192384274,215
1.6999404719521358,0.15968339225287137,213
2.075178201749689,0.0600877422699728,212
2.4986298975998107,0.263201145240544,218
1.2354320538281658,0.07607621239743331,219
0.7692677364941154,0.04638749052439863,217
1.0139134193476795,0.019154628139527296,216
2.001601395068275,0.28142103295066523,222
2.1811780917216383,0.03145468072875856,223
2.0928942906646455,0.04138540289081302,221
1.935561225702672,0.17585993506422176,220
2.3715220300141002,0.18431727213967056,226
0.6846608254542588,0.1190931484653734,227
0.9671598604886313,0.09332967443101063,225
1.1406442816085234,0.21721819329630768,224
1.175049837115406,0.14640910942798158,230
2.406580579230215,0.10393702127065577,231
1.6340793685656487,0.14578370956680173,229
1.7808858206503668,0.2019300815754868,228
1.8832021554176683,0.017888331049953594,234
1.1552309831904986,0.025097244497864487,235
1.753924220515387,0.1504598218360854,233
1.2120252109809464,0.04729916128782724,232
2.3036517248970796,0.2034600743033375,238
2.3442424302760916,0.02304180877483352,239
1.4578432529415877,0.10263302812436687,236
1.7567712679405152,0.15876739315723998,237
2.107383796603953,0.06407074985804816,242
0.6257071326797856,0.16384721515567333,243
0.7993121582626177,0.1829543059503789,240
1.2202496565057495,0.05785779532021253,241
0.5133123424492567,0.08646097171383757,246
1.552224390762533,0.08555162189938426,244
1.7403946395921825,0.13931720960255115,247
1.7822041038937244,0.08765930166337346,245
1.6594164401671112,0.1497543517287871,250
1.4689442143394051,0.08733881103162557,248
1.6877057385227214,0.10348979403237586,249
1.6138425035470818,0.05895584662543249,251
0.8601509647429959,0.07848275478778399,254
1.9185115066517424,0.014619038408591009,252
2.275884015419077,0.23080194251700356,253
1.0071147041272155,0.13472205162986461,255
1.2627573167240653,0.3266089007638759,258
2.020006759992527,0.08838112546168364,256
0.6246656561445458,0.11636905124772001,257
0.536430378973058,0.20237099168307987,259
0.9751511401911914,0.12592718659811966,260
2.0433173728921337,0.13847142616184793,262
1.9182337507428209,0.19717676385844124,261
2.0243241747144918,0.21761644357115953,264
1.693768757303873,0.21419968375277426,263
0.8237918854747712,0.16045240014952541,266
1.0309412797686042,0.10735406733192905,268
1.0705084005882648,0.15926905428303995,265
0.8882574501035081,0.16130203978742907,267
1.5414433594342842,0.12431406494069613,270
2.0427716642265974,0.11985035441661243,272
2.1413217305225376,0.28420614066462047,269
2.005452074861238,0.0452213415398611,271
2.4374970073957263,0.13202361809268093,274
0.9576116310221932,0.06774481472557373,276
1.8016482463339836,0.13929937148230195,273
1.6891010272103302,0.11525054339293504,275
0.5914469924381989,0.14567457020375993,278
1.9313162083836888,0.1339777646455043,280
0.6498300805332218,0.18110788521357857,277
0.5139513533512137,0.06124603420228947,279
1.0765828347180644,0.21888279295038884,282
1.6625393518000753,0.08358118009788679,284
1.5443096772903717,0.15633627592462604,281
1.674929590867402,0.1185591661947407,283
1.3447645494838358,0.07376879426741316,286
0.9879256298609176,0.12260612726160747,288
0.7092162901850094,0.09364455947105005,287
2.314521093324552,0.11430298568507094,285
1.5908922297243349,0.13471074035820493,290
0.6116591580492785,0.12326284816698237,292
0.9879266831631797,0.06673614649558976,291
1.8436366635468246,0.11664393981600857,289
2.1646214932213392,0.11900325765638498,294
0.9657757932003015,0.0868368495281604,296
0.920066781053511,0.1613153599152463,295
1.6365877804157907,0.0938676984944191,293
0.6074164592419999,0.171481190060764,300
2.1379923734338897,0.14039641532670497,298
1.851174173042961,0.05149008605309015,299
1.5170056855703398,0.18621016001422067,297
1.8845541184676213,0.15913646661213646,304
1.354562619478666,0.2375494092983248,302
1.6822240685769119,0.24354704793744053,303
1.5421467146518655,0.16393365057145598,301
1.2265379164056875,0.25843138659309295,308
0.5099209051670965,0.08957750451102489,306
1.7602887185519647,0.21214198297045567,307
1.7535615149804178,0.24655925872184473,305
2.1182533393966136,0.058868892548818254,310
0.9901402679384605,0.11907397955209387,312
0.5328973453031167,0.08095854177761182,311
1.491556107852228,0.2508994415908787,309
1.8694092202788781,0.024350663315615043,314
0.6100094037900528,0.16076611075880756,316
1.942706397374259,0.05591031793669037,315
0.8180763044634924,0.21694943172666725,313
1.308590894666951,0.09057846842171768,318
1.381686623291243,0.022240174236191047,320
0.5189750635233448,0.09849552880182157,319
1.0590322745470453,0.07851802179661206,317
1.737552027973247,0.21905735193439632,324
1.6042051568385642,0.1176238826261709,322
2.3857933401660336,0.177016318313189,323
2.1231072682379484,0.17283583980382067,321
0.9346135626787726,0.1530163359588091,328
1.776796475432976,0.192665112730094,326
0.9731905981567242,0.23278734094832304,325
0.7962219975592897,0.06061038116410126,327
1.1160411499825276,0.09670731774813765,332
1.4186341093423418,0.145464724089923,330
2.1269970383353893,0.13700792614461335,329
1.238448045630536,0.16490602916503494,331
1.739440852473709,0.07939049788925458,336
0.5742621487429216,0.22974627364391487,334
1.3060566298487628,0.09027852985531654,333
0.7065669287190168,0.12813539883216957,335
1.8383570494704786,0.22710271143625682,340
2.307892242571164,0.17440093701817422,337
0.7625507202024748,0.11955628817898555,338
1.8901482703082244,0.21192717844068093,339
1.29047915676045,0.09592005063456557,344
2.4093163608331944,0.10970508981899806,341
2.4525408258615764,0.09703816036129248,342
2.068887980191523,0.16982081120107662,343
1.62401403793779,0.0457928147314043,345
1.2055133323052176,0.1546685222424273,348
0.5294311189686443,0.06411154979992481,346
1.7452284320441136,0.08397936598956825,347
0.8734792355831122,0.23837511744543086,349
2.485006598534599,0.11724457489170648,352
1.1706562776935878,0.11427827162905349,350
0.9578379636241832,0.2363114509416398,351
1.0090911322206855,0.21603781745832504,353
1.7517664860958209,0.3176439412271064,356
1.15006700422952,0.12138803194061897,354
2.139107117275965,0.09620321154821726,355
2.082033430537068,0.1794151739016936,357
0.7082139372974277,0.011038168833133752,360
0.7645905502216996,0.02078639222184547,358
1.682034611992858,0.22294627753714236,359
1.6733669988635962,0.18912235226712404,361
1.8882547522461444,0.05071263298223727,364
2.2587731954960892,0.02392123429289618,362
2.0268137051923087,0.06862874921544741,363
1.9953924695966372,0.1616445486199738,365
1.470461076327892,0.16843206281953324,368
1.0316275454453017,0.07152748071824487,366
0.7894034668331376,0.21577790134295496,367
1.8180163506884588,0.17912955305027323,369
0.8826246933756874,0.2584368875577198,372
2.2739423777477494,0.15774992600095913,370
0.8595850681957795,0.10310357388576458,371
1.1647898796876084,0.13459599973891492,373
0.6850594140985433,0.11566539440704651,376
1.9693310794200785,0.15223164954493904,374
2.1057263119717975,0.0517111965950984,375
0.8755932572114347,0.26005612158825436,377
1.1695261150767629,0.148279925271539,380
0.7131816396538608,0.16429358878786618,378
0.8130267911164926,0.12224949690992211,379
1.790780091330999,0.03555234539698777,381
2.350973368052708,0.21745015446065305,384
0.92543270009613,0.08839641302429462,382
2.278899964932295,0.0882392089688107,383
2.3996382744971054,0.3304747350722872,385
1.2062911355627042,0.04696769356005343,388
1.1819240554492259,0.0701071328238298,386
0.7137003626444605,0.1613966481411716,387
1.822659115796029,0.19085081829806605,389
1.052138588696735,0.07979574790612137,392
1.0029785397495243,0.27042083507535497,390
1.654826641339156,0.10300159353110948,391
1.1306236511788776,0.0935263480510644,393
1.2053540158544358,0.15365046719435616,396
2.476664606444448,0.09298447227659878,394
0.91734711457177,0.04839278950624558,395
0.9426685663654704,0.13494804864770904,400
0.770901351576833,0.0901237423021311,397
2.49303725389399,0.14645025671713843,398
1.0348844408588735,0.10355181740864945,399
0.6994951704135337,0.12023681576346923,404
0.7783462715279257,0.18095261925822054,401
1.0361701057041448,0.031898473309043246,402
0.7810854847366846,0.05129727482789538,403
2.252529314726226,0.11052431915008645,408
1.0525541639835387,0.13193151625752517,405
1.7497125391565413,0.08640613262225953,406
1.0127685901037637,0.11712094857187816,407
2.211743030042122,0.1505967493095707,412
1.9570213575267714,0.08179235048758476,409
1.1404119202173997,0.12472597548340858,410
1.7917449924916506,0.10133711012548602,411
0.5760732150866352,0.18393954649264527,416
2.184405064040959,0.04332628347778776,413
1.4855621842848783,0.07466666148264582,414
2.016016445590273,0.19517627136407556,415
0.9991410665110965,0.25481306305811297,420
1.0271250082402683,0.20419861971355116,417
1.9269976538120568,0.09715107052226515,418
0.8390132847998422,0.08643771598658934,419
0.7479070584948371,0.04113411035158129,424
1.5098097453781034,0.16460019663403552,421
1.79204132404208,0.13751994946406879,422
1.1115139794924538,0.04699057694398094,423
0.932744826891204,0.20393431901268888,428
0.7263391392302558,0.19036077893846626,425
1.2544877744546987,0.24939812826853866,426
1.496903294559334,0.055982864947476965,427
1.8803244701358077,0.10392484746963518,432
1.2668269231856872,0.2009986449944309,429
2.0523715156235456,0.010927214565968582,430
1.3526521499240007,0.08663517234619693,431
1.0568762545593748,0.12058619663149919,436
2.4656526370061043,0.13524147814146606,433
2.198961575764117,0.0887344410579548,434
0.5672717821171063,0.11907806246683478,435
0.8903312483428136,0.08856785901008882,440
2.0408817795405643,0.15439395445540832,437
1.5474293440188305,0.03446486305941212,438
0.6789479247593873,0.0787766262799452,439
2.0785643254275676,0.29564500501092833,444
0.5638157634177017,0.09848481139080371,441
0.5612275110717067,0.07893955497649251,442
0.8193716455222999,0.13512599308575726,448
1.614759061430017,0.1576815218736056,443
0.7104356000962204,0.10294752033548037,445
0.9882985421943522,0.007557843212974845,446
2.4625171450689254,0.0701745334718079,452
0.8028801498317697,0.0544789498126694,447
2.4020317320518663,0.12036518114109418,449
1.0250653123249869,0.05728864079112414,456
0.9759051426760037,0.10720097060474931,450
2.253584931613661,0.09826906753651116,451
2.1623265772349396,0.13406004390451978,453
1.3573374509314795,0.15921939108712962,460
2.299168055177004,0.12980484967628153,454
1.2721198150846977,0.11015852665536388,455
2.030633687777344,0.1064941383501284,457
1.437606022903928,0.06505906277475264,464
1.4460455886238432,0.10293435302900958,458
2.097269537260617,0.18290947715078662,459
1.7985246827615982,0.11176295314269849,461
1.746388384362639,0.028731290124142356,468
1.4406330688236777,0.14385356123030824,462
0.8882724700190032,0.17386666353092492,463
0.9274428312497924,0.12445824131000725,465
1.8685551154027444,0.11457700894756478,472
2.032386612074601,0.07430463808092205,466
1.6000175063078086,0.12284760928607447,467
1.174579059995353,0.11343777330797444,476
2.49800155697086,0.13255631815618368,469
0.6530310641566046,0.20001931128155992,470
0.8357004549124649,0.04083130823866965,471
0.8692768109101658,0.26174837579032295,480
2.2991979920571826,0.14362640867605433,473
0.9981769730880152,0.02356527477523056,474
0.9952910304563403,0.0936497631752991,475
0.8490942635337282,0.16076197055915517,484
1.4736610833706085,0.27089717691780557,477
1.1765624613326289,0.17007183349043387,478
1.557383880264017,0.04450365869895706,488
1.3804276530545483,0.2392614603859336,479
1.1231811679035606,0.13861064506106172,481
0.9213541155467986,0.06334768738582791,482
1.0324646150646886,0.16541090582405624,492
1.6127500351243442,0.16718528338561167,483
0.7362070074615614,0.10964941628093904,485
1.9992355136894135,0.042581270693231435,486
1.4625040099053834,0.12215802155763794,496
2.1845864417412972,0.16976306870326507,489
1.960576234505252,0.07615212090256968,487
1.9113219756870166,0.012212227793653925,490
1.3381146295730917,0.11483984219688731,500
1.285556490187702,0.21764344802575378,493
1.0217598613057062,0.0698478736634815,491
1.6160542814442604,0.14500825522935598,494
0.8735935368812162,0.05075195248900766,504
2.0935562433684254,0.15427017177858232,497
1.4458913137818339,0.12338454379068596,495
0.8052595840145458,0.16306089388366443,498
1.546365466416826,0.047652606148375694,508
1.3334926726064196,0.13141626416469496,501
1.2713900275022467,0.21371737576496586,499
0.943087147110923,0.060773747649660974,502
0.9978858073495538,0.064183370570593,512
0.5351899429146427,0.04324408335953213,505
1.013146472843865,0.01715547931788008,503
1.971894625640921,0.1379846236793211,506
1.639455339703734,0.09910867651118221,516
0.8952207576351581,0.11777189458197242,509
1.1266279697303339,0.08581485034759492,507
0.9604929851637443,0.14811202352774613,510
1.9998591717437124,0.1535482167113018,520
1.4886842010290269,0.06922960479240646,513
0.7602062735678174,0.11187534094691164,511
0.6309996115099081,0.08504533239803702,514
0.5666829719284991,0.11929575977139402,524
2.026174700116445,0.045744399511689814,517
0.781833317231247,0.05255824359400612,515
0.5348881020300524,0.2262107333124177,518
0.5010827219292564,0.11287038796698444,528
1.7900487658983053,0.07548892777545449,521
1.2836483802669356,0.053944615826977654,519
1.4890514050951085,0.2072917692665821,522
0.7426893159804122,0.12887626387878873,525
2.3667084165762278,0.08260958038570576,532
1.0401227920188711,0.1843003608852617,523
1.6786654643319057,0.17850159561247786,529
0.8718510701555242,0.08372437520834142,526
1.7022138947737815,0.18342365864723964,536
1.4346474643715101,0.18024484044561598,527
0.5016042119174497,0.0035042349734569138,533
1.2543014487685378,0.12390870022781786,530
0.6292835340588323,0.08437172878510331,540
0.637163356059729,0.143227629885408,531
0.6776742087871652,0.1731880216255107,537
1.557035649688999,0.16721370490973694,534
0.8204508309126175,0.16432943756132973,544
1.3365347606606104,0.0655874461238599,535
2.1836541574300314,0.047056730240997074,541
1.3185292475268198,0.10365368016014094,538
1.3316711693756993,0.08711925098631337,548
0.9400511797197686,0.12736877200828595,539
1.3453139739350792,0.08000753951125532,542
0.5895505231735936,0.14997581324120032,545
2.0084958533550195,0.014785335198646539,552
2.1747985617516417,0.09809524476206766,543
0.6811419702922807,0.18617417918125612,546
1.5069715315730403,0.043701583708569226,549
1.0800983491865794,0.07731705212007724,556
1.3620490453087997,0.08625803468297157,547
1.552304731066117,0.11421600245794566,550
2.4261314174917636,0.01718285264848803,553
1.1858591992756486,0.12484778706614559,560
1.460829496897479,0.23880495399869894,551
1.714673723641896,0.061757054166974246,554
1.6096570193241178,0.20053060521284716,557
1.8014840937960976,0.05146682230213567,564
2.4003865668576077,0.1212898573056916,555
0.8421150677818801,0.10566509104000461,558
2.4293045213679942,0.22503806494614184,561
1.722242132202311,0.08035585374969892,568
0.6702191176013166,0.10449038919199878,559
1.2537188275300066,0.13598834890552391,565
0.8301526981750258,0.24046523559566002,562
1.6954856084285659,0.13110527693958962,572
0.86236299434386,0.03114288230892865,563
1.9080610541201604,0.06424262616399114,569
0.7434820144132375,0.23928823808225663,566
1.1781774569928425,0.08228856629544434,576
1.4473303011505831,0.02545815421837191,573
1.6108924367950173,0.23805406137857923,567
1.0212092982244987,0.11617430603148192,570
1.647818949848254,0.12297592128533155,580
0.9996245674506479,0.14494276571867482,577
0.638696220203403,0.10585877015101575,571
0.5943370712533571,0.0846672168459997,574
1.5539776702681627,0.09692569819188153,584
0.9332684971838736,0.01838607713574197,581
0.6040909116835385,0.0651149551649176,575
1.5633892620791519,0.07946428150948448,578
2.227487738682777,0.08920391715300144,588
1.9458272287524525,0.30889111759873117,585
1.4484397904956556,0.17524599844478284,579
1.6017022832617869,0.025222318456030207,582
2.4257812732525843,0.1658109623398249,592
0.958890041741447,0.1555783519346485,589
2.267658581869469,0.09443841787947355,583
0.591276399892648,0.028625583931090035,586
1.7027887866814881,0.09369512783477778,596
1.2919242372849733,0.05178068294693181,593
1.3736427474050426,0.09656523178147967,587
1.0602603683592986,0.0733647063595674,590
0.9339387835502162,0.03605995294375377,600
2.1905895895689422,0.2124229512168228,597
2.2948744773362515,0.1354485604511385,591
2.351317537733679,0.19443460711809638,594
0.8788430551319064,0.20189539183506786,604
2.023099931559077,0.09896642747442341,601
1.2786751551389977,0.19489138037910392,595
1.4922190870722039,0.09386064237229362,598
1.010729926227725,0.1753163878959311,608
0.6995793421164622,0.21050809822431416,605
2.288987447610155,0.12491724140421566,599
2.364613404411207,0.26545841177089036,602
2.398555085564851,0.24936674981957122,612
0.9879216614182535,0.06571419917367609,609
1.9496788730126167,0.07991615652336802,603
2.1106224353545358,0.15126164753604343,606
1.3509669284508594,0.1500582255614723,616
1.5921778580997206,0.0402775449301765,613
1.2728683104018896,0.15859179228685197,607
2.1847592361223853,0.07062273310777588,610
1.0832946514142778,0.19797476091132188,620
1.8704421922535301,0.21886927898228672,617
1.4285715177771707,0.1297434698223767,611
0.9615222223365505,0.1258496851896088,614
2.0388624906080604,0.09372424873123009,624
0.6160291978421195,0.2575026198829685,621
1.3478746273480462,0.15614187541077384,615
1.4099025589321372,0.08821866554102226,618
2.0078428961430013,0.1045916470599996,628
2.470441623975957,0.14447625747022827,619
1.805747091330626,0.08901664114515079,625
1.817878179225843,0.05482359268131103,622
1.238846181063325,0.17110777214697018,632
2.4325266464575477,0.11905850541921835,623
2.1418405976484713,0.2445451696804991,629
1.8778336387167474,0.11754319791190593,636
1.7155513553942145,0.030707751081808284,626
1.5226738440921233,0.10303632772956062,627
2.236106264846942,0.0641838634551992,633
1.338980707680592,0.2594998541750119,640
1.3646018051220181,0.12021925865720479,630
2.089880722868865,0.1681556097784891,631
1.5037236267197756,0.09686105057927777,637
1.697246003790851,0.11539571989360714,644
0.9238460600716123,0.0576194041049353,634
2.254617252592202,0.1058935458823306,635
1.9083086968899747,0.10076827631101429,641
2.1534419600800847,0.06621629251005233,648
1.0969781843816913,0.10691499228217494,638
0.8936824894378543,0.08954427571480328,645
0.9812865646420263,0.03807868769905007,639
1.1301281490224693,0.1261662244698659,652
2.0359325742501113,0.17772792701161466,642
1.5100747159901546,0.12369827779192977,649
2.4720315409151508,0.17405390679901278,643
1.8771643111366887,0.09838816000426642,656
1.5434776904718555,0.04755057511748703,646
1.5101404432544356,0.10251314649789672,653
1.603032984059491,0.06269935625154678,660
1.7997004556132903,0.1773587360397363,647
2.131003402770418,0.08826284013593877,650
0.751779974215514,0.10340813625230066,657
1.4601491994653881,0.13069725163551132,664
0.809784932086935,0.07694776329906158,651
1.4114271340193056,0.0956826295741517,654
1.7470322192126189,0.17253372887868396,661
1.6382885056923238,0.12395367744257134,668
1.0639369720122211,0.08876634901565744,655
2.125770182771551,0.14745974712061408,658
2.3049082288353993,0.09839488879879942,665
1.9061082702230059,0.16185581757495504,672
2.4030251730721317,0.08161461451424801,659
1.775938898388055,0.10103754009619402,662
1.3306153620410126,0.04837961226571169,669
2.223143161462105,0.1855931119372972,676
2.0190561118139243,0.07554849617838927,663
2.3172741171973503,0.09860428080417782,673
2.212713730083608,0.09174067801658736,666
1.6658662733837244,0.07610979551071231,680
1.9294351475803435,0.1829218873008362,667
1.1557826302117644,0.13727150086466117,677
2.0318616605196294,0.06224795063261934,670
1.4648904373079092,0.14884283372952653,684
2.4135327879569433,0.16917032163509244,671
1.6483478099839146,0.11309315850852064,681
0.7669361424907752,0.10103629479079712,674
0.7687668925550564,0.11003439010922884,688
1.141282090007846,0.1614939183516887,675
0.8674582522747896,0.07849576209023663,685
2.093252266735043,0.08171929155980678,678
1.0047739851857762,0.19956468785857662,692
2.135015885956294,0.0938517897824878,679
0.7632531570739833,0.16630902508224843,689
1.8055018970848604,0.14507202797386526,682
2.0137313203860394,0.06664904938535048,696
1.0207879663649173,0.09402338740035054,683
0.7598235146317727,0.16095305033137386,693
1.3515018365469484,0.14322890045578004,686
0.5501986844706825,0.1486212472225001,700
0.8807595808655038,0.04902977372023381,687
0.7178852956238178,0.1397352813874209,697
1.5063153853273445,0.1996230001330404,690
1.3215085665227193,0.025841734898204752,704
1.091318004847413,0.1722387784295174,691
1.0450778583615477,0.2315255708171963,701
1.918286066161515,0.2256638516824102,694
2.171560898200566,0.03243487520213447,708
2.0550901846953495,0.028456571071167277,695
1.3470801608730527,0.08101172100620119,705
1.445170293338255,0.04593536737495319,698
2.0548648994285843,0.09639062138503685,712
0.6224402240266056,0.11121075620417326,699
1.880863338422624,0.18623971239197246,709
1.259668453559346,0.13552547309851454,702
1.8871924597003122,0.043584956911590006,716
2.1259698076071247,0.11669841789033615,703
2.3732344126740643,0.08918066916480244,713
2.359232412245965,0.1854093429098082,706
2.492796697677189,0.1370245776792437,707
0.7997707248186232,0.06363972748714003,720
1.4929045368412517,0.17313063982053492,717
1.589223751367721,0.16071882578227895,710
1.792479895767434,0.15471398342225978,711
1.962394168149222,0.17959666885771264,724
2.0800480468334257,0.22090115815163666,721
2.0664536297713463,0.08028931681861474,714
0.546804033861719,0.10556411371656871,715
1.6538277065002056,0.03931989579600871,728
1.799573355833464,0.07398471771137997,725
0.9225949378522371,0.1659240029047933,718
2.4754204910790216,0.08436022607407223,719
1.7790074953790431,0.26433220090525794,732
1.6722214237960542,0.14047396027590925,729
1.253828523143186,0.285497308538311,722
2.2279089451190464,0.08268006458231475,723
2.0923969589910096,0.38432293963991904,736
0.758287005545605,0.1371211102602594,733
2.4959134475341385,0.10688025028554032,726
1.750001414343637,0.14846009781950312,727
2.285751498247886,0.04453102897674813,740
0.7427832705909991,0.130696737564838,737
1.8760127871963364,0.06603906734681368,730
0.9424641133308298,0.12511525852714328,731
1.2753944217707545,0.1713487236907495,744
0.7110703016567883,0.12397459217977753,741
1.1537723225409433,0.21066914927801525,734
2.0800524221492718,0.25097006254127424,735
0.8691855266906263,0.1137546645543161,748
2.383977035229101,0.11174189151204156,745
2.34978831953287,0.20627077278498876,738
0.7933968950045924,0.0906009684654011,739
1.238022267772465,0.08536813039497293,752
2.3868239320011284,0.06788706456786918,749
1.5565254985453314,0.127867287725836,742
0.5243844636029431,0.17532201000522682,743
2.4203858788460724,0.14288770192262243,756
1.5256065409589108,0.1330562985450912,753
1.9122538718806048,0.01674592572697551,746
1.4636219121473,0.060125534828221285,747
0.5021798952902476,0.06020316716087476,760
2.1459054765490047,0.04192475260325989,757
2.366218259417023,0.14543260504377853,750
1.0427570660151348,0.031001378246637675,751
1.1425672490939245,0.08039834662318786,764
2.012919417853735,0.0861099059553612,761
2.174476518124007,0.07990685721049,754
1.3961177895594181,0.1800382530374074,755
1.0763657024611115,0.07794467989945193,768
0.8983904025325993,0.1998664433499717,765
1.5187708530234187,0.11414553711607772,758
2.0549889792626397,0.14741710041993777,759
1.4897432254197314,0.10834483238202319,772
0.8070919396186182,0.17013385270157155,769
2.196655177982633,0.10118708752292233,762
1.0746963907370863,0.0835703362543681,763
1.5058773838045938,0.09473030880120992,776
2.4749707060255233,0.07786000366669904,773
1.1437261403575647,0.1138567137382929,766
2.281684153226919,0.1543283827701427,767
1.4385970810120896,0.32027742824450905,780
0.7088502552683908,0.10056116740985586,777
0.6131964060889341,0.14856995887911792,770
1.4590251490590884,0.1834132767691431,771
1.33166237497536,0.0663465977041127,784
1.9566321821082746,0.10635042801859601,781
1.0000028128535348,0.031355185498057055,774
0.5447745233083241,0.20010178545307103,775
1.8430272859820909,0.11037604148058627,788
1.909009897680289,0.18461035155102412,785
1.380167646937544,0.10214648387167771,778
0.5337972304119925,0.10251081481125324,779
1.8974059628268602,0.14676524934047436,792
2.1201868748705937,0.05194088036466239,789
1.806346350566275,0.08032267678574397,782
0.7890652715318935,0.06059463724390497,783
1.0957944335029848,0.10507202743142185,796
1.8540701984870547,0.11459776521469332,793
2.456236888068014,0.2765742403410279,786
0.5938302946097569,0.3226450936586904,787
2.1806846291359863,0.05372107701186562,797
0.7995755725218374,0.22147809205756355,790
1.3016518958216237,0.14888509997175703,791
1.9591613693016237,0.20859571808754185,794
1.6422366593912703,0.1521690502436725,795
2.334722236038535,0.14688042707028476,799
2.3749384972599685,0.11003099039625674,798
