1.5178818225563533,0.09017291068661826,0
1.44009014367042,0.12777200198202227,1
1.1258497001651808,0.014712087344510972,2
1.3404681993625955,0.13607355772864357,3
0.5685901421040744,0.09573794926486473,4
1.115673236632125,0.0778562104438083,6
1.1413879410985626,0.07995852624093706,5
2.1149941217502777,0.11601047461943803,7
1.5005606970231335,0.21196250700407226,8
0.9710041948289256,0.13914219380999385,10
2.3249835730514454,0.1193843568979206,9
1.4150593917545529,0.030742494517305402,11
1.177700589664673,0.1213928781952969,14
1.1202935014874484,0.02492904028894806,12
1.9944680864701452,0.10698741230297004,13
1.0347223455738028,0.1865942173331793,18
0.7620594500708917,0.04994601321551215,15
1.6380132927159323,0.052397968769158455,16
2.1599489232266746,0.1927218214188494,22
1.9155594916377299,0.14799473301154228,17
1.5185865335200106,0.07772101429429168,19
2.4630772785184702,0.24328107916649133,26
1.7293079959423618,0.11655310851036134,20
0.7418856648838246,0.11280522152904243,21
1.591195039195234,0.14701482030255036,30
0.5299462575703349,0.16943416835994102,23
1.6951959255914864,0.1743587101124836,24
0.5457399109896242,0.1306335076086902,34
2.080580288876589,0.11430911271706659,25
1.7915943472762588,0.14547399504863415,27
1.2712811721074324,0.12005792933786248,28
0.9170832722169329,0.16694361102969402,38
2.4623181787993165,0.05219126174590552,29
1.551519469017098,0.10789198368422442,31
2.46428731739331,0.181128525855815,32
1.0206728025080676,0.08821904094702065,42
2.4697171971104557,0.1432416704671265,33
2.4001598995822278,0.03429684958007927,35
2.4811751980623624,0.12008162263174345,36
0.8759749066427491,0.07696963541340578,46
1.5808642850620311,0.15794562943535237,37
2.048292332278496,0.002753415288738313,39
0.8721645985168729,0.19123522838816528,40
1.6734299136250879,0.08267418033405673,50
0.8112524857130494,0.18828412720304638,41
1.4592366386786306,0.13204472498890918,43
1.3816808138515064,0.034858743524445006,44
2.3511735502348614,0.04160838495876008,54
2.2818901868452626,0.12673444081536192,45
1.6297927934763328,0.27899827017010115,47
1.3399749926164273,0.19667816278803602,48
2.129062878358045,0.046618464522589005,58
2.388674246848795,0.15678907097928702,49
0.667252651657462,0.05162497754332127,51
0.9060244159856947,0.10629536250996106,52
1.8602391589949256,0.07814717917483338,62
2.2419622252123257,0.14368407401706948,53
0.8224443849613217,0.03714541859289503,55
2.325291726274539,0.12969547091254538,56
2.4353542702115494,0.24044233519667282,66
0.6946217457740556,0.13561135418230869,57
1.4910411191862012,0.13570272900930586,59
0.9205183792129366,0.09143936403320418,60
1.2700477919973132,0.07809070592144102,70
0.5925331966359089,0.20587344769945137,61
1.0118100073071508,0.16784854563944082,63
2.4506253212513203,0.10484362747761578,64
1.9826801566512529,0.033170078318998826,74
0.8873111243603815,0.07949916991485877,65
0.8185846479059851,0.21056337430962127,67
1.2748156872744296,0.1965132753595863,68
1.512140886885989,0.15208477843374796,78
2.3990125757921716,0.11953971014490078,69
2.24688755019574,0.11792629559847574,71
1.9269924791390693,0.11874703327340193,72
1.2949812110613192,0.09127187248697886,82
0.9141560891281313,0.1310666484209329,73
2.433372809409649,0.0526539624874107,75
0.9394073620102237,0.16189393091053617,76
1.6792079398059847,0.07259983038447712,86
1.2591333090456234,0.03608178106256351,77
1.3027899616260212,0.0575084150280747,79
2.3630374096161604,0.20793446030613727,80
2.1240538828830156,0.10538538589618592,90
1.1123193482350062,0.11215924634616106,81
1.524920046749256,0.08469123023300329,83
1.7271039996198323,0.157356810851017,84
1.8528166815704354,0.021602157989669614,94
1.975683637954728,0.10726686682877805,87
1.130529461247842,0.03613001985805843,85
0.7868106296372981,0.283214606783738,88
0.7367771456689098,0.19467758608080674,98
1.8165168940803424,0.06706565232388849,91
1.9442320759651965,0.0687741947056024,89
1.9397030912501643,0.04493995821391496,92
0.6193330134810582,0.1450831992181402,102
1.8135984258575357,0.19317876247172852,95
0.8718526294194984,0.11158726103235089,93
1.4603798274596744,0.08487134971952502,96
2.1430404262402245,0.052012096939210856,106
2.351828148815998,0.09334594016967226,99
1.533513604456325,0.09623872656546878,97
0.6643955501698147,0.34963634458550547,100
2.2693287877011827,0.04507591384782865,110
1.7355631387871129,0.08820261139518036,103
1.527424801582893,0.10150088732297123,101
2.0893508270808416,0.052372380784328765,104
0.9574241469323128,0.0938906479857798,114
1.0163048645386206,0.040606053774559434,107
2.1309157374566965,0.2506991162769036,108
0.5906985834400955,0.14537824825456788,105
0.749504451300324,0.07724722415781043,118
1.1474526564565135,0.0633649309889621,112
1.0748944940026102,0.18337333047912008,111
1.8200538763404777,0.17559627008632028,109
2.482205579778445,0.1642028779894381,116
0.5147055919100447,0.06392301526042125,122
2.432184417755881,0.06202701319183266,115
2.4366222038742444,0.1623822245465438,113
2.07556291556908,0.18388443107411734,120
2.3765189841080723,0.215157142105151,126
0.6336787259095029,0.09245133162257019,119
1.666026269960725,0.0285008710506688,117
1.7733474758156542,0.04619059526621999,124
2.3750071014044964,0.05880385720661313,130
0.83378995444723,0.14647246655086876,123
0.5905263599075106,0.02957931080775831,121
1.7696733621058653,0.10085225791042869,128
0.870881045099615,0.042186792051997324,134
1.8275375457713012,0.15374522445618838,127
0.8499323621003827,0.08210107210932037,132
1.6059124811987098,0.09043834018895952,125
2.4500598879579294,0.18331217714319817,138
0.9260758050553548,0.05242850972041901,131
1.5493071233158113,0.041158788291231506,136
0.9824246580970777,0.20248975154463678,129
1.2177911652308164,0.14913659476037341,142
1.3534726118562497,0.12526676662978395,135
2.247416686897054,0.14721595922062583,140
1.5471790636414635,0.00896598060156445,133
1.8824120535121496,0.22968613785699943,146
1.0437129110074774,0.18025646053128314,139
0.6684537888744517,0.21839185775685233,144
1.1800095430949866,0.13753399532247754,137
1.7772838956840211,0.10146344632089042,150
1.0997529406558253,0.14107527789236834,143
1.0916237929436095,0.12018388285960196,148
0.5136994804190826,0.189464356868461,154
1.5917367545730392,0.0583684968693076,141
2.2815411376067094,0.3067307354763456,147
0.9155155309346037,0.1424942930663061,152
1.3076745879606386,0.09836058082872379,158
2.2073884472069696,0.06135757254562477,145
1.4894556538974812,0.13855990973416915,151
2.4390122215028756,0.31042163911758247,156
2.2561634661818593,0.10694216301306442,162
0.6285063439213305,0.14237025212757,149
0.795533424370074,0.07733023226336251,155
1.3132065328501028,0.15480040730645406,160
0.8165744236064583,0.16876425093593214,166
2.461065027430105,0.18704633170438176,153
1.6726372253723407,0.10542453147404879,159
1.2092628807898085,0.14550984521345345,164
0.8754699252742364,0.10507384986163591,170
0.8582815363185821,0.1985762899547994,157
1.1615383466168965,0.12133770278072212,163
0.7534800915353241,0.1256422016926035,168
1.3507064109965288,0.10504578217248667,174
0.6582761075148134,0.22931036910081817,161
1.6426893057125986,0.10520020161770341,167
1.190242673123545,0.11950983638762791,172
2.1995409390795615,0.06851583583711904,178
1.0477058355650954,0.06101099034734835,165
2.410285520422735,0.1773384745799341,171
1.273533514075742,0.025224677902227738,176
1.0765187166924335,0.03693306823803029,182
2.376193875775517,0.07914711469311456,169
1.866167227547134,0.030470645783919836,175
1.6213567318062894,0.1759297954485263,180
1.523484994545273,0.1038255038678112,186
2.11595207266161,0.14205599920332848,173
2.4519479654286913,0.18334284577967475,179
2.452501561603924,0.21855177319170205,184
1.7665123647417853,0.13187622876642255,190
1.7961732186457688,0.030920201858833277,177
1.331034702911715,0.10666895707013609,183
2.486509320690642,0.16501055777619444,188
0.5609531008568589,0.1449754361281777,194
1.605206331527547,0.15670471512775896,181
1.6889883039242912,0.029691740469199337,187
1.6110542299468804,0.09162477505560074,192
1.645761015560674,0.1475576811070687,198
0.9795818387529636,0.1742133726752606,185
2.3590539722351322,0.10336821119166534,191
1.5112570643570191,0.05341510540706376,196
1.159637151637442,0.149266772863525,202
2.182961407703437,0.06127371966600601,189
1.2895924708412838,0.09155693607062641,195
1.2752399116472715,0.09423667800754118,200
1.7585169201837116,0.034516860815154864,206
1.8603503340520324,0.11105310429053049,193
1.5227205594332807,0.15093306542644297,199
1.0765096210730356,0.1450889249185571,204
1.591269464827621,0.06447217496729901,210
1.0783252310659805,0.19773872781405466,197
1.5428788166579543,0.05035508429875118,203
1.3788523978859732,0.057430541170329474,208
0.5776914588904418,0.21650204435152418,214
0.9713541335050675,0.14602748412639807,201
0.9194291299107087,0.14364290217837525,207
0.668371129270998,0.025257660495261666,212
1.933130809124921,0.08761939262781024,218
1.2795636088920657,0.10821842427479578,205
0.544265692059879,0.07144501186771908,211
2.373030143440716,0.028769278105557156,216
1.533423237250695,0.076625361674315,222
1.8955676008135833,0.12260474841572662,209
0.8698567856282735,0.08396176959951267,215
2.375145314276579,0.11239237528707474,220
1.6314734525180685,0.074422907639126,226
0.5400421799124249,0.0627566626565097,213
1.906319692301894,0.13528488378886247,219
1.54618426969026,0.2050162370619626,224
1.578093106482089,0.1145578086539208,230
2.336392122049156,0.28608635335102,217
1.0305243596709053,0.10778442935528541,223
2.0845447751878305,0.2210343678555507,228
0.5879733619094216,0.061795790280629564,234
0.7287610662358821,0.10343189151187704,221
1.9355991232269503,0.0600477195217867,227
1.9251911411545686,0.08127373509306968,232
1.1216506517937173,0.11737904178569594,238
2.487332468925281,0.16650582455709048,225
2.2244311892162205,0.11316372496387005,231
1.448330549842744,0.07156567910299404,236
1.4457784315578732,0.13462181137820678,242
1.6441772665045347,0.05132584898723135,229
2.160194268287353,0.15789583305267885,235
0.5638070051890103,0.13874353105300657,240
2.0369896462670063,0.16737851137928125,246
2.0132626646920517,0.13108998487042056,233
0.9161410650157691,0.29041998582010703,239
0.7717707711386668,0.19226462393202493,244
0.6518285730170696,0.11478842242886492,250
0.8170974592101239,0.054591627564672424,237
0.9643719972410325,0.20136564018064693,243
1.3206399814993555,0.14537459891978152,248
1.5738157751103024,0.1736993469148681,254
2.0245482706997113,0.12762728377973984,241
1.8360100696338617,0.172058240667185,247
1.3993881623643072,0.07937567668928101,252
1.868831637188933,0.11384368619985785,258
0.9682639289291033,0.2126285641437996,245
1.9172553881158223,0.2078720519999816,251
1.048843640838345,0.1463610380385443,256
1.8807848208145563,0.024533000044479798,262
1.0983506907002119,0.04658360695324046,249
2.098692851934209,0.053241223878478475,255
1.940964455701469,0.08352835404446193,260
0.5234961110552003,0.11441785954652942,266
2.039944150277487,0.08604486622988226,253
0.764665833255258,0.05921023758970696,259
1.4879251587783353,0.19479197725828906,264
1.9466302254617371,0.03492333489848841,270
1.2042304340443486,0.08888055579972616,257
1.095318139397617,0.1789764908914695,263
1.8904905560186152,0.05173310620915116,268
1.9610825331878035,0.24542899323659062,274
1.9754868494611058,0.0964663922401555,261
1.704639537348981,0.05920642001325113,267
1.84402665793081,0.1629447565038331,272
2.10811831362989,0.029126725943628806,278
1.4213127829694483,0.12835164302346444,265
2.429986483106312,0.096711211732509,271
2.1243842468551257,0.16633389961934889,276
0.937889298217718,0.1296689088523705,269
1.9303337569644186,0.19959125106485565,282
2.343979100810863,0.12494005432083216,280
1.3240481614056396,0.162895275504475,275
1.7125331473645888,0.09585934912203536,273
0.9067540799471441,0.1564890894764771,286
1.3844105999521572,0.13966113954139872,284
2.2392115473506324,0.03642758168239266,279
0.673157048555258,0.11229548062062081,277
1.6226194026647411,0.17530798326717084,290
1.3727831846032363,0.16488650963781853,288
1.1153300436602815,0.20797887905167223,283
1.4166814222428037,0.16444106833974503,281
0.6129207624756079,0.10542377236073103,294
0.6439142485132574,0.08700847811130913,292
2.1270079091270615,0.06552181009957085,287
2.2358332493749593,0.1544132035822537,285
1.8202914335805962,0.02715194062629553,298
2.4757440877112136,0.045728970758189054,296
1.5218900255928347,0.1973320373827631,291
1.7779191324255315,0.16551399928768248,289
1.3749206674338863,0.23218250050482078,302
0.7050494216271248,0.14049643260598418,300
1.1830689165075692,0.07987187134750508,295
0.7110955334583251,0.10638330900477695,293
1.700222360686285,0.07814760544633022,306
1.8397600042223445,0.10212805987703995,304
1.424483792661574,0.1591620894519691,299
0.9916576617908022,0.08530710875418163,297
1.2980677283243258,0.11344376983728305,310
1.5004925550672685,0.13266040580150648,308
2.473348114039619,0.20835807905629405,303
0.6893385572089823,0.11416123839131853,301
0.8700417646556642,0.08187493363768944,314
0.9420283101183224,0.029697421880700597,307
1.9171084788529535,0.1008318739534973,312
1.5429047532327447,0.11556309033948751,305
0.9895950540728968,0.07952108894330605,318
1.6243399195622357,0.08027031695727899,311
2.2585519133567136,0.04825443965741005,316
0.6180320931834031,0.2100753073156144,309
1.7644370314392077,0.06717193139541347,322
1.0346007035944587,0.03787946215910397,315
1.7202684165914155,0.028844128495161405,320
0.9875602464461741,0.04399659167827852,313
2.1248208108112467,0.11526963872783616,326
2.4445738852012875,0.09588641932008518,319
1.44430896705845,0.10262091203206875,324
2.3816825701483015,0.13868017990842302,317
2.423434206500886,0.19945061323742788,330
1.9974173671762574,0.08898004731171569,323
2.3202416978956455,0.2080585723967374,328
1.8265485050332342,0.08467832814797871,321
2.3533832301235824,0.03105974993180674,334
2.4468069712101657,0.21251640539627883,332
1.2787713977968378,0.13154560737711493,327
2.0624418974824335,0.07106059585589701,325
1.4071227900522933,0.0877445161973658,338
1.143341298888958,0.05726552564154605,336
1.3985923763888481,0.04436139526836416,331
2.000026568086027,0.05031725588585228,329
2.2742558012274694,0.2031878099876964,342
0.6755955078544713,0.16756213182273466,340
1.757091807690649,0.10133177712050967,335
1.7345812731375228,0.2670435724417904,333
2.444690361079827,0.12932931233733333,346
2.0667566799818964,0.04716269770855735,344
2.4617435949355295,0.12156814904555449,339
2.1019024737504974,0.05499858094653063,337
0.6667378884779915,0.2127055492603671,350
0.8306456534985258,0.0852699650127507,348
0.9061134944518807,0.2683550878988835,343
1.4248765748592458,0.072471461933318,341
1.3149022615892882,0.07972183221059247,354
1.9133957091807363,0.055615960349536676,352
1.0807684182458006,0.123852577472066,347
1.6108839563718167,0.06377535518645153,345
0.6058588669903906,0.11433427510241066,358
1.917460650974076,0.20951674959950561,356
2.211571109751163,0.18000889781616003,351
1.9077916404536346,0.1455887079780903,349
1.0424795378478837,0.1736697632554084,362
1.9047509984180224,0.05670064522880557,360
1.5039512840031712,0.24640465232691713,355
1.574164167689168,0.18064256611854335,353
1.3056567422183294,0.06465208721987782,366
1.4411228996122807,0.14279173340072415,364
1.1157148655998812,0.190178163020628,359
2.36559451933592,0.11055987705056969,357
0.5890911443857583,0.16548080361440776,370
1.0689933457921799,0.14648391972746203,368
0.5040078718012473,0.12954074924229017,363
1.9006254202906,0.032973496660388714,361
0.556276228780878,0.19291968958514072,374
2.3787762066652594,0.11972574855457588,372
1.1573387082322235,0.07642074036321062,367
0.9342415445879575,0.25619116132074454,365
2.465920346281882,0.23032673521113578,378
1.9431422739841933,0.10213266529948128,376
1.3370690628375772,0.11133735758144368,371
1.6852423015227609,0.07083749739545721,369
1.459799680743081,0.14049656595441629,382
1.170629127085469,0.31675555823214674,380
1.8374975520734775,0.06805652235829455,375
1.323252102740476,0.03237785613287233,373
0.9141192653872372,0.11410192994402275,386
0.5590583175060466,0.22518990583236742,384
1.0487410932430787,0.21627359984009567,379
0.5544863454241364,0.09652988610900214,377
1.6613147237810912,0.13987634924174394,390
1.0592778450174014,0.1649583088218683,388
1.4754213385048285,0.07335580275261483,383
1.736402720491305,0.18616028517892336,381
0.5408103899231629,0.11041082907897613,394
1.2581647917839074,0.10634360107246182,392
0.6463190517757158,0.09076674169676324,385
1.9568358300688,0.21425012806450214,387
0.5535415802054615,0.16306206358562603,398
1.952754801379208,0.07452528943275062,396
1.5939511586600739,0.14056729460390455,389
1.6366034686408235,0.050703593520274426,391
1.104398012099849,0.052833323666862865,402
2.215936913230961,0.07051545035951416,400
1.4552549776451613,0.19182457108915862,393
0.7490791676576876,0.17463240938804625,395
1.2828515097582631,0.195267762759129,406
1.3034590474683994,0.343031116868421,404
0.8831951959868716,0.26391043033353817,397
1.4086279249497213,0.20362732866029998,399
1.6534698073578429,0.07690483556319358,410
0.50581664751543,0.16940946224528558,408
2.0178244691235196,0.06605186913216043,401
1.9442679409887964,0.06973312113033744,403
1.5357605009135975,0.13649156180555022,414
2.0078392665499507,0.038697802117376806,412
1.4849298398095716,0.10197069083329412,405
0.5328163368430519,0.19634845304198495,407
1.8220898713964468,0.10333467702730603,418
0.5835525009507345,0.09178997070140649,416
1.4298244696270372,0.16278131756384104,409
0.6222964517612415,0.04228199401229628,411
1.9708867648894317,0.19985579739499512,422
1.7353535876632775,0.12735704057525418,420
0.723301174803783,0.1781470409671343,413
2.4154416186246443,0.17663866305395698,415
1.7619216733332235,0.14823590465214767,426
1.834014013220195,0.16499198734695558,424
2.2832760230166547,0.1603623101516834,417
1.8572231346602504,0.1481547224449623,419
1.2150999143568486,0.19414631504387714,428
2.0342575213214436,0.0629254130929028,430
2.4219599000765513,0.1087741588552999,421
1.435361009605197,0.06117849999189289,423
1.8782752542947196,0.03188338013690791,432
0.9838654658280419,0.25700554853610175,434
1.061790099972608,0.14218817699751155,425
0.5393453314749539,0.055092284924566796,427
2.1152381825458826,0.17791660806896412,436
0.9347652037679184,0.13861994741794573,438
1.099491845665639,0.0912041757383478,429
1.9795482870050551,0.23082698128847823,431
1.4935764156935563,0.14470843425738952,440
1.785063417400668,0.032881337417569406,442
1.680092813908544,0.29071354603991717,433
1.6649774857189092,0.11507305944920472,435
2.1393212234412933,0.05497623867934577,444
1.9355807336205697,0.10363163583493412,446
2.065319054462438,0.15504330193217575,437
1.8140266389493125,0.08334078396860016,439
0.8315807101898374,0.18485224849654452,448
0.500088848955482,0.09711037974823077,450
0.7589075064689237,0.07948418023842858,441
1.232890141155417,0.08301161505089734,443
2.132908725539907,0.17597104318448006,452
1.289340506642952,0.16074238056702164,454
1.3612192235294136,0.10559692889823324,445
0.6925964147955654,0.08119761716592322,447
0.9311646530537385,0.10281194383571118,456
1.0257869366302645,0.06668498708503758,458
1.5028120586999723,0.12787014703290764,449
0.5946429808795846,0.09148940147516084,451
1.6816957744698913,0.1123007154436577,460
1.5450219375479572,0.1663437564990893,462
0.9652829714478712,0.05362873216760392,453
1.642598943212881,0.08145093336999108,455
1.5149973452287135,0.07034940666101265,464
2.3076845172886173,0.06520927644227097,466
0.6773345572106202,0.09904889344395783,457
2.3869213377182295,0.12738854713519734,459
1.3829727275898154,0.1530013929960432,468
1.1118437654972668,0.04860923058543834,470
1.8024121927674492,0.11715211582133322,461
0.8653057910648467,0.03105832423157,463
1.9545477986047055,0.14978714242656188,472
2.0450500557953903,0.19466543308285877,474
1.9753159940937748,0.19308981931911395,465
0.6228172794018503,0.1476921763777883,467
1.7104093274936463,0.09991891169446954,476
2.480545043399622,0.09294532716581207,478
1.7902996816358636,0.23071365740182684,469
2.2786309940105256,0.12018056078968241,471
1.6174926741783513,0.21691921824642743,480
0.8082705096114873,0.1835419385151973,482
1.347638829984227,0.05750550481922743,473
2.0657867948415465,0.1311718362781822,475
1.8622029871828243,0.1417364922854113,484
1.411889330692162,0.06315073757312094,486
1.2568329322391996,0.05075557819020119,477
1.0012762924157064,0.12448218574423008,479
1.778623467683665,0.14626596196471917,488
1.9036818810148948,0.09190889273684161,490
1.5119961446093906,0.16893249973959315,481
1.4936196805924382,0.006464889074036053,483
0.6136991569609862,0.08239804193449837,492
0.736207440864588,0.1299140138493693,494
0.6811614678945355,0.054390275112790744,485
1.6494910390728554,0.1335294377721686,487
2.1801724839311003,0.06036942690594872,496
0.8084803247999739,0.17448046864082783,498
0.6336826551337982,0.15907631795975258,489
1.0029740585853282,0.03045358893726953,491
1.8175157320791453,0.06258534117056291,500
1.0951290236809157,0.1448362209987988,502
0.750404178913832,0.0745577841026885,493
1.2199685122037642,0.01996299661389687,495
1.0955324368485186,0.10851411412205986,504
1.8883530874221495,0.10834528480956399,506
0.689195956273273,0.13531052054796816,497
1.2471092726411632,0.2381286867737154,499
2.2835630799148072,0.1592538193884846,508
1.4687136401606269,0.22456737073396327,510
1.6274960097080526,0.16821456193141837,501
1.927765671586903,0.1022752161053377,503
1.352858475563964,0.17513953536653645,512
1.9210302538016975,0.15564826760139294,514
0.8999928340677312,0.1269717776543968,505
2.1923102984361744,0.14853026602240177,507
0.9586519151114377,0.06979838906746715,516
1.236297450193717,0.3024262503726891,518
0.5469108687079629,0.1488145100134459,509
1.4217822370633415,0.05210594678535249,511
1.4964785999219399,0.1152121870913439,520
0.8132798171769677,0.13493472240168009,522
0.7982407265090916,0.06322912594705717,513
1.579643583851861,0.21973285821509264,515
2.4904452538379918,0.0646716460641258,524
2.2881098374484887,0.10898803105826049,517
1.4367361479820464,0.09960748569712558,526
2.2211227705344996,0.13360636900159695,528
2.118838340241671,0.0819529711300776,519
1.0254419271561357,0.12218827790463282,521
2.0533288562553076,0.05460182943044271,530
0.9197510290506064,0.13887677125689235,532
1.9436176509947973,0.084463105104261,523
2.0946822961484717,0.07894922803245197,525
1.9498985766406256,0.19043572505046813,534
0.5298708148360378,0.07370580348294697,536
1.9394569029281277,0.20852294946404826,527
0.6798089948800925,0.031082770947149587,529
1.9731744742209159,0.21751788781165207,538
1.943797344396978,0.0445616208777878,540
0.7391432922411225,0.08272156893731732,531
0.5511187776485553,0.09322849123655785,533
1.2715459249932481,0.31311416586711016,542
1.783210215895197,0.16370535952370216,544
0.5895283944629119,0.07994554808241458,535
1.303778205544339,0.05219231658843926,537
0.9120439883530089,0.07422685980625138,546
1.069543984533851,0.050556118704702904,548
1.1779365832973332,0.17982016817421112,539
1.0057394519778577,0.16082603937361625,541
2.2283897699612436,0.1656459400036734,550
1.785979612278458,0.2203266495354646,552
0.7326187554388426,0.11220213655472255,543
1.4314453979092148,0.1897284797128876,545
1.320485478320605,0.10463075428666152,554
1.3041635969907837,0.16685001586187104,556
1.2490352976673222,0.21277144516835414,547
0.824968064854932,0.05685468369219729,549
1.4102408897532044,0.06541849027292247,558
1.606694332487414,0.04552417896597192,551
2.082559774166192,0.12394489742121864,560
0.8679181301389782,0.1579253162060289,562
0.7530178127657807,0.06107130349286121,553
0.937742045613988,0.19063340158759742,555
0.7525722700955406,0.2744979814683161,564
2.2832340770496784,0.10844948170337239,566
0.6109706405931552,0.215036337894647,557
0.8309972784176869,0.2614502028417364,559
1.5550585873783653,0.18714250668656224,568
0.5610385449474866,0.09559025352879788,570
1.17193193972502,0.0883543323871015,561
1.8134136803814145,0.14582770442707468,563
2.226840235550507,0.16704495059149974,572
0.6507761586707044,0.06721097850479807,574
0.7795538815505847,0.10055860383551639,565
1.8740515550563066,0.1517926832456502,567
1.4267511781155762,0.14792303180870495,576
1.227136257458664,0.05830626590918358,578
2.015746083344024,0.03672574491068539,569
1.261011271926488,0.21868432057561274,571
0.7738113827969475,0.20771667883114475,580
0.9788024460465203,0.09773883088604192,582
2.4512981284223674,0.17550731779247594,573
1.7504323764993717,0.17708786187023629,575
2.497497727252223,0.09401228949067246,584
1.7441259006839511,0.12271879278005843,586
1.9485826755384261,0.11087628686081313,577
2.3513405074614555,0.131363062852952,579
1.9829943491987476,0.09309985461859827,588
0.8199845373935404,0.18506045368377827,581
2.359549300601638,0.11966658065652154,590
1.400224118210191,0.09667989556530253,592
2.378864699992624,0.1557525927716309,583
0.9137229250853296,0.15960042499680238,585
0.7887815025339389,0.025192706918517466,594
2.2335239468368733,0.20102050753268774,596
2.0680795817293336,0.06703790333220785,587
0.5091661049088112,0.12979172824901206,589
2.1523014962920417,0.08120457560729569,598
1.8039725484419566,0.18622015756205246,600
0.8764918704980225,0.1448441208295721,591
1.9049082188670685,0.06103217222451485,593
2.139048166154029,0.025698906325266,602
1.592995534094872,0.13204773773921977,604
1.2504998899340136,0.008215733114912572,595
2.0764746932858955,0.0231301305150877,597
2.047130797909607,0.07171796595030341,606
1.6198064935041214,0.006869721731295692,599
2.3822366312591683,0.09707554474899736,608
1.7973352135902694,0.1438564373677445,610
1.769706337766312,0.20918248926883565,601
2.385059736578719,0.13799563743866125,603
1.7675580976207377,0.07002304664493321,612
1.262042618989288,0.035500673471340144,614
0.8019936034750186,0.13080301244405743,605
0.7800737634180885,0.11189127905724075,607
1.4437782511960888,0.14644421888365974,616
0.8657857074827737,0.08025968421258228,618
0.7988915990033538,0.18512003992462858,609
1.8379306943516405,0.17589496881317723,611
2.2258368839481433,0.2478238901530676,620
1.3785431060682996,0.10003729410122822,622
1.3027514452285096,0.12020093937365578,613
2.2499741904521633,0.13186100647839685,615
2.023604935385891,0.10821124043215553,624
0.7960695336017916,0.09250903453582264,626
2.2453061005731914,0.15831730349819154,617
1.530001567349455,0.10897947285031798,619
0.9212225340941123,0.13688707427716304,628
1.35412924128491,0.0645613206936736,630
2.3599171645884534,0.19500570700860037,621
1.5693562785096238,0.18595437405243018,623
1.7857029140113765,0.14344469649030975,632
2.269854327827738,0.16276106368880955,634
1.9874577444385118,0.1794282458974932,625
1.592690224642182,0.14027988748927991,627
2.4873859150155564,0.09611007863361588,636
0.9425953160785943,0.1702421302924868,638
1.334164403365024,0.055245091177817535,629
2.054628265363566,0.07865418108971227,631
2.1194164237697235,0.026428194255180112,640
0.5383152899391228,0.06018879825240314,642
2.023909368838181,0.0620041723141562,633
0.8183704362091431,0.13812644354254075,635
0.8211390940743459,0.09933764834361114,644
1.238442984695055,0.14685384854014394,646
2.4295786574704925,0.07254890318574701,637
2.3051775393193044,0.026272512281168964,639
0.9840260552556668,0.13871737415884833,648
2.041162950785987,0.25554894060565947,650
2.107091232332345,0.10659118889140567,641
2.4074734202757524,0.05193997885668821,643
1.4653426994608953,0.13857042472297718,652
1.180415515741633,0.10022222273656152,654
2.026491507377634,0.14578904865980724,645
0.5602042556903712,0.1550870810453845,647
1.2965221316710618,0.2913509902959137,656
1.3431278147030499,0.04453949661518457,658
1.6956730791429964,0.1351320285424343,649
2.0696824242126004,0.07249636314807965,651
2.1488721400135335,0.07397760385474372,660
1.5186217221818172,0.038034632814819995,662
1.4372980413029266,0.14159805090478675,653
1.66921332790462,0.038218392617740425,655
1.4037845945613963,0.13809216699936488,664
0.9270866410502896,0.15252290960335324,666
1.4222083906538723,0.27496704514773146,657
0.8247685467539532,0.1921475356240287,659
0.6928715182201359,0.08794051351690069,668
2.1682664308862005,0.13859944198938198,670
0.5626030787114191,0.16362801238375468,661
0.8226953229054401,0.15667058316672305,663
0.5807053177328052,0.16596342028150557,672
2.2993542068608406,0.14695604859380604,674
2.4931527744474704,0.11757552770746403,665
2.1685983623966383,0.07383362721762919,667
1.81135809619082,0.053573086802425944,676
2.488976871258779,0.07818118591064452,678
1.3287974629781214,0.05131779048869209,669
2.152242687698758,0.13811766945451184,671
2.2846576342034184,0.04099901918010226,682
1.0507230398936855,0.1850247645359049,673
1.2680468356900196,0.12341781787905287,675
1.7903092122618065,0.1414810649996178,686
0.5399524694165325,0.2782674026762502,677
1.8671147952124256,0.17077009315527422,679
2.2358767423295074,0.07269973623126652,690
0.9852571630805469,0.18142544170003494,681
1.6848182338501307,0.09498595013042277,683
1.8294726258868488,0.10234127465632757,694
1.173481052264569,0.1962436344193627,685
2.0077705188391164,0.1528045163459388,687
2.3995571946731413,0.18664406208525777,698
2.102299041756522,0.08853231012246388,689
2.4269448751795886,0.17021510012191962,680
2.2907794470529135,0.21276380152790259,691
1.1066090998748552,0.09568876905999713,702
1.3051996068557647,0.13574638323967264,693
0.5965254857556692,0.08194421400629426,684
2.4260265403082775,0.20483742602753274,695
2.1311103176461543,0.18946055784363336,706
1.4747049446825113,0.023332209546982504,697
1.397383698018863,0.2100947587691171,688
0.8032894308252927,0.1847113277228335,699
2.436113049245055,0.09247167904274299,710
1.1825263719668602,0.11153550035773147,701
1.7002279654815102,0.11017111496890626,692
1.4276446826831588,0.07857799170845002,703
0.8846796467860893,0.09004952893215301,714
0.9099283870991799,0.2146419775279148,705
2.177317306393161,0.24576824836270866,696
0.7254667087668971,0.2153048936806887,707
1.8687162065633955,0.09466673449436393,718
1.8924203245167137,0.29993620166866963,709
1.4888252001357165,0.0783130165202628,700
1.963103536884797,0.12221223081051974,711
2.4770970747774763,0.18954774361183913,722
0.7644245971151982,0.07482655431897905,713
1.3927065735983282,0.1640201376989883,704
2.049672690519939,0.09808882385340906,715
0.8722857021753656,0.14480862596207136,726
1.463662378226234,0.12790537277484842,717
1.5510937597320953,0.10171299917227022,708
1.5364983837425181,0.14151623372538974,719
1.9756231187884374,0.04433375317503994,730
2.1290570754139666,0.23027651279030092,721
2.2365167210686856,0.15356886366929703,712
1.1798414541739115,0.2060735365237569,723
1.6470388959061748,0.12982955046603012,734
0.8580165733458318,0.12232128398517113,725
1.2951264399816258,0.1309142918743745,716
1.0495091765863838,0.14152420903804785,727
1.2012130449820067,0.08521915862958039,738
0.6174839910438101,0.05638989177889606,729
0.516752306769932,0.14841913949715554,720
1.5261591334522173,0.009883758508618869,731
0.6143472699008343,0.08514217780129532,742
0.8775850193912522,0.24703457464094192,733
1.4694836753319012,0.20076184591077537,724
1.4147527573008047,0.25101858673779226,735
1.6082405102953892,0.10559863189270297,746
2.0732917079877344,0.08484256904850865,737
1.2410304956445202,0.11008688899732394,728
0.7534600180042028,0.15295976870679429,739
1.7254386689591636,0.05388531978904779,750
2.4146558984594497,0.23579101307309247,741
1.3770592395222496,0.11003741691659448,732
1.327005402109642,0.17938277471278433,743
0.6633241696153154,0.04790610366610877,754
0.5223128159427826,0.06792980145868296,745
2.4385676154230262,0.04719762458272492,736
2.127571117293434,0.14462306152021473,747
0.8356950158643353,0.08890144307048356,758
2.095954731095757,0.11589919018614239,749
1.290103746968676,0.07037500209450152,740
2.364287826689192,0.19561997993134206,751
1.710108119826446,0.08177971779883772,762
1.9509781351392592,0.07691920741263472,753
2.4225264432531652,0.14595481097513777,744
2.236000475462707,0.03880937599896917,755
1.8468271593788006,0.1281251214764153,766
1.8480899413405234,0.14008624185279098,757
1.707082672539361,0.1257864449271093,748
1.1655585393003496,0.14124767965940443,759
0.9532139816230514,0.03257523591808336,770
1.7299043153633693,0.1360932199933221,761
2.134326230447999,0.12935202048235647,752
1.7542529737892938,0.11556930886609953,763
1.1815545445299531,0.17403408808103088,774
1.0943836904536728,0.09067223624370123,765
2.0858762314106505,0.08111909933814421,756
1.1067191658729683,0.10793123566329224,767
1.4639911535782546,0.06162351594978532,778
1.6562133948567077,0.08599735779575067,769
0.6595974756664604,0.09430387894297536,760
1.5257867483592062,0.05925578612918027,771
1.8769746937683685,0.2230070278566929,782
2.0371847244886983,0.07192188183201402,773
0.8690765331633568,0.11391002489543603,764
2.377046195804419,0.05179992707297423,775
0.8455399673856963,0.11323683402309148,777
1.1525760109171914,0.21804741542245823,786
0.9187048535517983,0.13210666804979596,768
0.7811382027637874,0.13408038243588838,779
1.8238264696115394,0.15050229435460394,781
2.40859603150694,0.08758909154734545,790
1.742347593086688,0.11035339453808074,772
0.6609575438256954,0.23809684423384964,783
1.1188137634964073,0.05912566021922592,785
2.007828333424225,0.07991468509502812,794
1.5679544897827997,0.03659549283945796,776
0.5123189627885383,0.08448887045757142,787
2.0250197587616157,0.15310968848200213,789
1.9929967583187158,0.08546031270970017,798
1.8700942334310058,0.07671279312478341,780
1.522970162429978,0.17619194854445078,791
2.0256251741245155,0.00984655995269607,793
2.3991382984491025,0.11685937924372158,784
1.3578420699365998,0.09322834181422814,795
1.6800591749520195,0.13018635784909477,797
0.9994325099064676,0.060855295437971496,788
1.7116119507089134,0.05774617897448064,799
2.4803111333687573,0.07304963588754297,792
1.0997504888392131,0.1904634481275287,796
