1.3494200180564282,0.03588252067495041,2
1.36062619238603,0.10561322422845645,3
1.244452595198561,0.12236727858584506,1
1.0588825022192319,0.1407244624545548,0
1.1383565455075255,0.1250922235789844,6
0.8681349813405751,0.038421540477306004,4
1.3263163825866533,0.11705345758947089,7
0.9765952189506287,0.12556731369316976,5
0.8335963851720705,0.04932129244397374,10
1.0607872550803021,0.02760824128779519,8
0.8294634045847715,0.13533555960851248,11
0.8847988023457305,0.18414544492764623,9
1.105691564759962,0.08528078872493666,14
0.8119669871872071,0.04244004573748114,12
1.379493378326495,0.051750878460238625,15
1.1370864242829217,0.10546265185214881,13
0.9859187131191807,0.1626382166229834,18
1.2982133209627191,0.0722000918110745,16
1.3506858853083568,0.14648122944048333,19
0.804089884994149,0.11071328824168628,17
1.206699337200015,0.063411026762779,20
0.8181818844468026,0.1690447032876634,22
1.1664303813206158,0.07284320662463521,23
0.8601180893904831,0.08166528597333543,21
1.056281117497537,0.09901518091709963,24
0.8518258592441043,0.07339432293227086,26
1.2475438930829985,0.020170928568541673,25
1.2310843523595345,0.12182075158937788,28
0.9474686345136305,0.12880846738596957,30
1.4246802538167025,0.1338590795628475,27
1.1274011683407972,0.05198219444865775,29
0.8561779960258645,0.3231485737872579,34
1.2546139558245342,0.046782735187655564,32
0.8700838230697697,0.13780849788654456,33
1.2967973055879698,0.15444516448812864,31
1.409915772380218,0.0597214139051813,38
1.0360777519688296,0.1069158243794325,37
0.9566119879314747,0.1708876482891772,36
1.2568295576902682,0.04300712418491374,35
1.1479112946313068,0.08427721262458812,42
0.9020652411446951,0.13632915059411627,41
0.8535226223441503,0.07120365128344129,40
1.2639662302073715,0.05515055264561556,39
0.9296033769574411,0.14974001665378978,46
1.051233347341112,0.09508982883335367,44
0.8914353597683494,0.10874199322766186,45
0.8942866520566972,0.11752231708573035,43
1.1271289922984977,0.17521612887229676,50
1.189671739978702,0.17526510833690864,48
0.9736087613269482,0.23890348940008788,49
0.8782232913835861,0.08133674242756328,47
1.3774830457775504,0.2921889438307197,54
1.2204576381145575,0.09015810094574941,52
0.8841194804444777,0.05126617047503021,53
1.0013939138729275,0.04612410536776445,51
1.235842557506245,0.1969806835138469,58
0.8163810516224478,0.14491195713523314,57
0.9524761300467556,0.10521197802832633,56
1.1849402563458389,0.040812711496787446,55
1.2669656712762922,0.30790807052063274,62
0.9404447363295813,0.10671759175307012,61
1.3035793722362374,0.04063206009493628,60
1.310167637147782,0.1681620459197514,59
1.0157026261367381,0.16805700266138024,66
0.8669602345150067,0.22495249702431913,64
0.8769856059938798,0.16771819333807608,65
0.9911024603340151,0.16422499990685346,70
1.0353954134532288,0.09863245294319348,63
1.3930439518618565,0.09010204150968448,68
0.8359059406314173,0.026673673273267848,69
1.4381321300760361,0.12305566671222519,74
0.9924679198195672,0.08035567400182764,72
1.2774878618177743,0.27727888195855116,67
0.9650856508920413,0.07837556293019284,73
1.1753221822178663,0.0982904639614611,78
1.3090605779893172,0.010812955884741573,76
1.205169675642623,0.12447489362436884,77
1.0542941231188143,0.11721144777458879,71
0.9415601019390858,0.09119799027303531,82
1.2137296158018795,0.17535854985480448,80
1.4216470005334978,0.1228964722609941,81
1.4173455645046182,0.05758620602489009,75
0.9632641598483838,0.12504367031792554,84
1.0851133522979688,0.1160066782418968,86
0.8953613751576551,0.14643211940444498,79
0.9720263572499815,0.0504008451594494,85
1.0853349370187075,0.1628582529573713,88
0.8150966808110961,0.022002166302504806,90
1.1224035332082518,0.06402357240416472,83
1.3354868896488974,0.16081179002518317,89
1.3492892061489996,0.051520249446442734,92
1.2906552866573584,0.06713441001741309,94
1.3360091314171374,0.15411495529916308,87
1.1715169424153975,0.07923104698928503,93
0.8970046685712236,0.09810998791506426,96
1.2040703684954082,0.07960570658618789,98
1.0637603095451889,0.14073386220106834,91
0.9247584005436537,0.11681942601350631,97
1.1689931996432286,0.1565751390883626,100
1.2744579556642563,0.19934330677863266,102
1.0715330761737096,0.06918054055146171,101
1.3195680309654652,0.07024934451091605,95
0.9886503271587599,0.13974136162446585,104
1.1848961434335037,0.05498858328290998,106
0.8887342313262317,0.13441275602005845,105
1.2953861869774044,0.11777948726530499,99
1.1594414678715097,0.07204161338436658,108
1.2612597110131352,0.07674284781997719,110
1.2886191331812977,0.09193389781563353,109
1.3628399992249356,0.12251756191555757,103
0.9494038124325421,0.12738400616728335,112
1.2070775022573577,0.146951662856671,114
0.9318258012338569,0.19992281537391055,113
1.1707242654612553,0.021814660254059818,107
1.1828388797971452,0.17502483400627966,116
0.7893970599303884,0.19249869681214396,117
0.9768537267051375,0.1192946399234032,118
0.948241143127805,0.1411688433417092,111
1.2491185008447385,0.041433012870457926,120
1.1494496828052772,0.03572504517755675,121
1.3416304784508648,0.06017242594406065,122
1.2026009528962247,0.3417533804432261,115
1.1882082492542978,0.132400844027993,124
0.8557564080452255,0.19329285630871013,125
1.3226183192649215,0.011669844772374885,119
1.120940422374323,0.0438999282544697,128
1.1907087313257785,0.11998272453163009,126
1.2424881811023596,0.173585319840291,129
0.9437997951785799,0.03840049524703034,132
0.8596802782930077,0.11153728811435676,123
1.3863311944211536,0.267934088697823,130
1.0871641777273766,0.12060851524135224,133
0.8741081483153509,0.10888682967483854,136
1.2310613157889607,0.11827638948493113,127
1.0326848725136386,0.202889509195024,134
0.9321099098441225,0.10416755834768517,137
1.2713798945099557,0.22081737108109284,140
1.0891143163258385,0.04322026187908155,131
1.0675274074302012,0.1816563492450581,138
1.389328963100803,0.20743114699779627,141
0.9944501297007342,0.1280745217976831,144
0.8278881639455657,0.09542485860801365,135
1.069543862362882,0.09985767721165519,142
0.8830317505740329,0.11548695344027596,148
0.8516926667559226,0.03485493953174845,139
1.3583981098470295,0.05432075752875998,145
1.2632754849864942,0.10842026516283049,152
1.3484899055711708,0.2002694672982885,146
1.2814068783055093,0.20154199857527605,143
1.0434010745667102,0.19248934304638873,149
0.9657156013820922,0.2393153397777982,156
1.260892194684642,0.11323665698077989,150
0.7977699909971809,0.10566754386348554,147
0.8728258434895237,0.07004331354272969,153
1.1725601866786888,0.12090223367628333,160
1.2323293300494116,0.11613628324823858,154
1.3648253279664746,0.18638932495314633,151
1.291565117726353,0.11826689149748038,164
1.329290994579157,0.12471002958808904,157
0.962608876128338,0.2621178733200562,158
1.1967133314994098,0.06021976419909453,155
1.1664244003476467,0.046732338541029705,168
0.8743125193473114,0.014047261170198753,162
1.343176655961409,0.2315026058528766,161
0.9094802605836799,0.09804131862825775,159
1.2334085972564257,0.11932610710308998,172
1.402447173886678,0.059953392337821015,166
1.4023466695828635,0.16632390312180376,165
1.2561190585369135,0.19889399936969573,163
0.829503111860803,0.07452876535315002,170
0.9384376694623895,0.01750394304128545,176
0.9333191948434103,0.14371027282016666,169
1.3445150894118507,0.14560240130534607,167
1.0813383069796196,0.20058161774376837,174
0.9245972680289425,0.09276335442897887,173
1.4263715183987837,0.2712449357486034,180
1.4297417630835794,0.1457342245986645,171
1.3965676601208497,0.18102843011467473,178
1.2797850543512614,0.10256865864426512,177
0.8322539068831708,0.11401288239247875,184
1.131396554154151,0.21843435831264557,182
1.3764441964640843,0.12163543809273336,181
1.2451675636797355,0.039884971824473786,175
1.004587570709153,0.19662705826652657,188
1.3561383689943947,0.14660006599655978,186
1.3572806591646338,0.03938329198019481,185
1.3097522609489018,0.06479142784477387,179
1.4149776040399014,0.09539498981954303,190
1.3374143154372864,0.05707781267709336,189
1.1097949580615134,0.06392522259367606,192
1.148680443616619,0.1347287959267451,183
1.0232469406369713,0.14901642691968128,194
1.2834080302719817,0.08902926239184307,193
1.051689419700156,0.24180533372351706,187
0.9149736202788337,0.04908657117011607,198
0.9523648665740196,0.08826186502060743,196
1.2033942450648332,0.069849955165293,197
0.8449697783217743,0.1347808363740109,191
1.0998603860895766,0.11958064373088206,202
1.2840949294856587,0.24076261813114305,200
1.3715910048902682,0.07289886473458178,201
1.2406600338725986,0.1266474776979685,195
0.9739807699438671,0.08026801920635931,206
1.3306139182749883,0.18417328604811709,204
0.8364880526967994,0.13912292801037027,205
1.3677256776465916,0.03145697090406701,210
0.8849222767421899,0.12879222294147383,199
0.9599713703384283,0.17198107920799421,208
0.7926986758837928,0.17869969805206326,209
1.1533845767334103,0.03450066306841428,214
1.3281742025252732,0.17889587736977874,203
0.9923550953233171,0.10638640527817163,212
1.2074543943702705,0.11140832504185341,213
0.9439028349197381,0.08782472173969785,218
1.2612417387445125,0.07191899412153333,207
0.894830619942469,0.06505380775505877,216
1.3248631072890016,0.11129007705407833,217
1.3129171730925648,0.20932305297710735,222
0.9059210187635044,0.09731549377019932,211
1.1842613521842844,0.11608304742552877,221
0.8800184578106974,0.30778147695751107,220
1.0572864579833574,0.17881396114266995,226
1.3454549749249343,0.02385237978744872,215
1.2438661153777821,0.2673003694857474,225
0.9775030879015939,0.08654121696918729,230
1.053342798206708,0.18527663510341671,219
1.3550071618622046,0.1057466157963337,224
1.1586070286244365,0.09112962995571922,229
0.868639520345594,0.1870637058843598,223
1.3896620184515909,0.10796077776418773,234
1.1979601994358697,0.2641056844842088,228
0.9363349050428251,0.16415083325864607,233
0.8502223685159844,0.35604398303984386,227
1.1600740807072696,0.10850199467440368,238
0.9316924098775445,0.058873244631175485,232
1.0351651685399574,0.26588632937471957,237
1.4057489776016356,0.09050654746924079,231
0.8863399851896786,0.14694877087842198,242
1.4142627800786112,0.015957590413851693,236
1.3532421332555193,0.20764398665515726,241
1.1114769676124445,0.15008164818323633,235
1.392934808918771,0.20196192668680688,246
1.2635149243667212,0.09159267078533775,240
1.009111681414114,0.0947461832830709,245
1.0309043191292782,0.16226946147211632,250
1.1738018378208699,0.14720486305184105,239
1.3024686387990685,0.03216336076492917,244
1.041742471463183,0.12170536399291072,249
0.8738564820052803,0.01805557374645974,254
1.240043117196844,0.2314372355639288,243
1.1085554382355323,0.13433063347979177,248
0.9474134724546321,0.17414700194588473,253
1.3722662482966261,0.12499473216242947,258
1.3272388374822024,0.24800394833181325,247
1.1758440823521292,0.16143949962070842,252
1.0724669913469724,0.2215513875225176,262
1.414356725144343,0.06560383837891418,251
1.0563802533590418,0.1139780716700092,257
1.0469693470080346,0.08873904127217008,266
1.152389931152547,0.20595896680649262,256
1.174554178569291,0.27970018177558265,261
1.0819673365163704,0.15107128496338706,255
1.1369292284499908,0.10111586826888422,270
0.9534054861112664,0.1618725232421897,265
1.3323729899646664,0.06688192729660351,260
1.3220340608191794,0.021789536733665477,259
1.2007476229458873,0.12153109795322647,274
1.152930988082929,0.07778377797480787,269
1.2627596116712279,0.10934907048691672,264
1.158433270759488,0.05537064555719939,278
1.0540327796637436,0.16294519194616858,263
1.3163237150504634,0.048284558898796036,273
1.0852527682798023,0.1516371768590521,268
1.0664993446214885,0.09726794148119813,282
0.9802399864554203,0.10824901304479845,267
1.0318706347685056,0.09360027498613693,277
1.1358351801970001,0.08216243765130092,272
0.8229715326735415,0.08081729502722444,286
1.3836470424476064,0.18802958833832692,271
1.1083278095555493,0.08036360740544962,281
1.2113699638292235,0.13501639376311037,276
1.2147695231043898,0.14203248964893658,290
1.208935031909649,0.24957678444052067,275
1.1038043320180122,0.15707272499184316,285
1.25935151188528,0.05019892526414232,280
0.8223252756534418,0.006511389885895833,294
1.2872312776608776,0.3380679665839625,289
0.8874220044251573,0.08314285354112273,279
0.8522174017525905,0.20641221319356215,284
1.2275144067598398,0.1426968741195569,298
1.0522157692068155,0.19117199449989816,293
1.0631325167994778,0.04188950212430315,283
1.0065964285576812,0.15742588686733017,288
0.9812786457618818,0.15742052048117505,302
1.422737698509972,0.16030816844686832,297
0.8089663134168419,0.09558219808153384,287
0.9102401326283079,0.23369441061961732,292
1.4023874114704449,0.04914378831752017,306
1.3108672171358686,0.18196745202673884,301
0.869895939173396,0.2909603147787772,291
0.88123379867029,0.17474573042406866,296
0.8928412826028704,0.05385145569944022,310
1.1993212514885243,0.2555980888219127,305
0.9950662958392031,0.0706691081856206,295
0.9182413833548179,0.19867277544738823,300
0.8859344472780003,0.15385626558064688,309
0.812961947161686,0.09589352288313058,299
1.1554842522094275,0.21220002430835191,314
0.8645667035551208,0.061763592228321756,304
1.3670891127664215,0.19396208220933703,313
0.8334479006267721,0.07314192148933095,303
1.2111062770615832,0.09218284201670955,308
0.9729949370265468,0.29049099404882595,318
1.2949688218356155,0.04852277940309707,317
1.0132641531591238,0.20876740526173154,307
1.153464912636012,0.13413138358078666,312
1.0173862132830935,0.1604782754416598,322
1.3946879616990897,0.06478148488615142,321
1.1446344367955301,0.05617630079604439,316
1.2753433105247416,0.07664249269663098,311
0.994878472013284,0.17374093401596588,326
1.1406883834766168,0.18455534782826322,320
1.2710906061905516,0.16756742638500313,325
1.0586750959705629,0.0704997389038042,315
1.3236390316248279,0.18163761281378793,330
1.3821349064201307,0.0377981349199738,324
1.031209701285121,0.08688391671937935,329
1.0303857026091152,0.1588725950861424,319
1.1660081627249168,0.03207922554053961,334
0.9540528281039142,0.004474253687135935,328
1.2052205342765276,0.10949139485312467,333
0.7937233596131177,0.2113489937480693,323
0.930933115868083,0.08971373317348037,338
1.1576907852605511,0.044825171217246884,332
1.1546404251564075,0.16694932321734426,327
1.1227591448966021,0.18683833430324231,337
1.3946581070857933,0.15915911900094193,342
1.1952188180385857,0.02740614470885604,336
1.3932034167206844,0.08643233960845259,331
1.1712887060452095,0.02433886518699892,346
0.9739760708833742,0.12822122433376487,340
0.9537236176273107,0.2726591290121471,341
0.9225826312469158,0.05736247199712367,350
1.0615207456138498,0.1705638612335441,335
1.2287339879012185,0.14745487155886036,344
1.3256584405928813,0.08667927340464454,345
1.0791465755152048,0.20856145278160626,354
1.285641788269374,0.06389393900834482,339
1.2916967232762877,0.03014378815065409,348
0.8935520544324563,0.07263564137946507,349
1.423168070524973,0.07418233333646256,358
1.156204813039034,0.16781114280966916,352
1.045330494743772,0.10429394060255932,343
0.8268077695933055,0.24281217555380963,353
0.9901591492917688,0.2640416445523403,362
1.0174518915560018,0.14644261861820893,347
1.3831681293481433,0.14068595728183306,356
1.1771225143596453,0.09922061873918542,357
0.9368890447303345,0.09859022669136508,366
1.3249761813611503,0.19182825729537314,351
1.3056132032478338,0.04320741180494497,361
1.3338262070445717,0.05869347440237042,360
0.828803422909637,0.05560246864015677,370
1.3946662865960275,0.25199334161016534,355
1.3389467098806358,0.14093529662252632,365
1.0560684994430503,0.0632111151105027,364
0.9782480999805845,0.12844663116472688,374
0.9430063232440156,0.15245525405620064,359
1.3747847077393602,0.04392067300474484,369
1.3332627789283205,0.030462905287694287,368
0.8409982989859267,0.07515670388217882,378
1.3190784376237947,0.11297346046320521,363
1.016439880937293,0.11524287492453614,373
1.3593983361473008,0.19876454478818747,382
1.2553879488375095,0.03904659198779146,372
1.4314890101240119,0.13162928131007004,367
1.4297931464929843,0.09188809284727995,377
1.2118752276977192,0.10572269644043089,376
1.4301822817691565,0.0612911257480412,386
1.2815069594538415,0.15170730697069704,371
1.419692179447806,0.07254717354030318,381
1.4285887280387466,0.13454341312611864,380
1.154670173250581,0.0883788423033725,390
1.379762075780907,0.09652585663156653,385
0.9384903890800662,0.14192163172349342,384
1.2230778189681786,0.11709541216834639,375
0.9961418240205899,0.18596741423119423,394
0.8014897488241569,0.1350888268345335,389
1.0043258428062907,0.20882477278619907,388
1.1208447144005331,0.03692472645871588,379
1.402129579170495,0.23201248572491062,398
0.8378343863793932,0.10425693919146346,393
0.9125630193825225,0.10230896410872946,392
1.1846808474552195,0.0753591718590124,383
1.4248197501198074,0.0332748533506392,402
0.8168922564689555,0.14801581642906886,396
1.4231487686080033,0.0927287302404699,397
0.8855656320884036,0.22810025849368376,387
1.4023761365472547,0.07178782504487496,406
1.4257913749185718,0.09667061153743335,401
1.0958312549195837,0.14354568338496454,391
1.2031072637263902,0.11853866249579381,400
1.007533942035157,0.24424265561392555,395
1.1606426509972878,0.1251539512747971,410
1.4141546523498734,0.042813703005633516,405
1.3131572074296323,0.10037130401627066,404
1.3648715521302344,0.10455482714166367,399
1.3684990807527821,0.18091505159539623,414
1.0381978110446086,0.18013234212156215,409
1.3168255485348186,0.1401400706430271,403
1.2212434998960675,0.20368209938599793,408
0.9263932853295681,0.2026091328764145,418
0.9479766708503324,0.11135892799193821,413
0.982953327676299,0.13980394837353857,422
1.350326839806853,0.02458536600065923,407
1.1449872088779025,0.022633857051495457,417
1.3732976700311097,0.11390506341068984,412
1.1789536714342017,0.15250072240517276,426
1.2331266989135583,0.10308338797115067,421
0.8273289923002065,0.07677528917425096,411
0.9624945680645801,0.11725748774770657,430
1.3010950786713815,0.15621025439739428,416
1.3879670071540822,0.14812005922046323,425
1.1813311818794683,0.20028368509377273,415
1.3511707275039417,0.001782003644110128,434
1.0591268861193908,0.04110307304608828,429
1.0245697991792486,0.03438550711463295,420
0.8951502198050151,0.10268488407613419,419
1.3131390003081387,0.10403717603563573,438
1.0879427308196774,0.1254614857944514,433
0.8398892348034995,0.10619978595473115,423
0.8175606854088846,0.2124915876648361,424
1.2123896134500636,0.09554142798407284,442
1.2359145535174105,0.12019366293615417,427
1.309103124759651,0.16419012637449448,437
0.8333394554579551,0.09487155614894498,428
1.2316419191892196,0.2045188174789396,446
1.09093253941679,0.05799026555068331,431
1.399611996777024,0.19861215376031216,441
1.4269354364961675,0.11079301423703064,432
0.9273984516848056,0.0705851317934844,450
1.3786130860704886,0.2601578264485829,435
1.272752892575643,0.28786534398616515,445
1.1571289634881232,0.10145713698569857,454
1.1451791340324728,0.19525020631724288,439
1.1153215889129737,0.02082236847259035,436
1.050427947720996,0.02197492899192044,449
0.8387487397289967,0.18633219337403506,458
0.8176727051425391,0.04063622386467986,443
0.9559417606680207,0.025318602386837016,440
1.3841607126132573,0.03691392399925533,453
1.3694404092897394,0.06669419444248456,462
1.098689690746062,0.16881835264195286,447
1.2864126715902373,0.18070092077911437,444
1.1217156185238115,0.16960681971455668,457
1.4351184867052043,0.11473734554280075,466
1.3989646717609623,0.15936767144762998,451
1.0060442185195462,0.2342516508519472,448
1.0894310273444854,0.028373263839001652,470
1.0996595935728024,0.18393185686785218,461
1.344399478690316,0.07580279993965149,455
1.2694479445222935,0.029499652087296848,452
1.3510708670389309,0.04417801288672079,474
1.1400498494826965,0.06241829744484147,465
0.8042703469206698,0.20973546945604837,459
1.2761714057676352,0.20486822002614247,456
1.0510874269999368,0.15860220034037084,478
1.332824494860957,0.07238143480087492,469
1.4363401119957613,0.16744061309245123,463
0.9370970996674692,0.09615758549875814,460
1.2686486654762488,0.16827156444157762,482
1.4096715041520773,0.14149439238879766,473
0.8765074608652681,0.1650296900868138,467
1.013615275160157,0.16223011166163748,464
1.1803225485552664,0.10047266140483962,486
0.958678585885363,0.21815846160933106,477
0.9981799095696766,0.03052888075012234,471
1.0138198516731318,0.09648249100896122,468
1.1428841082905208,0.09657430796401555,490
1.1079968411355083,0.14931944564897878,481
1.2336732328187823,0.13037368165994975,475
1.3220688413412272,0.08173422700926197,472
0.8287302930438885,0.14719304563551103,494
1.3539838019495907,0.019340039614780827,485
1.1574616751423439,0.06002971324371398,479
1.3916713226818702,0.13405481978629802,476
1.1434296622685858,0.20378184631175117,498
0.9682967938479379,0.05029252990975955,489
1.2321184153515918,0.09369748808794758,483
1.1593234097399563,0.18414099746609594,480
1.3816377799118653,0.1202479018819621,502
1.217945523174845,0.1587223721023896,493
0.8520568683592971,0.03132832689017598,487
1.153134333682431,0.20788170259749272,484
1.3809406304384315,0.12009277284604646,506
0.8873611165016156,0.06705289781308847,497
1.3848195469956122,0.07150351825956171,491
1.3295461302721074,0.07653038035901251,510
0.8628023536423627,0.16132618695498635,488
1.3589111574476767,0.09024627083831999,501
0.9394475209558397,0.15748461741827913,495
1.3598663765809973,0.2220369496310216,514
1.2914341475945208,0.10933047166124343,492
1.2995783863053139,0.15987937987031883,505
1.272564164594909,0.22728965823763247,499
1.2351776094248326,0.06588893516110932,518
0.9307343629671605,0.04716209621227614,496
1.0357473025130497,0.14407109234841306,509
1.217684237318332,0.09842959750985417,503
0.7961838078848879,0.12951920375845663,522
1.0624305965537075,0.17459634709536734,500
1.0931515012162478,0.13638245337251745,513
1.0984888350115687,0.22398478937071406,507
0.9768478692818974,0.12723406100821238,526
0.8335730054988115,0.20328234663246617,504
0.8807902169963533,0.19444935882592182,517
0.9255481678758779,0.09475340053915975,511
0.8585116339258132,0.18158241035835782,530
1.066694523804701,0.08827998129031761,508
1.144317497353106,0.11074096875622136,521
0.931965163795593,0.12186693495245507,515
1.2403224379096756,0.2590221877817404,534
1.1376720124939608,0.10130405221546741,512
1.3423832521451184,0.2222678619772628,525
0.9943440118688345,0.1666303904720432,519
0.8329168430394205,0.15490515358091964,538
1.029122116530064,0.2972698176967618,516
1.4068832857589735,0.11965752217828292,529
1.141472572134972,0.14144153962155412,523
1.1908720918399949,0.2034578977949124,542
1.1082550178207706,0.015615910063813361,520
0.8280144944665048,0.10939076437857304,533
1.3136983127555786,0.23911117751606384,527
0.940124332311435,0.30670247690984664,546
1.0301828057902225,0.0156507165606268,524
1.344365844306997,0.14508694372495856,537
1.2447325367341282,0.17744211927904713,531
0.8533067706747658,0.3493179799698695,550
1.1868567307569595,0.19905771546397502,528
1.1236494368324232,0.05196971057033081,541
1.0765402465061127,0.15127567270229342,535
1.3576515043090516,0.13890969941348374,554
0.823109716448132,0.08614889448383471,532
1.0846563476636768,0.2015280971629078,545
0.8717019280926179,0.2584371870573236,539
1.0956428894104517,0.1581924237232644,558
1.0915029731750243,0.05162225751420059,536
0.8719565105437939,0.13891509648353237,549
1.3308174457724045,0.18164937708737322,543
1.3032343654064942,0.1297678372842831,562
0.9895235680782385,0.13947323837950087,540
1.0029571307849332,0.18635076752841087,553
0.9932676352519049,0.24771261878655337,547
1.0071746611086916,0.06360751333448754,544
1.044009957604459,0.046979948392479196,566
1.1725767996876535,0.044893323825696774,557
1.2539632458651995,0.16955899667115124,551
0.9825411636192146,0.19921991741391068,570
1.175718111348682,0.1317314265244843,548
1.2491947955757505,0.040441409588533976,561
1.2030748382783345,0.10299990419653336,555
0.7897305087048181,0.08472656528817553,574
1.4120974756945193,0.06247912699668217,552
1.3791110251604466,0.14365281783541003,565
1.317217805114264,0.12616406321822454,559
0.9851732384742445,0.11534911794732468,578
0.8822311545552597,0.08620840229848427,556
1.0251888179700397,0.11395853424559832,569
1.0493029472652953,0.10506802236470066,563
0.822164821140921,0.03451796347728138,582
0.8082123731027205,0.12471644292172156,560
0.8799037526434426,0.19583730793401177,573
0.9534404818466904,0.03890519974036097,567
1.085049996326861,0.09035099789392176,586
1.0793241933447255,0.09858860928783382,564
0.9494043663276184,0.10715679226542547,577
1.273451318843127,0.18380112676436303,571
1.2734617032524749,0.1292359155742195,568
1.0850992191150346,0.1511641769895358,590
1.353229245091384,0.06489232760344305,581
1.2357280787783917,0.19138692364942295,575
1.3032864735574992,0.07838668506450817,572
0.8269543829003934,0.3355193051579541,594
1.363410653827743,0.07563370110979645,579
1.0757772403963866,0.09197149120668052,585
1.4259687348441978,0.23204887068189373,576
1.1740645097712283,0.1720181012399855,598
1.33133076847519,0.18509425250049397,583
1.2336309586201342,0.2048048238616147,589
1.0278822576483164,0.18190477921320058,580
1.3988342285178077,0.17343683791334522,602
0.7994454710541545,0.12344413405350473,587
1.2738787211747928,0.29436132603394166,593
1.2088927615020957,0.02867502494767879,606
1.2477716108220984,0.1217982522034242,584
1.0695636469250045,0.09270248832904514,591
1.415082956855334,0.05128407665731895,597
0.983250962415048,0.06431099954470519,588
1.227881839609496,0.017159141406083513,610
0.862525716853479,0.03828546036665677,595
1.3843725057977592,0.10499174599067773,601
1.3254565827866496,0.09731984505723777,592
0.9839112863896122,0.024767762110848367,614
1.0100372351705493,0.011626679142759909,605
1.1436717391297102,0.1467988621035163,599
1.0397621968261088,0.1545593310174874,596
1.1233346251848868,0.07741498361864839,618
1.1389689704851762,0.18647554693456234,609
0.9080395639982268,0.03829407811618513,603
1.3351458592695051,0.050260289189420465,600
0.9414276628069649,0.1654059925938668,607
0.8285101845253975,0.05522038949600101,613
1.1663620706576108,0.0796132702862076,622
1.2865036537662253,0.167525668514654,604
1.0433141618665642,0.14645379436386638,611
0.8247095242905048,0.14859601402669576,617
1.1103141759961743,0.12100147067957057,626
0.9251603475963646,0.17868503979152447,608
1.1265598365072782,0.011158231647187856,615
1.307166117755399,0.20664447936797015,621
0.8136489450884311,0.19330346925501765,630
1.3258878432134882,0.11511678383793758,612
1.2310069147788218,0.11840114799939044,619
1.0818159817664297,0.25643780723300336,625
1.262713515417033,0.10092381758096516,634
1.1550785534793964,0.1013365266852512,616
0.9507175555373917,0.009175991033027128,623
0.8742762629066315,0.1678335766831974,638
1.4237281532317745,0.07908750071669257,620
1.13727200361777,0.1526768353287269,629
1.2411038343498038,0.11312878824405721,627
1.0961576952440706,0.11036919302405859,642
0.8374709982075134,0.2065168388353143,624
1.063821038461059,0.04368589097431579,633
1.0330937264056395,0.045755017798269626,628
0.905492348981978,0.10487693000303017,646
0.9399922860880647,0.1317226347064344,637
0.9434220652082352,0.09516546596523662,631
1.267312999932256,0.03153957796451156,632
1.1814242242169748,0.04409995655102175,650
0.8224482698037632,0.11537711169243298,641
1.392449308865855,0.16217993338670839,635
1.114968655502174,0.06271350555192175,636
0.9686139380715997,0.11062048752852055,654
0.9185008181599205,0.1774240987875178,645
0.7897688815431586,0.09794024992514856,639
0.9200073510104957,0.07651555753334696,640
1.211412724513065,0.12467235671749473,658
1.1179194075423085,0.07650712054271867,649
0.9393329780530085,0.10723640459162559,644
0.941991660068689,0.14826852097224713,643
1.0474924628163496,0.07523747379953682,662
1.1244249792886425,0.12144937707480555,653
0.9679573580169946,0.20090685240415854,648
1.060461895229279,0.08924693509732551,647
0.9855364941982369,0.09058796790587839,666
0.837809988163896,0.18912023659413538,652
0.8370412984229512,0.034378800348085437,657
0.8895919640957428,0.036690563412094195,651
1.2452983535646884,0.07794871155844924,670
1.147984054706944,0.11903572757650016,656
0.9002810999958323,0.15828142030986245,661
0.9684869382576213,0.048514083969659116,655
0.8525006643139748,0.18902839496098076,674
0.8010878934182255,0.14388168645118765,660
1.0044900497693483,0.0962198475636667,665
0.9326422041343592,0.06298252871079735,659
1.3724085017770098,0.12794826736675924,664
1.104971605644289,0.1821118544009331,678
0.9167294431696058,0.15073460461664814,669
1.3594855815237037,0.2901551044772474,663
1.418398637549478,0.20927043647254268,668
1.1890730298773233,0.1891778988902071,682
1.4184871437014954,0.22312929417860783,673
1.0524601438085384,0.19934511813637487,667
1.3361692176085669,0.07504480192067954,672
0.8157484746217036,0.3177461501996795,686
1.080221085570331,0.17992277402780354,677
1.3125459592284487,0.07954718386678286,671
1.1268186821562665,0.07470451336912584,690
0.8188123970124989,0.14571664359014802,676
1.3608598756046077,0.0929501264675812,675
1.162949861099305,0.18837958415040695,681
1.062858709211125,0.08201204992698288,694
1.2166366748061002,0.28551060210912377,680
1.1422333595215266,0.12496580094670187,685
1.0848661926473613,0.0954110744847367,679
0.9413166954415095,0.1543828127097618,698
1.361154699497371,0.09913877089564492,684
1.3686166158020954,0.15414857295700438,689
1.1554015801126398,0.15425927074662635,683
0.9497803606628055,0.1842828456148849,702
0.95959499078888,0.1289562167453335,688
0.8917370135116807,0.1147893983408538,693
1.0465853629420436,0.04011573497954799,687
0.7987506937374823,0.21408084444459094,706
1.395442508347213,0.014797120456992767,697
1.3638846565444265,0.11686141906525194,692
1.1396908491738218,0.16812820083376884,710
0.9995542452474582,0.16215780818948994,691
1.4076507290463038,0.02401246942006749,701
1.2394050893398736,0.15232143619628596,714
0.9945849492985496,0.20539648397009916,696
1.1605707407195942,0.19700456753274978,695
1.1622792246827316,0.1285472712630082,718
1.0709774713329867,0.05795512593880764,705
1.2596972063245142,0.11780047290502722,700
1.1954200375977813,0.11087308536561091,699
1.3063072746883315,0.19784656978960147,722
1.0050582487989441,0.08326085491902804,709
0.8902295221590206,0.08403696879092341,704
0.8933560722009551,0.15279174597705958,713
1.2967475693689385,0.1607398574054487,726
1.007394285448321,0.0852570966033729,703
1.1989389887501956,0.016869931233055455,708
1.3664544010358637,0.041260912294241524,717
1.1915989236564386,0.1250521133329119,730
1.314109481696657,0.24719054640180116,712
1.0539036935090147,0.15230949703091096,721
1.286434866115144,0.27004390024462727,707
1.0171409271319514,0.07115515811443152,734
1.1706159994664225,0.16790262878329187,725
1.0880607680677823,0.1242002598280525,716
0.9205302126365269,0.06424930464124873,711
1.2733680948453396,0.024470274065698683,729
1.0501927333598764,0.10866848436112078,738
1.3221635228618145,0.12110013764906005,720
0.8040301384282965,0.16212742893614673,715
1.0296209082782912,0.20250330745935205,733
1.3993443585910494,0.03874783411197531,742
0.8205692948446106,0.11222028918991367,724
0.9539234341941569,0.10084324842024317,719
1.0172065367126302,0.21939923720843713,737
1.1107363303661302,0.12575100349201992,746
1.1965668190054184,0.11217437770201277,728
1.2459827685218992,0.07584004195341337,741
0.8123393764143134,0.18289851562102746,723
0.8014617664417594,0.06488460859354075,750
0.8297465565506473,0.2225910241453367,732
0.9826916924103206,0.04409141634063786,745
1.2135593001567573,0.0684330698039155,754
0.9588568535593582,0.19447973826334605,727
1.0697337054886253,0.16088480061888136,736
1.0049698976691146,0.06978841157441322,758
0.930807482303089,0.017158818923975385,749
1.0433616394308929,0.1309401268829223,731
1.2895374081036501,0.08598735053778238,740
0.9959813356395849,0.07032532322043304,753
0.9696912114592544,0.07365586514612914,735
1.4345047975064595,0.09803809107348083,762
1.0485735360780915,0.17691335643215764,744
0.9838278516908509,0.12975127921377572,757
0.7883493626232735,0.07195092554336394,739
1.2952475147477829,0.12806300006998658,748
1.207648690121143,0.14435471429987945,766
1.0182239396554895,0.19998217371515634,761
1.1767492174509482,0.09547983653107733,743
0.8446212435135885,0.14125890584145798,770
1.0058795433309096,0.03778209567610084,752
1.3369828409107902,0.18205767123253588,765
0.8403436603976876,0.16921606256026442,756
0.9226287791548096,0.17232409857359643,769
0.970324019503736,0.17909740119941972,774
1.184752345116583,0.08902477722125207,747
1.1869004681254727,0.09939459576821985,773
1.0780717988745971,0.17738281297695396,760
1.2248920280734867,0.030905237256576158,778
1.065666011266152,0.023137054352088997,751
1.386416100466524,0.096787100567907,777
1.164287587061283,0.06589279900938853,764
0.8160525299797068,0.09856389165308733,782
0.8923268336407415,0.03768227966527763,755
1.2901631700080225,0.16059248385020888,781
1.3529055960541299,0.1109447696158199,768
0.892394122572056,0.15637605832009038,786
1.2889581423157501,0.05035427765627795,759
1.2644415506743376,0.13452435119641581,785
1.2048446957748182,0.3590764353481933,772
1.0830391705539593,0.18510912630280923,790
1.0224054645913951,0.1818844094477138,763
1.224627265191878,0.08869390871685012,776
1.1229347144285085,0.12254971483130445,789
0.8380662422490772,0.22671372989664237,794
1.2307743564470175,0.13581682547319981,767
0.9181789337599595,0.2802338108358528,780
1.0373728153421875,0.11314669214142614,793
1.2224457392897343,0.17519444037386747,798
0.8706171852890353,0.30514942101922427,771
1.3050425214391255,0.25560421454274457,784
1.150782527598899,0.07384567242873401,797
0.8686196914400784,0.11143312977103206,775
1.4070053707303147,0.0341994072498824,788
1.1488570300678875,0.1292839767175944,779
0.9453623819161923,0.1836912221073335,792
0.9245404261183681,0.09602508919892266,783
1.3344927886322702,0.14202042054122843,796
0.9635949354302845,0.17577618390620475,787
1.3828027086759735,0.06970966650364917,791
0.8016168240208073,0.07114069007764094,795
1.0476356381589111,0.12711983219997566,799
