1.134005460305447,0.02747764821415348,3
1.2128668808769407,0.07829476693231749,2
0.9622461260599867,0.07392993929747084,1
0.9977210424558971,0.07941153048270723,0
1.1975906850117684,0.08457099550243892,6
0.9845034499867326,0.08678139496634157,7
0.890347505954939,0.1456053680755837,5
1.080544471060186,0.05686328987693837,4
1.084520354647593,0.15529588754410031,10
0.8478855034128278,0.11662083248547872,11
0.9838977143767218,0.0890016782033668,9
0.8673508339462682,0.04371376061971788,8
1.061352005820065,0.22337536375915332,14
1.1968931409716879,0.14946976270190318,13
1.1214398335235183,0.15652561426871145,15
1.1244528208474454,0.09313448776860417,12
0.9141012851875266,0.0884393627756838,18
1.0832001616115152,0.07406082954468762,17
0.8465318802725645,0.2872484408677427,19
1.192615605715417,0.15147045376647328,22
0.84914782060292,0.08112549650476171,16
1.1528945489171787,0.08553737935247005,23
1.171970892558548,0.15646869092004526,21
0.9191330266062574,0.19616608430573912,26
0.8982057003300696,0.14110253765425654,20
1.2073066869931688,0.22157136571232547,27
1.1664698099293045,0.20226606272440473,25
1.0531490030796344,0.2155999164324995,30
1.1814891075846419,0.1575848811507308,24
0.9178999830544434,0.16732781796798657,31
1.0899001970424542,0.12841426627844718,29
1.2012835769734047,0.23556803680113028,34
1.028983356076441,0.10052333393041156,28
0.9149160146510421,0.15099816821918555,35
1.054316140443703,0.11252857631980061,33
1.0035423305204427,0.07456980458574476,38
1.1532190304796255,0.19752167727836867,32
1.220831952577375,0.06414692399110541,39
1.2153166019889894,0.12106967339515065,37
1.0514485299655534,0.13334326158208387,42
1.2231586228834408,0.18674305379535036,36
0.8566637514471541,0.09613078394838281,41
1.0606101220634765,0.036367705774100055,43
1.0546336417347015,0.21006534045065936,46
0.9504982092990546,0.12061330839687363,40
1.086142058843427,0.11059017376470402,45
1.2188462262593769,0.05125983808021899,47
0.916423312724761,0.1250413445804226,50
0.9315615586933078,0.058759803331541904,44
1.2008563532856402,0.16107383211192483,49
1.1809921784508761,0.26840096952784775,51
1.1461761556104093,0.041121800933113975,54
1.2207225989314305,0.07584981161404919,48
1.0054223947995806,0.13911464516459712,53
1.075669322364723,0.16219760326669883,55
1.030279127509903,0.1859814701772576,58
1.1591263435053425,0.07032901769664285,57
1.173806685488887,0.19648749602506127,52
1.1438156857657273,0.01838146262562127,59
0.8671170513919351,0.08172134780506346,62
0.9354526091422922,0.10643682845761196,61
0.9759615878698538,0.028864417547616813,56
1.105908334615844,0.0858844944402252,63
0.8813170903036136,0.1499637371943918,66
1.0102823110496888,0.1300617260289597,65
0.9650772978455051,0.13901703132609475,60
1.143996255347119,0.05407651405248448,67
1.1144708707822581,0.012205927801550987,70
0.8821474332902137,0.2252858604397209,69
0.9873010492526547,0.03348885392346104,64
1.0420018251502028,0.16629190940891236,71
1.010119175040467,0.17915550709387928,74
1.1185283435198552,0.12293933699468684,73
1.1968210646929434,0.06143666653253006,68
1.1471386518122868,0.05723210738830753,75
1.090650400121811,0.1800017844978505,78
1.0130167191624961,0.04756131567708193,77
1.117182639998174,0.10554760247362341,72
0.8503765467402953,0.09112658182254824,79
1.0977812709565908,0.10428990402748642,81
0.8744224026037397,0.12657613035917525,82
0.9206290145567411,0.11084782774393849,76
1.064163098687918,0.19065869854898387,83
1.090865067589199,0.044071184125095586,86
0.9161270252437133,0.05506769926884141,85
0.8936288834094636,0.07929319829037967,80
0.9756255098634838,0.1579921299408841,90
0.8797655574693771,0.17665542158177827,87
0.9277340254966232,0.09542648823803955,89
1.1012151062463909,0.14695841324256628,84
1.2163073402714009,0.22016329896317854,94
0.9293343850484515,0.09621119065444025,91
1.0787819945324155,0.025981978170050997,93
1.0159301350503833,0.06645496083441603,88
1.0782739470584675,0.09622938298625104,98
1.154669368351505,0.044486778921469156,95
1.1576461678344072,0.18871091540098184,97
1.1041028263909263,0.1036484770783527,92
1.0707479255028876,0.13416720352986522,102
1.160491184157668,0.057859726754073686,101
0.9126560569180788,0.18158897500806773,99
1.1152224737919585,0.06482254138516723,96
1.126617120519502,0.13892490463995677,106
1.2199603635004264,0.11834159575189243,105
0.867466458875389,0.0883842367061792,103
1.1119380957150022,0.07482445499687111,100
1.0251272789379966,0.12805359439358083,110
1.0986047372475305,0.17859979419738262,109
1.0098411123683468,0.1291855555880773,107
1.0593511405187004,0.22698883585531388,104
0.8589833431998511,0.09139608429199603,114
1.1827649819138548,0.17944383428571237,113
0.9415437884239771,0.06863408435877798,111
0.9602204102541289,0.14116181508211853,108
1.0466496608772036,0.12576608806194614,118
0.9926337065477685,0.15904635280120435,117
1.0213763633896265,0.12022038747493223,115
1.0985193248415925,0.2105342185975465,112
1.1232244716325575,0.15253581967879173,122
1.184007792067078,0.024576886799390255,121
1.1058068187740069,0.24218792750303916,119
0.8885387315297621,0.03933153973287067,116
0.9748255273717021,0.07243890016782663,126
1.084473471704253,0.04775006354826523,125
1.1300584417207635,0.14789164424470166,123
1.1910762701343605,0.15018265378076734,120
0.9362944023580793,0.25659405890698833,130
1.2088394038048802,0.2499261456945265,129
1.203298679239244,0.0838620635050194,127
0.9152805645612038,0.15684006830264044,124
1.059283779053256,0.08000672321057054,134
0.922403604705461,0.042515975045419103,133
0.945575598900599,0.14697263740434383,131
1.1327625622967514,0.06290337857443955,128
1.1923476707209755,0.2257615575412964,137
0.948085516206812,0.08177245558857783,135
0.956906100559527,0.07952934458719953,138
0.9519561101508355,0.03210922036243248,132
0.9824472380868106,0.05789182920320828,141
1.1428404190496564,0.16924728059595448,142
1.0276423812708047,0.10340866240280917,145
0.8674798507533024,0.14882333926831612,136
1.0271117206804234,0.07765063429045414,139
1.008020608879086,0.07384460624983358,146
0.9032419545353063,0.025065213899790523,149
1.0622737475709243,0.1584222449657575,140
1.1661905449153913,0.11499561499857472,143
0.9224748072544426,0.07051199331971529,153
0.9782365403364908,0.19375347662551723,150
0.9124486808120105,0.14763407872975895,144
1.0731625690194444,0.10195483455416686,147
0.992701715566173,0.1406820659007701,157
0.9818171734923062,0.10486833629811326,154
1.1767614793837415,0.16631037557123063,148
1.2217599214263846,0.2065297011082935,151
1.0282029284551601,0.04705391520381408,161
1.172700633861312,0.14361302943294205,158
1.1453240977951697,0.0899121685814875,152
1.0303121735843062,0.18515003463311752,155
0.9304590210704012,0.13219434116973924,165
0.8692665083266817,0.1647643102447081,162
0.9573777505315411,0.13556906439544092,156
0.8913845034759077,0.16072242273880755,159
1.1448303542236582,0.037974588581734706,169
1.2138704049946174,0.14107490635768075,166
1.1333821136949607,0.10345666803535794,160
0.8682359242765751,0.01482364088262356,173
0.9464807643114616,0.016902666724624746,163
0.9181400310323516,0.19732558755989163,170
1.0192054088606366,0.3132229997057077,164
1.1348748297141942,0.08591229712915899,177
0.9998247592487929,0.1480322730128006,167
1.188241497016283,0.2039914920296898,174
0.9033153605028706,0.08076763943284633,168
1.1841527166512473,0.26733049404517895,181
0.9974905883087294,0.12719797187352574,171
1.2050126924631415,0.14075505680371506,178
1.1240406729403274,0.1798201746985069,172
1.0462039104501046,0.16468986218449153,185
0.8635541313583756,0.053954332781777886,175
1.1369784201239304,0.19343076421162855,182
1.1765345202955213,0.18787767120060747,176
0.8869834005355002,0.13409841083047197,189
1.2006443326461809,0.15548905169757815,179
0.9308665239935034,0.07493648864953349,186
1.0534105725901641,0.1090550322413576,180
1.0540038634905877,0.14612812578980203,193
1.047639753788785,0.265184476082299,183
1.205201940671217,0.1582393263519748,190
0.9987587648618699,0.12840553336756058,184
0.9470753289218284,0.14704181616233,197
1.16750070803042,0.08774564031250805,187
1.0271063520579267,0.1215335661114604,194
0.9402156134750633,0.1278742156520948,188
1.0852131403306902,0.1832449463642229,201
1.0514731530225039,0.1623273245794305,191
0.9245455306417976,0.19047322399108468,198
0.894867471597338,0.27800747399874526,192
1.1660369262628802,0.05156276297591359,195
1.0562569982076062,0.14221101591666205,205
0.893838320132083,0.1410478955426557,202
0.9568075994054295,0.12705724225314133,196
1.0360183560710479,0.15689882157045776,199
1.183320835329551,0.39703204246937024,209
1.1489983338308252,0.22820891708040036,206
1.2113904667499857,0.06187422535054841,200
1.1241535641624103,0.19925932048448727,203
1.0381114114549028,0.025781358817822897,213
1.0619835026475286,0.11088876932769996,210
1.0899651131913897,0.11022723865459888,204
1.1314755090342297,0.18669175101587585,207
1.0997070035006846,0.17801203104361005,217
1.1187635754594742,0.1903918398182862,214
0.9697974864745341,0.15454518809422513,208
1.2207290949494887,0.1415560671804503,211
1.1040649642292881,0.3852059972046023,221
1.0569194389979943,0.19104608475423204,218
1.0180671537540176,0.0910362000618435,215
0.8915214083879985,0.09668940592336533,225
1.1777941054449679,0.04190203448909506,212
1.0502064110081186,0.06195246981229833,222
0.8894702911796601,0.09643921287940034,219
0.8795615067436793,0.2440275905971122,229
1.1483367757283218,0.10712955975868077,216
0.8453408856276625,0.07454028772254172,226
1.1660920366171887,0.25231188440449553,223
1.064621144766216,0.017530918737747783,233
0.8627570508012891,0.05399612704688124,220
0.9961757671546666,0.1609936422235274,230
0.9343374253914801,0.20964430269245504,227
1.063822661625888,0.07677963866641782,224
0.8875908279717748,0.28808117633082375,237
1.0002466443865246,0.08127181304442954,234
1.1169454359883835,0.0855553169986025,231
0.9463042897595527,0.3275794825583679,228
0.8974839490907246,0.14972611670978134,241
1.1010808666845953,0.10253048344935689,238
1.2156432568262514,0.13902872917909315,232
1.0255038926619353,0.057847943647956535,235
1.1864195599889669,0.2269125777691531,245
1.1487999814665177,0.21098329300292532,242
1.0795372592105021,0.10876708558749407,236
0.9508215112641986,0.2212470636757017,239
1.0324048790904352,0.08178306405304901,249
1.061367509426017,0.08418650049912046,240
1.097998683525696,0.0636405911898619,246
1.0856761705650646,0.08350692381375097,243
0.8551199396242791,0.09249837226870644,253
1.0780791884818046,0.039830552065544984,244
0.9856225478427771,0.16481691857046551,250
0.9186120779082281,0.21115344092876143,248
1.1509938055250495,0.1543830563309224,247
1.0959568609164512,0.08070241162493225,257
1.1705723405340076,0.08090770695509447,254
1.152530074745604,0.16994633259363007,252
1.0693588215311252,0.10408235379271258,251
1.0175756211758966,0.10933286001946846,261
0.8853639533297534,0.19246506434487481,258
0.9621938412039115,0.14475679188122145,256
1.0010130647857036,0.38511150024630536,255
0.8698957938352572,0.1522995731381761,265
1.0012424155633262,0.06967092904377276,262
0.9121972438017023,0.0791731472738501,260
1.1180820748705202,0.09040593106519534,259
0.8870801193499631,0.11069582224316027,266
1.1814451041243523,0.18048211874362863,269
1.1579533175101038,0.1706450854903354,264
0.8763530397231563,0.10937278302524088,263
1.2017114179863542,0.09710824623578745,270
1.1338453696545434,0.2046654011430165,273
0.9011853911392024,0.24143502623074006,268
0.9845907188614595,0.1575217522473298,267
1.2025598449400774,0.18609590144368882,274
0.9411831875964106,0.14713582791631208,277
0.9908492328127674,0.08026393365214546,272
1.0623487245088903,0.1596626346613097,271
1.067061392481061,0.2147909046407731,278
0.9825885018511814,0.13314938459995515,281
1.0950140749960497,0.09831433354408609,276
1.221251911084173,0.23445497932752024,275
0.885431384245971,0.09280859027565425,282
0.8885002431801329,0.1162225360581163,285
0.9869908007138807,0.07630351888181336,280
0.8920092776116462,0.101158810673184,279
1.2177733511649074,0.05536949579982292,286
1.1128295943182618,0.06236752874570178,289
1.1748448669689329,0.023231307881573668,284
0.9232736503641135,0.07607584294776756,290
0.9498958132709988,0.2155633321649317,293
0.9222941958991356,0.2109316747839226,283
0.9646254582536483,0.1736668119006047,288
1.1520868788676473,0.17875178660249536,294
1.2118418842308027,0.03121859356519869,297
0.9085810470192679,0.2055988002370394,287
0.8452230022977331,0.1534243959744975,292
1.0227073451848467,0.20439568440340203,298
0.8814484426191043,0.17934610565506823,301
1.0148790877637972,0.06556223396174893,296
1.1070890168575387,0.08214941042461138,302
1.1390742326559178,0.06804576469405964,291
1.177521743116607,0.07938869748098709,305
1.043241509751875,0.10976354912051314,300
0.9916285449551346,0.07116014380001272,306
1.1413180716250366,0.03376072448325886,295
0.9460098848582139,0.12669306687740792,309
1.1960390384746395,0.06854918339966429,304
1.0938341250116346,0.07224547777975114,310
0.8510829937535169,0.05382689621790189,299
1.1341418009353321,0.21259067189682207,313
1.2218640151099154,0.1260351372088548,308
0.9057719677755267,0.08914839381887842,314
0.9006834999449321,0.18150244744853933,303
0.9501164538063116,0.05627379348195291,312
1.0694403549017997,0.08193279969974009,317
1.032783248679106,0.13854719240311,307
0.8684616428226691,0.11813115697338848,318
1.0003281724346187,0.17940868919336583,316
0.9864732764274606,0.08278742300200702,321
0.9697331005386141,0.08393896612048114,311
0.9210301815259399,0.09256892968844249,320
1.0741421072371273,0.15289292013212907,322
1.1397878690123986,0.034025417940855646,325
1.0365859656317113,0.06384775110809914,315
1.008756770715126,0.18093467422028003,324
0.911343165967217,0.03563616187271297,326
1.062131853731765,0.068182737399755,329
1.116092324105995,0.20815318269069977,319
0.922895929269982,0.07247066969917519,328
0.9606909517924974,0.17395573287261848,330
1.206748531372985,0.2040557735528461,333
0.9223103914322133,0.06413178383165714,332
1.0301931339090318,0.08599607822351618,323
1.1581868202304628,0.0985772119539242,334
0.9412722048854133,0.06630173255816933,337
1.063924449240563,0.2576119412011936,336
1.207723803963808,0.20282950525657528,327
0.996275995489181,0.19455711862675237,338
0.9278205290464672,0.22272197167825208,341
0.9852991264954908,0.10389835156214865,331
1.034995330272422,0.09425095808617133,340
0.9269925582951161,0.05535698012786026,342
1.1803950567268695,0.10883993729396901,345
1.0740268610149586,0.07133041044345166,335
0.9648002670939376,0.06470254552579895,344
1.0648848510884674,0.182418579816627,346
1.154956550254783,0.10883138526726162,349
0.8599094732300736,0.19816245428799392,339
1.1508586412001867,0.13471756955865818,348
0.9366537492388117,0.1054903519593004,353
0.8824040875875618,0.15356837312884414,350
1.1917947775798845,0.19127937792214314,343
1.0038402356237628,0.06512622680770389,352
1.1121363512167193,0.1432274038430505,357
1.1137396228253926,0.09852287199558923,354
1.0006699477690397,0.10541304818079378,356
1.1186931567865142,0.06010032390135196,347
0.8453638820642074,0.113677272514114,361
0.988786428178304,0.08112248221864898,358
1.178733540439668,0.19781554869583495,360
1.1585997488138537,0.11571253500861012,351
1.160740759165955,0.14351791524560734,365
1.0092846504134863,0.21034448104078818,364
0.9824282345037867,0.037022106256165394,362
0.9631698791724324,0.2529853536689958,355
0.9302627455552611,0.1759588620470598,369
1.1784956699490428,0.08897664457401167,368
1.0034033464506786,0.12872197585834633,366
1.0187834176235062,0.12346222481837538,359
1.1911625272353012,0.08946960305566173,373
1.0852301349524673,0.1158500876334228,372
1.1790898130832828,0.1411892942306616,370
0.9779818413340788,0.13987241227028885,363
0.8637594135394654,0.0836073848427139,377
0.8778165217096364,0.17638799825974116,376
0.8504599240148969,0.14225102389658847,367
0.9560827707789012,0.01946454680722517,374
1.1991431141377231,0.1117599406587905,381
1.0502757803376177,0.06658071357885294,380
0.9748562207774676,0.11220560229843968,371
0.8901883087250225,0.14600281551287514,378
0.8969537192476162,0.08846029024654545,385
1.091960944574111,0.12590291470922085,384
0.8826587572331224,0.09470778691792019,375
1.110533955627811,0.058966323738636445,382
1.118281330868233,0.1397122010648598,389
1.0891001562093159,0.0843195957570505,388
0.9340233604929722,0.15216004239065728,379
1.0077952524462521,0.16110619979889654,386
0.980168550742874,0.053680995060403164,393
1.0605335013668327,0.16082449115677316,392
1.1451057434450278,0.015525711487226469,383
1.0961062152134113,0.11856877145657181,390
1.123509967713693,0.08529011587529778,396
0.8917949254635806,0.06272317992951808,397
1.0499632673488242,0.09735512159603049,387
0.9254836838931793,0.04271649951957476,394
0.9128585748344974,0.12825393279455835,400
1.02708606072981,0.18255568297984714,401
0.8518379430693157,0.3182512152331558,391
0.9458397911568965,0.04573940451698078,398
1.0080813378206517,0.05187193572121032,404
0.8879034428326954,0.07820853550517601,405
1.066958287431662,0.13038114845056314,395
0.8844136799690533,0.043471560280791965,402
1.1554011157236628,0.18848993383395696,408
1.0623413410599405,0.10690976718120056,409
1.0249782734123836,0.07942936771075532,406
0.9849683477389708,0.3341782231129624,399
0.8896288416871899,0.18043514330545926,412
1.0648041311860414,0.03065234410370244,413
0.9472996757363482,0.24762246573923605,410
0.9022729481903191,0.060179632596960735,403
0.9733691157521912,0.14098495146195242,416
1.0226325691047133,0.05524247790370965,417
1.0322281705578962,0.16345078602247268,414
0.8472864619601042,0.09482931958927202,407
1.0395360495056365,0.11218181270907233,420
0.9654608751575575,0.2137096552910246,421
0.9011857702180855,0.15110567556652965,418
0.9998426345682255,0.10784834087620046,411
0.9770711543860687,0.2093971558419553,424
1.2247865662371673,0.17927369012742148,425
1.0197849929698581,0.07709198427214865,422
1.1401669452089527,0.1061310139013219,415
0.9096103559823521,0.11665001596474447,428
0.8673936436569315,0.07776331216733333,429
0.9543310099715443,0.20322509635328243,426
0.9849469381350342,0.1970221406995266,419
1.204315599554183,0.053075745189447014,432
0.9537813817393028,0.03277519610028061,433
0.9378028952000927,0.07845108424999944,430
0.9696028695814523,0.0776917668655499,423
0.8733551486024124,0.14461983666847242,436
1.0757593611678058,0.11763106240128743,437
1.0263870092912135,0.056410355903155046,434
0.9670827457903408,0.12764139299447674,427
1.1843899954039196,0.029969188225138096,440
0.9806088451122413,0.20305928870518383,441
1.1106857742915983,0.06202124976262248,438
0.8485335388531788,0.1297296267629354,431
0.9813976005093055,0.10614204392243956,444
1.1242715139057637,0.0506206861039426,445
1.0512521893505975,0.16160905368827505,442
1.1353488891612658,0.07321433091551224,435
1.0689205210491173,0.12174060044836246,448
1.0576048284124873,0.054503457747345774,449
0.8849653460082457,0.033503933647048297,446
0.9803469854435812,0.14642745159254117,439
0.9810677194825655,0.14680767917775014,452
1.1491025530271695,0.17867283901011455,453
1.1351158470720124,0.15332857117443421,450
1.2052969477955635,0.039528261373687854,443
1.111287922634671,0.10356867203456528,456
1.2015533030024903,0.09548423146944804,457
0.9621095363606036,0.1084790362091413,454
1.0511870345078747,0.05040517139365261,447
0.9125637346540305,0.007677871847551487,460
0.9063175136132745,0.19879923923527995,461
0.9816615815860362,0.25230675628257276,458
0.8563515037190431,0.07553142909113274,451
1.2074078595665987,0.11118949681664908,464
0.9622285247693187,0.1789161571824722,465
0.9036274998595745,0.12684501755469066,462
1.1614630068371314,0.16234943205954436,455
1.20454338327433,0.07984365445880266,468
1.1701237204848032,0.2560631777234154,469
1.0473220881898027,0.11562100435036755,466
1.1400192735648407,0.1769818073274881,459
1.1427356195441805,0.22975682405593317,472
1.1006714413341072,0.14372525750428702,473
0.855527047133277,0.17877637335914354,470
0.928683790973002,0.05192997156799463,463
1.091358797580563,0.19842173808373872,476
0.9797126823462821,0.10289359231650053,477
1.1081532538253251,0.03447199940167856,474
1.1265491432681731,0.11545083930272333,467
0.9435454742740799,0.13954843141233997,480
0.8912331614120897,0.04467748784277097,481
0.9795139570555947,0.0819094503626398,478
0.8457024200844274,0.09566421552910388,471
0.8640892651122942,0.23233848249595324,484
0.8863467040623894,0.07350680530028449,482
0.9847867480368937,0.10093333545408592,475
1.171668930721666,0.06722953781731675,485
0.8958140185232009,0.1274047126889858,488
1.0645071162599269,0.15235602269399803,486
0.8922236156073238,0.2597701098632877,479
1.0550713271488985,0.34520380591573313,489
0.9214452192400648,0.20900777577740728,490
1.1042930678600325,0.13806851405954312,492
0.8885465302518931,0.1027108295910355,483
1.0197461587786472,0.0780767424034518,493
1.0932947939626607,0.25070337233651463,494
1.1480264774907862,0.2646895184034976,496
1.055762063603293,0.08772725539268823,487
1.1799147941795747,0.0709410795453949,497
0.8717956311952789,0.1327245497559451,498
1.1279050435491162,0.12547109375467652,500
1.0973439418679496,0.03017869175113265,491
0.9102272322651969,0.16560156466314518,501
1.029566709629099,0.13580520666774945,502
1.1539830202829207,0.08907268655176691,504
1.1059638670965852,0.12324071960297707,495
1.207398525925077,0.13400682633913738,505
1.0088391848723346,0.1424602246700958,506
1.2151948683109575,0.11991375599759134,508
0.972733352784998,0.16332041684793866,509
1.1405280489437981,0.01891458920475243,499
1.0757115951056933,0.0422681622261357,510
1.1820660553653357,0.0917640289932656,512
0.9622382474467253,0.06870050163095141,513
1.2139154392838107,0.10994790257223158,514
1.0978223580743973,0.12737861796481573,503
1.1532564907803908,0.04405228526025769,516
1.0814604060707964,0.10645793486241423,517
0.9154153853409349,0.1856866271222927,518
1.0938594747231718,0.04336710128622617,507
1.0623532225389805,0.09595832145412143,520
0.9979304047329036,0.08240328260863,521
1.0577646937194827,0.03633430150458134,522
1.0302656169144981,0.08827005432565646,511
0.8549803130399167,0.08698617503869638,524
1.0571802995154345,0.07510790944606366,525
1.011214263618955,0.21350632278755707,526
1.0766108960775165,0.043649488468061125,515
1.1181227670910379,0.16751331390081775,528
1.1066549928914093,0.12377889541067084,529
0.9345478169097636,0.07369193197463951,530
1.1762832464614754,0.17084144369280363,519
1.132418781035942,0.08704056749087474,532
1.0635784946376439,0.16487967974970943,533
1.2031879504620782,0.085870871626823,534
0.8890794904285,0.10124126318522311,523
1.167724068439179,0.20516846551715875,536
1.220848737171146,0.17928315351220095,537
1.1114337504087017,0.17759753920463128,538
0.8977393410622905,0.27109601227756325,540
0.8781356384660316,0.15333255774604326,527
0.8658719561816838,0.11217217386256276,541
1.1812127500120158,0.0207660354897895,542
0.9302854498700349,0.08979726456745715,544
1.088847941546017,0.09070811004935296,531
0.9770517218424102,0.07169166084229228,545
0.9248797303316767,0.04429114311082296,546
1.1616371593574235,0.1691133027970549,548
1.016676969902841,0.016205323671736434,535
1.0033717682773817,0.0653144794506102,549
0.9931851041882198,0.17085398869626295,550
0.8796336196547085,0.05805150574809773,552
0.9916257706469432,0.16276178639150096,539
1.0371157218544418,0.02707367810666199,554
1.1059499852903913,0.07958030090611798,553
1.1713315823419632,0.08358499775292777,556
1.068337572766653,0.0824023626021298,543
0.9820921888303535,0.17525122255125491,558
0.9243607107797471,0.1429875816977444,560
1.0051960849523716,0.16396495801673536,557
1.0949714553863805,0.11088137714503302,547
1.089245188768868,0.17254346943465376,562
1.0868512557945835,0.07398764850913123,564
1.1205005371052759,0.11918829059675391,561
0.9359987610533635,0.13624268678644497,551
0.9677057785485812,0.2174166159221243,566
0.9592535013082037,0.114487318656211,568
0.8856139764292981,0.08794746632401956,565
0.8592982942837919,0.09969678916357243,555
0.899596459190811,0.2804804726690693,570
1.2252306843391052,0.06327039310998922,572
1.1963702520539363,0.06890477950878424,569
1.194872549567982,0.19550029041036776,559
1.1897715686712855,0.033800191601200784,574
1.0721712365237357,0.13582473019820315,573
0.9398456656187852,0.21776449320084681,576
0.919832982544946,0.031719379079683724,563
1.0852095941351383,0.07633945305110837,578
0.9387641588278659,0.04673999086967657,577
1.103249440440221,0.11632985994076735,580
1.0880063825660482,0.1811373931697254,567
0.8705972812043831,0.19894894117481793,582
1.0433057767890443,0.07166861407663673,581
0.9228746856175358,0.06626510750509422,584
1.1768218657801326,0.2666604634363245,571
0.9552382346993974,0.27764385732192925,586
1.117635206016774,0.04565791888119504,585
0.9726469692698072,0.05292219817331302,588
1.1532042300936662,0.04538809649061468,575
0.9978540896088157,0.1837722765404749,590
0.8631437257324623,0.10354680040175207,589
1.168834407306936,0.019619690252467865,592
1.1778046887428513,0.05431758312266708,594
0.8849775363419302,0.23381768931686123,579
1.1893897046039745,0.0776692326235758,593
1.147455066830763,0.1605976888297072,596
1.1032530620273555,0.16060925255508715,598
1.2217671145207174,0.1903295460411466,583
1.0229119172141639,0.06881022582897396,597
0.9369217015465124,0.21101061802377075,600
1.1523218938242352,0.22690612392997342,602
0.9722367257304217,0.13677593925161222,601
1.0812170017577458,0.04568370837702404,604
0.9202944327865935,0.28879817950159925,587
1.217960141583834,0.09870145888478736,606
1.0505996428703925,0.04157018232447917,605
1.1196251478692265,0.1711640824781947,608
1.1727008292879137,0.1002584162853615,591
1.1808794000627443,0.23618266258943632,610
1.1809019815286927,0.21519030535267214,609
1.0848162742439438,0.18775053888449628,612
0.9524104657623732,0.08348482354304416,595
1.064395778511116,0.17178179650979025,614
1.0892854552841453,0.05660557260701226,613
1.0245108769194609,0.09890613551315819,616
1.1204999392671608,0.18551740879743792,599
1.0925612624033023,0.026738338652921863,618
0.9666006019109816,0.13154503604830564,617
1.019763041486343,0.06089214367097665,603
0.8827585965237332,0.06094947893955887,620
1.065548020251688,0.09002411390450142,622
0.9580858584896388,0.05860351050519558,607
0.8792103433076529,0.17460437508678642,621
0.9060477547287029,0.05707383919246744,624
0.8827145152232224,0.22965414459132727,626
1.1156049232321226,0.11430003793770858,611
1.0348836094849256,0.08405771841733987,625
0.8990933560676234,0.02763882103509055,628
1.2130706382885899,0.10793950193826916,630
1.0394223871213373,0.09865372192341973,629
0.9383414313789289,0.0812904994639491,615
1.1933683266624975,0.11449097964548301,632
1.2064555568966713,0.08842126631819727,634
0.9355513921491598,0.21513922591087498,633
1.0329261935595913,0.14116904944268066,619
0.900242158710598,0.08137982665834506,636
1.1030635490633602,0.10290270241990494,638
1.1649919913528657,0.2066709820923589,637
1.1429197278308756,0.18117158246413367,623
1.0842830205103149,0.13803884758085896,640
0.8578980852652675,0.0661884830177518,641
0.9906212983303434,0.0758847566930905,642
1.1259541107000852,0.1862139909441484,644
1.0066921940062163,0.07482643763548795,627
1.2154099549986923,0.19175613577659958,645
1.1288218957655385,0.07937637252540465,648
1.1274536249742986,0.04858603583578564,631
1.1534691064733589,0.23584686894061627,646
1.0197546377594384,0.09231421329825268,649
0.8561277204762898,0.051969620783058515,652
1.1566315401928067,0.12832876042276817,635
0.9105103157962876,0.254579691949499,650
1.0627038497048311,0.11060150442389807,656
1.1230832163342859,0.09870879299991644,653
1.0987014995268651,0.13872710433526925,639
0.9440836957746223,0.06785286099552959,654
0.9651727010275459,0.03138762009928924,660
1.2099890361189913,0.06373060514083227,657
1.039487294199945,0.08200161081190649,643
1.0244959062709422,0.11540043205551061,658
0.9096609199118088,0.09548732193466158,664
1.1385291780689293,0.14653169980239347,661
0.9812176025710049,0.10945147295160912,647
0.9119886144875161,0.1443218583799468,668
1.0382104191317079,0.13142851807218334,662
0.9222715287173557,0.10663972243441162,665
0.8556283539469439,0.04508224081796291,651
1.182388550635737,0.07166142973652323,672
1.1576336351195096,0.130084253115727,666
1.2049555560459215,0.10616317739576656,669
1.2063214691837238,0.14309628104522434,655
0.9336552960375808,0.11672625344744647,676
1.0647339826914632,0.11280105027104699,670
1.2243624446599815,0.016964830111406887,673
0.9932589450961679,0.09533471206528449,659
1.1617416076642382,0.07704888413892727,680
0.9029019160641175,0.25389985802703974,674
1.103438663323451,0.1008154072434478,677
1.0206037005479451,0.048008459099314664,684
1.1707191659625864,0.1926958275042502,663
1.1923816822023625,0.0794089672424782,678
1.0570567472274106,0.22006199545892297,681
0.8567812474398954,0.06256746996509087,688
1.1506586531642293,0.13856499045672319,667
0.9157110437139191,0.18356134401752494,682
0.9414425194215339,0.14509347765901728,685
1.0752446351440546,0.06281384278886668,692
0.9281992888700136,0.18185064755146385,671
1.182335118706056,0.14408029303142997,686
1.1449481101732233,0.14757349799999672,689
1.1002611290500643,0.029802596173617642,696
0.9950815381241698,0.04901746082994649,675
1.065943765531346,0.21068250927005583,690
0.8844147753705,0.10711107324955348,693
1.012341638845732,0.05873403147980716,700
1.0478254530771614,0.07534559039591267,679
1.0512042825987122,0.15565398968003571,694
0.9329796022986158,0.00977796792670908,697
1.0780737680804873,0.23360393341154628,704
1.061993084606862,0.11111394784942706,683
0.9200136406568001,0.12237421002462895,698
1.1111914263017835,0.1713451981296355,701
1.2156560740341593,0.05914507412869146,708
0.966241280193234,0.17500737947503484,687
0.9447189195959141,0.15761006154616067,702
0.9583560546176272,0.14091158555571587,705
0.9434609626837369,0.14224770629760378,712
1.154637766348657,0.09772125306402464,691
0.9140141103265743,0.07546539165436303,706
0.985765814038524,0.13854265002123767,709
1.0073131437562493,0.16564864154151537,695
1.1906418328734283,0.09716639752087822,716
1.0614286618652993,0.1079163018278357,713
0.8763699103408104,0.18861041408774915,710
1.2252595533554882,0.16204516419141402,699
1.1161564684530276,0.07706612123335267,720
0.9027329353689416,0.092200851411542,714
0.9655896327509539,0.215253383196218,717
1.0014267725902122,0.11983404718346001,703
0.9841884191191131,0.09040214522186057,724
0.9179312380659567,0.07798537223840682,718
0.9140708272824533,0.1650965600645986,721
0.9716445818496595,0.13364967980900086,728
1.0037044875234356,0.1187230045016871,707
0.9163497754840446,0.05467619861112649,722
1.078494231498383,0.04544602439564207,732
0.8991589186732455,0.07054772156812286,725
0.9255535833369182,0.1143449809179707,711
1.0266425671320643,0.1759460555472902,726
1.2116780260667976,0.06679514292854136,736
1.0312605883182702,0.1797999504666529,729
0.8969531671706781,0.14567236103267306,715
1.0248322717721217,0.07232051678775114,730
1.1785713528719528,0.09495808921189493,740
1.050894692100614,0.26587958910708615,733
0.9779765320141648,0.1305298417657745,719
1.031850349182646,0.09504551806104161,734
1.1503549206828556,0.21199108703984632,744
1.1152203514646004,0.21020014794496925,723
1.0121836632051973,0.19233449172417977,737
1.0361226301687538,0.18448053238674808,748
1.1156087779042012,0.09439735592577769,738
1.027007729433494,0.11036204871427964,727
1.022960714248574,0.1650729244596948,741
1.0756563382261053,0.14521375383155175,752
1.107666110121081,0.11576863489431383,742
1.1935107407634686,0.17523303697830778,731
0.8483415638859596,0.04596004152943802,745
0.9642136223813458,0.1333520922228702,756
0.9758698965988114,0.11553898098276337,746
1.1240522341484278,0.06600343327931488,735
0.9090646394057708,0.16504493314482682,749
0.9782634490925743,0.17155621414021283,760
1.020251454238037,0.08634194582804199,750
0.8920979190664394,0.13544323256400026,739
1.100238786097461,0.1399385817201234,753
1.070652445813149,0.10916788449705737,764
1.0043075191619415,0.022851690592544466,754
1.1483662462978743,0.1364515587029422,743
0.9212086527062299,0.19460662733262898,757
0.887629360487618,0.1483711869328392,768
1.1136184718740032,0.08473646888539024,758
0.9320102319696593,0.03835099232240714,747
0.9871785303948756,0.16326354004848165,761
1.185622304684717,0.08138244190874587,772
1.0770520642262547,0.06944058630251645,762
1.0463825771358946,0.11297025317718673,751
1.003845971394991,0.07158365986143933,765
0.8917872893729437,0.042537827430028305,776
0.8930625104131382,0.05498742509935628,766
1.2079497166998387,0.06380975301927212,755
0.9013807333963638,0.13816647557250927,769
1.0584428311750274,0.09053722712708168,780
0.9065981378980228,0.06783603857035635,770
1.1575097231206657,0.08762199953816507,759
0.9333058615865202,0.04465888093611961,773
0.9648743655400616,0.0362762343735936,784
1.1045876691276764,0.05538623658031201,774
0.9658098559519955,0.1097695038370588,763
0.8941710194152588,0.032019894616292705,788
0.8745120202467799,0.15971974590732607,777
1.1098022409382586,0.057585564070605194,778
1.1620240967016966,0.01860778365918678,767
0.9564150325697217,0.20521188103985552,792
1.0615217843073714,0.06792637957672226,781
1.1996895425836263,0.08376784303277994,782
1.213340701749428,0.10559847308332004,771
1.2057346978358434,0.14419763739265906,796
1.142269033864487,0.21967133714846176,785
1.0506335738115777,0.22065819007698126,786
1.201438183278696,0.08259787298677987,775
1.149280933938358,0.17577619386469162,789
1.2152579066756781,0.07938475094337803,790
1.0781107444568034,0.047971954364896485,779
1.1599815737761818,0.12442698696158078,793
1.0871964902613953,0.0836133532036526,794
1.1004726227320414,0.022680540572795463,797
0.9163585929575955,0.17809267523848782,783
1.0338274843145385,0.09995371795558392,798
1.1616754645196194,0.1482135113652063,787
1.2208867368202632,0.2500324728853384,791
1.130790763903929,0.17354371280295006,795
1.1620376403120003,0.08585288976836858,799
