1.0047585507295436,0.07105413061488795,0
1.214728870474192,0.08392806260359219,2
0.9278951452168138,0.01327880671117887,1
0.8557088556894409,0.11532839212355957,3
0.8341474321442892,0.08300532048924318,4
1.2217412854811478,0.02885112223109645,5
0.9447093875981925,0.21749923935407672,7
1.22506213738863,0.027274260197698425,6
0.9274291537055254,0.1037957636532078,8
1.072508164525932,0.16975752628830906,9
1.0611807059704121,0.20803774672761954,11
0.8802705760840531,0.029940086126551024,10
0.8325977270015074,0.1781854002023517,12
1.0750364818130749,0.02106631042731872,13
0.9087741308914759,0.07616814010744206,15
1.240040430099619,0.09623159423644392,14
1.2638194942198502,0.18265888665388452,16
1.1562892234485287,0.18946648214863093,17
0.9303184056949454,0.1971849787462174,19
0.8598928064667428,0.13914874760089896,18
0.8598558570418339,0.1289611711733777,20
1.2213382875619336,0.1274952150571881,21
1.185465846653424,0.13613959952203,23
1.0356360510374385,0.12920397339675757,22
1.1111617647203273,0.1579982016077193,24
0.9310039578070262,0.057023307155534275,25
1.0658232553208897,0.08550704611999918,27
0.8855889571309392,0.09356485027859515,26
0.9751195639194676,0.1428393462124069,28
1.0675407255049951,0.112259162585163,29
1.0657905951135938,0.0938582348807036,31
1.1559639991017152,0.17599450639122438,30
1.0703575013835367,0.11135124204223162,32
0.8950651561084343,0.13873235191657382,33
1.1531371101721226,0.2895764614013443,35
1.0636765044201597,0.03783240933924945,34
1.2250166563001084,0.26883655350473457,36
1.1100119194927824,0.28183693343600635,37
1.1922418690899392,0.10075109054335923,39
1.0611037880563474,0.16832872275025104,38
1.224134718068524,0.15568063148450023,40
1.2180776108517715,0.0693637768348829,41
1.2598244356747916,0.06873323751176744,43
1.159707135575547,0.08921177711927457,44
0.9165566210474986,0.05688062147133948,42
0.8603869664606244,0.1891942926900114,45
1.2364737622936486,0.15116300385342119,47
1.0428445738365482,0.12111615372024574,48
0.8807168665884756,0.23692866890367964,46
1.176265308285021,0.017103229365999503,49
0.9338041041632785,0.10968296835328722,51
0.9172594521639832,0.14015076854054395,52
0.8452344048392043,0.0479484120544465,50
0.9223735074669142,0.15186465848422961,55
0.8404872664641537,0.08197860890936583,53
1.0684202054677516,0.19200326115848787,56
0.9849194056478419,0.09148288484298794,54
0.9096320491013501,0.06308972232802657,59
1.2743923056520416,0.23230930246706324,57
1.1652123631122415,0.09068084566588669,60
0.9074139587274104,0.03962889094092613,58
1.1458791773913415,0.29663159233593833,63
1.1712684297472808,0.2967436343134066,61
0.8760376760733918,0.12174051554134804,64
1.0347148951736984,0.15838496334179356,62
1.036612282058019,0.20436433803838638,67
1.1101509958431626,0.08893720233414278,65
1.1823208556499534,0.22440319572845363,66
1.2397808252372577,0.047700379187585566,68
1.1341631322905088,0.18281361139904254,71
1.114997487293235,0.20224104170478574,69
0.914732981996235,0.12207113479755222,70
1.0281196029545026,0.20175070053746086,72
1.1045861818497695,0.1326091866018323,75
0.9920665200130544,0.028965215031585057,73
1.2799408701390398,0.06080924976080435,74
0.9614765323200312,0.15911179737286393,76
0.8722863971088362,0.20789299221966348,79
1.0300936339071214,0.19369021446338838,77
1.203148153423152,0.04459167787102499,78
1.0191114397812162,0.0768392024264561,80
1.0392193567167913,0.12704194381477396,83
0.9650547809616964,0.20829513109318218,81
1.245441198432059,0.15480160583137825,82
1.0244529941900506,0.07664755888690836,84
1.1953781769055454,0.13561584752828812,87
1.17113164701662,0.11723063870876982,85
1.0280004120724189,0.125178948771108,86
0.8911660078425845,0.1244098470150262,88
1.2055837210012545,0.1936982965958948,91
0.8894636990792922,0.07411446990136059,89
0.9056644916637564,0.15001441474635355,90
1.0020810068754247,0.278865982242866,92
1.1834225372166662,0.1310380620648862,95
0.9677240927522512,0.08143317304859105,93
1.2028253298637672,0.24333939749699085,94
1.1633936786485362,0.13107105475925301,96
0.9393288474433562,0.2028876219354789,99
0.8619505412412585,0.13247241598449833,97
1.2304369559752164,0.10903834812942757,98
1.2063510152597554,0.06862111008463904,100
0.8395416693132761,0.11422958902858991,103
1.2621208869995404,0.07796849973895638,101
1.025999951620892,0.1928522677460962,102
1.1943385720212893,0.1751088066957269,104
0.9439227529389479,0.10744297929942659,107
1.2591088994805997,0.057795787503292256,105
0.9870217580527418,0.09180479930531281,106
1.0259324322932366,0.09510458114875267,108
0.9114366496772873,0.22236030448248095,111
0.8901993077658357,0.2272338652879504,109
1.0600617256861686,0.12309874725760846,110
0.8416478799041631,0.04836080656309098,112
0.991981817037408,0.13167032357263672,115
1.009831658201165,0.06084551341970062,113
1.0458522389598253,0.10993293617291183,116
1.0828420831115886,0.22663087124021186,114
0.8563245473744757,0.03283365715872524,119
0.9601469873189368,0.052957470494491676,117
0.9760092723144188,0.11770942231753567,120
0.890322506179603,0.12428114881042632,118
0.9549989894327895,0.09803864371091456,123
0.9985620225115911,0.11130934320318218,121
0.9703560386473075,0.07670206447082867,122
1.2274476638095766,0.21861858888956573,124
1.0823827050162467,0.11957601614782142,127
1.1547320792714268,0.1675145721491396,125
1.1984460108621846,0.27166660437914775,126
0.9983883677227399,0.1708526034360174,131
1.1307945970081272,0.015955141596614025,128
0.8643484395209604,0.02301809518480828,129
1.0220279362321099,0.18411995768325962,130
1.1945652723374278,0.124285219760284,135
1.0328127818637507,0.05376919299265798,132
0.9110265433957893,0.0926903767413094,133
1.1659489888034784,0.17995954408932716,139
1.0927041824371546,0.09693749015961833,134
1.1015441854840131,0.13430406629880787,136
0.8972984800058046,0.22238188416213092,137
0.8991325800529638,0.1470076374626532,143
1.1326406067264068,0.03604004970083357,138
1.2518216872006145,0.08771497196190359,140
0.9816528951648915,0.13293645295346387,141
0.865167357786899,0.15897908291028043,147
0.972208663929516,0.2546698780547022,142
1.1190613941448992,0.11099622995319017,144
1.0748609374177662,0.0837354057463459,151
0.8680367520323523,0.09263524324671678,145
1.0720393365142622,0.3018296854876542,146
1.0149967719853608,0.01178125434897421,148
1.1808437799792255,0.10253791025428448,155
1.2603979142349906,0.026420681526292112,149
0.9315412595143864,0.23943434641976516,150
0.9243372292367247,0.029641272641099305,152
0.852382110845805,0.2365327871647344,159
1.2064734193344049,0.20190398789406538,153
1.2465188671371528,0.11427929066897782,154
0.9812400511547156,0.10073054600128235,156
1.265853263884806,0.13221670624463144,163
0.8624167662763326,0.16009228431421865,157
1.0771816991528629,0.06959387331586617,158
1.1279585254524709,0.15687173385548375,160
1.0196888047172177,0.15794138097366006,167
1.158618081425239,0.1025717445623356,161
0.8608974565343779,0.040198650137515154,164
0.9321074855355601,0.05124017871421005,162
1.00198221767812,0.051987683342599726,171
0.9369611886870958,0.07885532538401299,165
0.8557048496700324,0.10498840258932603,168
0.9695115722145852,0.224961115322418,175
1.2743130640585136,0.09129853736615053,166
1.2110667829488488,0.1061675281489374,169
1.2726952135162515,0.09079542254565964,172
0.9165828029051791,0.10353073675995846,179
1.2776291285413972,0.0724693052653465,170
0.9595005188469193,0.21369533294094945,173
0.9468351545898742,0.20075265769333175,176
1.1799366093843533,0.06177746012050094,183
0.8368752221195991,0.09736876496637534,174
0.9107346923474428,0.12727277175251162,177
1.0548698551483835,0.1467573913702541,180
1.0705343385515054,0.010043565426929735,187
0.8804096804001478,0.07446495104165782,178
1.1303037763067731,0.19205792598525662,181
1.1676751993864034,0.1297645149619474,184
1.2586381726882483,0.06800179817963298,191
0.9492754772976828,0.08438292049686837,182
0.9811524882085106,0.11944065469927344,188
0.8391698249296021,0.06608245011348605,195
1.16561137394003,0.02253087655160084,185
0.8909015114482336,0.1779888062607676,186
0.9066287692002677,0.09138958621997761,192
1.2676217219020354,0.09199607894619785,199
1.2348445518150903,0.20325454194737713,189
0.8934521929694017,0.18252955378567484,190
1.2588382062736778,0.1432641318533893,196
1.1410953697930908,0.16000113002071661,203
1.148848302453326,0.1525644753735486,193
1.2409325542158338,0.21182866861821226,194
1.0144214909930551,0.08933216183359008,200
1.2362181041452693,0.012845724105610523,207
0.9824805290470507,0.08974424995855798,197
1.082192683069243,0.014908045133031123,198
0.9820077526061702,0.05478428642259179,211
1.0460496134408215,0.1653857110468189,204
0.9594387915430493,0.07769762608415313,201
1.1944888997000696,0.09720708107034969,202
0.8923023855441696,0.17074130860521297,215
1.251069551572228,0.10362886120443603,208
1.2278205286826462,0.16583371724399137,205
0.8570062594682235,0.17094673747502398,206
0.8397854128292291,0.05494529119011924,219
0.917069469928557,0.06646101526960746,212
1.0472128209884062,0.09247608056380921,209
1.0163532184644803,0.03302467403870486,210
1.2264849376144915,0.17080803979142678,223
0.9844132187691483,0.17173051508808446,216
1.1931814856365204,0.1398819073694124,214
1.2612143954085655,0.15717803684837162,213
1.0563323676961571,0.1362340101004393,227
1.140834325517802,0.24660079972678917,218
0.9115899610715934,0.12154754671771986,220
0.8699596020229279,0.028169666777357084,217
1.0914711122226968,0.18307361446181916,231
1.1099608163204429,0.03117068597137268,222
1.1091134996935699,0.07688172693338177,224
0.8394107976552247,0.20003005260786022,221
0.8475293363808009,0.08726972519700066,235
1.1775265657631562,0.06708668777531605,226
0.8863377221727633,0.07126215973482979,228
0.9930160884701086,0.1271897672052869,225
1.0752569378227324,0.1319673886357107,239
0.9938070041228309,0.024552571364577013,230
0.8434512597876676,0.15502870377786349,232
1.0374583390603198,0.03468872841182088,229
0.9523666634502898,0.09726651733142522,236
1.0369355631385284,0.04806776189376897,243
1.113230507588097,0.15256078667465992,234
0.9458092090637211,0.07784005215715926,233
0.9629636449891176,0.09176981451456906,240
1.0582120166350855,0.2146476103101975,247
0.9591624111048345,0.12418894295999239,237
1.2430564387670289,0.17061641486030954,238
1.238478883846994,0.07177529172345201,244
0.885636694934321,0.28167750039864503,241
1.0052038320901442,0.14298065975506144,251
1.0923048446232564,0.1775310473507037,242
1.0323880525247622,0.2185192265402125,248
1.0901981624947417,0.08145161653781917,245
1.0770043211618376,0.04265697779279342,255
1.0140297849037556,0.04995065244462961,246
1.0761282929760356,0.07028447063216141,252
0.9443921886573603,0.1582805914869475,249
1.2356161389356137,0.17869874624475482,259
1.2117684712452808,0.06344490772442912,250
0.8465524217016881,0.04705158813151508,256
0.8664417503708669,0.17111492441145268,253
1.1887178552294564,0.047585542801146824,263
0.9943860419498352,0.06297231366553102,254
1.1438904401047607,0.24706320230503198,260
0.8857202805843001,0.18836364628996477,257
1.1479395853460683,0.09084611352199842,267
0.9605532244917385,0.2418872440822685,258
1.0684590304342705,0.06565651144989558,261
0.973311518576,0.11375592035548716,264
0.9708268761841387,0.2101647422988125,271
1.0039953185667199,0.057951981524167695,262
1.0471287617055336,0.14729359482795304,265
1.2405305564350548,0.052699023711527404,268
0.9540488542044931,0.1703252624210852,275
1.0293818543764381,0.12629948193930327,266
1.138762941414626,0.05922475020677927,272
0.8481390718535851,0.08249464794767093,269
0.9787028451456712,0.06989333357491151,279
0.8814710770492913,0.04400607157636763,270
1.014918282589379,0.20631792529326776,276
0.8645603843199172,0.0866366255187552,283
1.1541966016549143,0.1174990480925279,273
1.0390066123695,0.12976120076244727,274
1.0092496306138286,0.1923673129169134,280
1.0834759973001007,0.17363578541705538,287
1.1375666163076144,0.12362042296084014,277
0.9165649568314246,0.0729231985864182,278
1.0770583866733945,0.22867037920029426,284
0.9819779935507692,0.15190885850731278,291
0.9706556626291923,0.005369534673104461,281
0.8925350001312864,0.16649340938452103,282
0.9250791538596375,0.11327482624828165,288
1.1733385706305548,0.2941411997200309,295
1.2770606959833104,0.14037973389740044,285
0.889478567297207,0.08346462688306311,286
1.1954192685007934,0.24005909230723854,299
1.0941651630530598,0.10521748142279486,292
0.9832940200777505,0.19356331140238858,289
1.0455744756988146,0.14953374615162748,290
1.1333232386516467,0.17424379003990295,303
1.0386127786583932,0.10484468843805893,296
0.8515784083904491,0.11800305522263639,293
0.9404450785550692,0.08381165047339745,294
1.1433733054520856,0.1184039721297572,307
1.1588007857275882,0.05154192194521745,300
0.8325967925758226,0.170365664751429,297
1.0784624982752091,0.013250880859544973,298
0.9717841895158177,0.20462909257964512,311
0.8710756603959969,0.04122000771330717,304
1.2701307756387354,0.024087129707932572,301
1.2724798515371036,0.04638436235648412,302
0.8278061230126185,0.21856728755923946,315
1.001031472238032,0.20405718913433943,308
0.8424133897619315,0.08321360275199716,305
1.1389775786352718,0.14179976075261208,306
1.1678768810200686,0.25030095102104516,319
1.275165199907536,0.0469039166524345,312
1.2549558890405432,0.029152366234331102,310
0.8652199676085267,0.06860323678782387,309
0.8615113759587965,0.11660722599720029,323
0.9570083369128167,0.10478338281158613,316
1.2191398160963471,0.02015361316580577,314
1.0303780955171669,0.16673531410479922,313
1.2788621411157446,0.02113163411465196,327
1.235306313523594,0.07575713550607571,318
1.0128365871920944,0.027047658668920917,320
1.1965236909913095,0.0899719597063971,317
0.8687094882155518,0.2030025962118351,331
1.1558097636984372,0.2076996984361582,322
1.00816222411424,0.036736449152733636,324
0.9006370017992565,0.12050891216842115,321
1.0716558470374897,0.06804971228836926,326
0.9834516354611336,0.08403873675955291,335
1.0674629053601195,0.062320093617034326,325
1.0109433932086116,0.037911004544868676,328
0.8865139508778103,0.018819038676829714,339
1.0519980792504322,0.14660764026075657,329
1.149855689606852,0.1718052456836527,330
0.8706818954859491,0.0760877712310539,332
1.2334689167179516,0.06087398924343512,343
0.8928550081766102,0.06137906063835457,333
1.0576303083304852,0.11160755979526367,336
1.136090088056919,0.14710689608387006,334
0.9524671628233654,0.05138190047966143,347
0.9279673924151067,0.08964052240383896,340
0.8965494047570113,0.19256992312800286,337
0.8566067700750171,0.11562320547187986,338
1.2078194997619924,0.15414294063759107,351
0.8833294212319966,0.062034019018140485,344
1.1310103175974509,0.23277032403609238,341
1.0790190354560214,0.05794422865575716,342
1.068445949447753,0.022212144062069533,355
0.9524784908982765,0.09105363967138971,348
1.0713306330817178,0.06941349881569414,345
1.1900196591443508,0.11094218409881525,346
0.9243969848018398,0.1676161013650912,359
0.9302765825977288,0.12293637636636952,352
1.124372027469783,0.09336884595673517,349
1.2804739808242076,0.1793156598208644,350
1.1409245149075473,0.09137118450151333,363
0.986472572380976,0.1760806241200592,356
1.1171299648013033,0.10507775718512452,353
1.2593080144339974,0.22428666322427437,354
1.1580324541952964,0.05105440699173983,367
1.114221685500703,0.2201194918800364,360
1.0967835610610772,0.12123064387851082,357
1.0195262890937864,0.30037343144465917,358
1.125340133439629,0.12587595564847498,371
1.0135981494442319,0.1374318554115378,361
0.9796016709241419,0.059528302729394855,364
0.867125146573445,0.11839481145074007,362
1.0746990525680977,0.10146724198145773,375
1.011849266596817,0.08921666796538771,365
1.0605337799905847,0.0586590060220371,368
0.8800648120654019,0.19949085395874125,366
0.9983507503336465,0.057392627213902515,379
1.2722918028803156,0.11956508711842295,372
1.232875008609335,0.13304846553300462,369
1.2156460779383453,0.05248818603223676,370
0.8861073356964858,0.16528392708100756,383
1.186341474321622,0.1880509660275764,376
1.051194233355234,0.10893870803677078,373
0.8849598743174913,0.1513417773814607,387
0.9595186966539662,0.1501258962725964,380
1.0744874991686084,0.15554763837969818,374
1.1001075724639289,0.12098147883599773,377
0.969670063835466,0.09265899197901968,391
0.9574752437127476,0.08818684601747255,384
0.9147983651699824,0.19348772243600743,378
1.1278203924798929,0.12151484137199392,381
1.0303069687018667,0.08998322869091484,395
0.8829068791717463,0.15124224724326818,388
1.0499539554000985,0.21217315481606702,382
0.8461328903308898,0.14548500708482967,385
1.2428886380361583,0.23181190666948326,399
1.189013786183069,0.1722136754007183,392
0.9375664012189722,0.1364707555953749,386
1.132135632809975,0.2721112847540989,389
0.9003167989327759,0.07483089851424458,403
1.2759209522551018,0.06466816495654934,396
0.8677707011986706,0.1527827718572434,390
1.1782210889114195,0.08452687959488861,393
0.9929769751917591,0.10213839878403388,407
1.1243567561024785,0.06461367573503664,400
0.9088247331013682,0.013886546554081053,394
1.2372502469613003,0.14623767779110827,397
1.0312975498399677,0.09909744284920846,411
1.2735982754801596,0.044372964223339584,404
1.2030516584785682,0.16232219218719665,398
1.252819238589542,0.21939852941166316,401
1.0146267742035198,0.11360953662356184,415
1.182759072477689,0.22473639200045833,408
1.0285823321422898,0.11734514222850752,402
1.1421987670320766,0.09057693400002648,405
1.1167317027212853,0.2768640090805572,419
1.0281468318313345,0.15429509900006744,412
0.9078453390375542,0.17158126221014902,406
0.9446899984505128,0.12373027640092743,409
1.234849775071278,0.17942224224332043,423
0.8949447374958067,0.06640976100709714,416
0.8975862957799327,0.1705866643671606,410
1.0500569099914125,0.17968602880178705,413
0.9728865421581981,0.31687448002988805,427
0.9221139663436154,0.062298931168252906,420
0.9744764669001392,0.18335670941825336,414
1.0548234800664755,0.03372910668836215,417
1.259598467891767,0.1957208683106798,431
1.0812407701150577,0.13883794048970902,424
1.1598649104553078,0.20457967090103657,418
1.0633264957620232,0.15196273652710945,421
1.0030899336469912,0.06787822074497883,435
1.0076392287610876,0.14024116804766426,428
0.9753222639205779,0.10480264344174464,422
1.2202731332999706,0.14911380596524357,439
1.1172181835528527,0.15700442676497434,425
0.9920992777130152,0.10610489365959219,432
1.0080611982782237,0.0087781562351022,443
1.2656500292989907,0.11979957426189838,426
0.9389404885035835,0.1979036485000668,429
1.0599634374830442,0.06320312809361578,436
0.8449959056023105,0.15238505139873373,447
1.05049402445993,0.133621565917917,430
0.9947003592360908,0.23521150142733627,433
1.246459556373391,0.11297967624543173,440
1.0867274817210548,0.13835853075091764,451
1.2656344422294512,0.20317656137464826,437
0.8446082889322764,0.05853209097297734,434
0.8320226076631975,0.12284232013905066,455
1.149471692772745,0.14782351976173963,444
1.2547101819546214,0.1278504856541409,441
0.941373690416943,0.1018140310237688,438
0.8300438770734523,0.11952119159448323,459
0.9801579389424177,0.06859939995617853,448
1.2657261977660363,0.07303004041499397,442
0.9875167889607736,0.041929879406979606,445
1.1870630171780248,0.08916239179764927,463
1.2244034119295972,0.12422236470909243,452
1.0635840855375174,0.024445405945714975,446
1.2147283473334964,0.13140319179983648,449
1.266692985870371,0.19624771543878608,467
1.204504221579776,0.02613720685482886,456
1.0075138365833798,0.05599977137800599,450
1.2354206081855241,0.19897319876599984,453
0.850932109489914,0.10502836058684731,471
0.8437805119077317,0.10523826067214366,454
0.9516011302186226,0.1085472208502396,460
1.100119765923453,0.08132707888438254,457
1.0765142516968829,0.10914541664771578,475
0.9442909983501722,0.13161764387197164,458
1.1507748154881452,0.1280418228668368,464
1.0588865051659555,0.11205302444304857,461
1.105857765232153,0.2729587017288462,479
1.1428058106106298,0.03915871027359194,462
0.8584866662309917,0.060380150221094823,468
1.1966691577629573,0.3214720321904977,465
1.013925686010527,0.09041462785242053,483
1.0783547417681616,0.159682338350686,466
1.1006921853528315,0.164495531562497,472
0.8837003272291092,0.23044997566766756,469
1.2079966050771096,0.1600454340827092,487
1.17467616319418,0.045145783952521085,470
0.9484123423726842,0.14677116185190733,476
1.1344733695127642,0.236431219421935,473
1.0715608606126126,0.05872136215893936,491
1.161389294412779,0.08838794182147601,474
0.9388409192413631,0.1745940722854269,477
0.9189891134405235,0.16336553129816433,480
0.8753137816037155,0.036139034627359554,495
1.1269538640330952,0.09664598847157013,478
0.886074997949723,0.05382156386073175,484
1.2488822896652718,0.10631591278183994,481
1.0430504875823783,0.1751012853076361,499
1.268245297448014,0.14640324492639933,482
0.8881724442834497,0.1563102863410769,488
0.8677347775868115,0.11678366589902561,485
1.210692791086589,0.07684085988203121,503
0.9458622686959242,0.07030886495265258,486
1.0363162050428072,0.20097758328481727,492
1.0742782223475418,0.14553995772951125,489
1.2117513235950232,0.09095574621528102,507
1.142671498460095,0.21110477942419245,490
1.1211890771815352,0.11942131558107774,496
1.1429828391924666,0.10282567655444311,493
1.255967561880942,0.14646489699133006,511
0.9378292570556541,0.11784643654181481,494
0.9168726555253677,0.16116159185885462,500
1.2760825595476022,0.20933416723735446,515
0.8719433821134556,0.20502653709805801,497
0.8295121805188599,0.08380537125088616,498
1.0562176788763837,0.1348881401522948,504
1.0632290154924664,0.052055104205710245,519
1.1719533731811653,0.11713236469755295,501
0.9970322510755364,0.08004656010118744,502
1.1728887337405336,0.11244117983108248,508
0.8756997628828291,0.30288075610072185,523
0.9332815123564194,0.023745698317755342,505
1.0133197859754957,0.045416549789609184,506
1.0262314887660073,0.14401735744982755,512
1.1386053904539422,0.047298902539627395,527
1.232210928375026,0.18464208318412897,509
1.2387849817740757,0.10787564319187237,516
0.9816107763916292,0.15534664449810875,510
0.9700709466544343,0.09921982857102296,531
0.914558324142891,0.017413128783917726,520
0.8802607936247374,0.07890855320618875,513
1.2335855415443013,0.03942598810985962,514
1.0500137289576883,0.2366676324930287,535
1.070692675290053,0.22102613374166005,524
0.8399117404773931,0.07914892502126789,517
0.9138395250028943,0.06468467134830802,518
0.946894249886373,0.09555175289884604,539
0.8565617503906259,0.12395720025605549,528
1.1361489768232966,0.13887994227992148,521
1.2399295129301333,0.11706592028190577,522
0.8510800815729638,0.1741705617325724,543
0.8511445766399689,0.11394788637433602,532
1.109572291710674,0.10895371695947263,525
0.9175482503717075,0.18007671405824682,526
1.0400670269764245,0.14699824185244373,547
0.8398825277095305,0.0556254965771594,536
1.0159938372777222,0.09942784097431884,529
0.9687060401935659,0.20874888614556691,530
1.080886689716735,0.1126594089448369,551
1.2440737329576288,0.1842046361582066,540
0.8933759830433313,0.13841672124847632,533
1.0576520238170402,0.005612385541508402,534
1.1945972173565498,0.1615881493001854,555
0.9175028611277003,0.048903577404864576,544
1.0917822101298142,0.07296034645752468,537
0.9240388474391199,0.1216901294375643,538
1.2775020811385507,0.17951650151673662,559
0.849307235003877,0.16022203194955387,548
1.275629653312603,0.1705793667399628,541
1.2237696154722746,0.1209326000456271,542
1.16723677530663,0.10167523569693848,563
1.1374424044587435,0.12622244043197095,552
1.1525537830855148,0.03068318864212918,545
1.0040641266617663,0.065193748124885,546
1.2166578254294909,0.09131150043858634,567
0.937496367305443,0.21075204351570093,556
0.8573736994714088,0.11562290896225287,549
1.217941093922199,0.1579058940360862,550
1.0276173689251555,0.039292364010632255,571
1.04537403034995,0.06442076181348876,560
1.1070835087520763,0.18327057645433137,553
1.0672301706596534,0.15928525340963404,554
1.1474815769003466,0.2889133797776266,575
1.0653814472935796,0.20336625941397812,564
1.242757740289801,0.05112523068255841,557
1.1413467877482364,0.07303403496638466,558
1.2156395336325077,0.09048170926879567,579
0.9032356556241651,0.09143220031012429,568
1.2380619948161167,0.05373966949522521,561
1.0566819442988524,0.06678291773876903,562
1.1036221804654638,0.32680287698774674,583
0.9689260145608637,0.1013372624909227,572
0.835804182508848,0.07266710460728995,565
1.2032606080723425,0.09902476800218903,566
1.1327376035453236,0.0665093434281137,587
1.2604266972554843,0.1536656050945865,576
1.1341007917335375,0.12688127881364383,569
0.9842862877734948,0.0924688760769257,570
1.1654174079438246,0.09771422525050306,591
1.024296334499593,0.2552949683710501,580
0.9101236996478146,0.08940072469843435,573
0.8425061987633643,0.1390038148409712,574
1.104117038352711,0.1405281559719599,595
0.888938898331885,0.025189518607927577,584
1.0870997144743182,0.14412889753881186,577
0.9742037976512781,0.14184347833125477,578
0.936674765419822,0.0426900813501874,599
0.9754301205864111,0.1311574146618791,588
1.2348738454587012,0.0036780508578540963,581
0.8304725155557223,0.13215932232586072,582
1.0723229548610227,0.10079557507087843,603
1.2173416214453103,0.1617970940560301,585
1.1242440504335283,0.07276637683529653,592
1.0694324241160116,0.12184869954178175,586
0.9048345178007957,0.13606635261187625,607
0.8424923935707509,0.14622380278846314,589
0.8960669801737121,0.214947432985849,596
1.2498154682128764,0.2002386141594617,590
1.2400866584771986,0.13147542268307089,611
1.0058420798042977,0.1471021770323962,593
0.8790808176608111,0.2676115082653429,600
0.9123635389933782,0.12721584199849928,594
1.125082235332123,0.13340542290349258,615
0.9597155256976009,0.1709392085389591,597
0.8566703325564949,0.1649166415262854,604
1.0500442882553607,0.08503622531774138,598
1.0288215605523678,0.13842554571202875,619
1.2596618139390066,0.10311651593577886,601
1.074584265145052,0.13932662023907277,608
1.035423840179368,0.13308205318526542,602
0.947493991846049,0.1330271184763438,623
1.0834443390532198,0.08300958969817766,605
1.176599171437049,0.23076633412882278,612
1.1519953445156066,0.311847072813148,606
1.0475285270007582,0.11804133756865712,627
1.0339654686283755,0.030332205621187852,609
0.8768560718497771,0.08638495880138251,616
1.1877574948166152,0.10642012997478732,610
1.13603299888975,0.11056795982585998,631
1.0529058109883582,0.13597715968312296,613
0.8555851142238853,0.0971138994916119,620
0.8896604754330326,0.019129222049500433,614
0.8699377346341259,0.16370779109296443,635
0.9474841745091329,0.07043263462053849,617
1.1161065057571258,0.16098784230767693,624
1.1455149381666851,0.1303013718529422,618
0.9181462253003312,0.0745749867064489,639
0.902825774942547,0.22748246423183544,621
0.9898674948679944,0.20345783090182312,628
0.995135763776008,0.10687583403100764,622
1.0435402592614933,0.2320705668477807,643
1.1144886552636022,0.17867316557249155,625
0.8780711383769004,0.07239060987527667,632
1.0239888066903975,0.28177388459462277,626
1.140576949215839,0.16338053878318115,647
0.9926235445222015,0.3272710480383824,629
1.0539594612436378,0.07486192713515773,636
1.2661442769420743,0.06715127239454748,651
1.0843198240340726,0.12329747430972152,630
1.1639824702605905,0.1282988440699195,633
1.2302322852798464,0.271873420339693,640
0.939282845934433,0.13885399724130296,655
0.8276521445030491,0.052494197327056014,634
0.9249475144772333,0.15700381619190748,637
1.2311337983837503,0.07590684506199735,644
1.022970010583128,0.17328585706560273,659
1.0377530209192425,0.16288416327021085,638
0.9200899446388494,0.2590330793837653,641
1.1451756216536673,0.1392952124317755,648
1.141862824617327,0.33853630219554276,663
0.8749386600971865,0.08996242366429255,642
0.8737732335979836,0.1490877295318272,645
1.024515006120512,0.10218013550330177,652
0.9957871363686193,0.03031814747362356,667
0.8585507216958932,0.09409246570464858,646
1.0108771874129785,0.17144948050071718,649
0.940642696536881,0.10583578924929982,671
1.1513217276906325,0.09448201758669106,656
0.9425943109633298,0.01851371806655701,650
0.8894008111300384,0.12604443546430402,653
0.9525715744981315,0.14975753405206838,675
1.2246860077066355,0.1352725471199383,660
0.9483347479083895,0.11259504442774593,654
0.8396409327219225,0.22629517276523134,657
1.2227638502454348,0.19472033820026816,679
0.8575194326191836,0.12736883941813076,664
1.20607328613276,0.13513710670796472,658
1.0788030260847197,0.12203324887933352,661
1.1513046684451493,0.07373120342887401,683
0.8630199417790476,0.11978622819315304,668
1.2684072398218607,0.08040282351251675,662
0.8456644005951567,0.1730599362235099,665
1.0125586902268242,0.1582661694486707,687
1.1007219800297254,0.07791497326855229,672
0.8750759900880354,0.12520356582795386,666
0.8753775303323997,0.22094012350735137,669
1.069317857356957,0.06727452398613502,691
1.018490963567984,0.08112002717917945,676
0.909030116569739,0.2243525498422029,670
1.2453728520589198,0.11647035913706716,695
1.1638425902510943,0.046375979282474944,673
1.2161945991519163,0.07639002027905464,680
1.2202397966431655,0.079817162582064,674
1.1586612347363519,0.1661632964507202,677
1.2316031998508352,0.09656425505105684,699
1.0317752630935204,0.0668550224818669,684
1.1134717506845568,0.10977037462688011,678
0.9344567459453204,0.0720404781171915,681
1.246590516246681,0.17306051437859246,703
1.1398232678254425,0.1818767398455514,682
0.8471625522278596,0.19472295440432724,685
1.0761173880131236,0.11976037200143062,688
1.260311616277667,0.20356225063479516,707
1.1013649587388774,0.16841097890432838,686
1.049704704907914,0.15357667829205207,689
0.9389920993835077,0.21850895260501152,692
0.9829595556502144,0.10102837979888012,711
1.0611681325445244,0.2691172183349114,693
0.840503602450856,0.19926814567189413,690
1.1540757821050938,0.15946982124130987,696
1.0414799298359965,0.1269084364551171,697
1.1739497190583257,0.08068800516415765,715
1.1788523844841368,0.19945192868678321,694
0.9894402246499434,0.06433838244249065,700
1.0845129942955738,0.03441570961329387,701
1.1403260782703901,0.20854712293138725,719
1.2428529918809705,0.3230720726296099,704
1.1799563144676857,0.13980037559351258,698
0.830036304878517,0.10758174179665131,723
1.1270516417066452,0.0674064627340648,705
0.8802505779462175,0.14657531144001817,708
1.2782297040115278,0.13170444105485413,727
1.2376260070588512,0.09345883259932582,702
1.0040261639354542,0.12402739830212944,709
1.2167449856513615,0.11330501349023048,712
1.2671181277659245,0.1496793442403773,731
1.1976616136139269,0.11217888399167038,706
1.1091826779206388,0.1091379483754975,713
1.149312197508244,0.061713865605810325,716
1.021439689036519,0.23905173799808682,735
1.2107525118221387,0.04829294798816729,710
1.0963018444813342,0.14629111306672724,717
1.235858252495336,0.2190142959303354,720
1.187510555331156,0.08847606842124534,739
1.1555653717357828,0.12320313563414152,714
0.8972045955786154,0.08648476267202226,724
1.1189637947948727,0.03811226130536055,721
0.9484594520303429,0.16023728586394753,718
1.2250867225090414,0.24523040760570827,743
0.83767086720458,0.14342413896174297,728
1.2049469952510863,0.10443992430244949,725
0.8781037543366234,0.06721572664077614,722
1.1485865452335464,0.06393378541945886,747
0.8788419825392664,0.11394093142722549,732
0.8649453427788085,0.14721651828478294,729
0.8725505902724273,0.16286307602998548,726
1.011578501935393,0.07226352984989347,736
0.9412115583963386,0.15167120947855398,751
1.2305169552792454,0.13677616922918287,733
1.204816236336446,0.1976279669680999,730
0.9939367906131339,0.07882877123252152,740
1.1984905456972168,0.1420507293092683,755
0.8692338525869397,0.12395766433675548,737
0.899933121818524,0.09817781661694443,734
0.9566318982662465,0.1135855797938452,744
1.0475418337347768,0.22400232228908967,759
1.2637138998547475,0.11391702827416264,741
0.8311638902723926,0.13175063603073253,738
1.0392347965970226,0.14334974361633845,748
1.00648975513267,0.0346161340446102,763
1.1065080500619444,0.1348586691357281,745
1.0347362344074804,0.207774116726611,742
1.1833171743317152,0.0990961512471335,752
1.1016781351935738,0.10347091592125582,746
1.273814194115892,0.1023055132097194,767
1.0264091204437669,0.11805839857378496,756
1.197624335671961,0.06108929221166453,749
0.9256406782416863,0.12846392020197425,750
1.1154304327248832,0.10655562902371402,771
1.19555876777672,0.10505572105934409,760
1.0200853203504925,0.12688700094176883,754
0.9189621973803528,0.0639952541083283,753
1.1502309193608726,0.15778471104316177,775
1.0035426673877494,0.0680896647952743,764
0.8950762460990009,0.32230765860596466,758
1.0090813707994541,0.0951827342019353,757
1.1807884943081153,0.08049972550714206,779
1.0260488216640087,0.1074550271496416,768
1.2501138220346748,0.07036495837354888,762
0.9078954072657447,0.06641819413448434,761
1.009383825609852,0.09447464007894191,783
0.9364255276054143,0.19751134252717706,772
1.1605952123054435,0.07158783691439681,766
1.199442475434888,0.10049358965060723,787
0.9054526438238497,0.2224616904042963,765
0.8755453357328641,0.11025772014978784,776
0.9157439443354448,0.08136113786821962,770
1.136943864432215,0.04453542498100832,791
1.0717538175219907,0.22620676078975027,769
0.9235133893128925,0.10392624358301093,780
1.1410297335619837,0.1289005469760189,774
1.2291983735818268,0.2373287012793206,795
0.9513095824415096,0.04230746337069299,773
1.166241581796619,0.15155693309142904,784
0.861153932842692,0.1350479170180741,799
1.0647110368194916,0.04844018212233181,777
1.1975948191588812,0.05727613025289019,778
0.9275247014262273,0.0834519729406108,788
1.1926982607703365,0.04184183939933364,781
0.9337992764695497,0.042196611584050095,792
0.994587255165646,0.17794620884679185,785
1.1993756785617737,0.06909349442612832,782
0.95369490152448,0.10422931431775372,796
0.9340856180147864,0.0337892450102962,789
0.9567704377341203,0.08448048583214536,786
1.2335287241869308,0.14567209013912094,793
1.2499374971047614,0.1007450504137054,790
1.1423828481940894,0.09366629465821373,797
1.093452168171378,0.07590570644715974,794
1.016853558131463,0.16852862197137358,798
