1.1540864194062763,0.09258404568820595,1
0.9068102934531987,0.1460611435726656,3
1.0795562479307153,0.18667792411411646,2
0.9734400234074384,0.05836398283202925,0
0.9461596182578325,0.0689868703675348,7
1.1072939782355253,0.11138792256214103,4
1.0798109960697135,0.23389917220237014,6
1.0959167684257358,0.08983641093512514,5
0.994938452147939,0.2710486874905474,11
1.0202400869549575,0.007745000389699464,8
1.0092770787099454,0.22639297903015698,10
1.1270069361137383,0.1430282635501754,9
0.9831872986417237,0.08850219611037273,15
1.046150719486748,0.027895864643312337,12
1.085640310307618,0.06017594750726486,14
1.1540782660089128,0.20129951525931147,13
1.065349528001677,0.1979975822705442,19
0.9258718869887258,0.011207319806842775,16
1.1721803861659374,0.15178752788901623,17
1.125508520591509,0.24340927981590324,23
1.073484365184723,0.12120742035998555,18
1.0839804929578438,0.12542337895330966,20
0.9679516426606675,0.14667471315593839,27
0.8766112289486424,0.1487476728375333,22
1.0763444509874922,0.2292375735709017,21
0.9795138564225305,0.05490796827937201,24
1.0454445642002583,0.20644699655388254,26
1.048754029223491,0.10050939286987493,31
1.0363781207752139,0.09930151352657429,25
1.1607888945185754,0.0691117284241563,28
0.9602469766502175,0.15250162975220305,30
1.0937862974868038,0.18422743285292487,35
1.0969827480551124,0.1429437155828683,29
0.8800273955585681,0.08684204221230436,32
1.0005720179692967,0.013081803285994115,39
1.1142545074586008,0.13279072829064975,34
1.0064287711752762,0.1893950463271119,33
0.9405667425514812,0.06427371121096569,36
0.9799190853008504,0.16308024698249118,43
1.119433226335998,0.09580523644045946,38
0.9956919635322887,0.07584689852553622,40
0.9742271472958668,0.028928493927695045,37
0.9372219589640867,0.08941641086264183,47
0.8840149277771776,0.06219564615810135,42
1.156936262946533,0.07993884881339398,44
1.1351886206694894,0.2880876730260812,41
0.9840292820017997,0.07021665535512243,51
1.0805673401721203,0.0509894329001456,46
1.0221780064443324,0.11567946486191505,48
0.9594429400781694,0.13765290454540446,45
0.867248707024337,0.0689741337754178,55
1.026838130927051,0.12024721520078144,50
1.131746923516063,0.03838617346643166,52
0.9363773128238853,0.2158365509628383,54
0.8974307572209441,0.14222936659027238,56
1.1149462523698146,0.18662346996665646,59
1.038790663610803,0.18559306428897113,49
0.9115184768824229,0.20676954744759543,58
1.0346893715588756,0.13185160627877532,60
1.1151709679630843,0.1947774143330932,63
1.1103913200250628,0.0717467955471403,62
0.9509575972316221,0.06810339199033963,53
1.1474498017066523,0.11526694049309508,64
0.9805662160730374,0.057213154404480604,66
0.9544884255117574,0.2136050900645585,67
1.0802004124982065,0.11732137019711515,57
0.9598283327741206,0.07276554670529761,68
1.0287021648137082,0.15556374609230536,70
1.0375909023193814,0.11918788836244142,71
1.1751233133103076,0.10710810806982166,72
0.9614397390704856,0.014826217406510307,61
1.0652661139768902,0.27458078686485127,75
1.1422791296195456,0.10925713316957392,74
1.1766460844832454,0.1423126069573561,76
0.9629737915766242,0.08443938538051787,79
1.0591856375033415,0.06203488201968113,65
0.9695524925903289,0.14246905426997147,78
1.1571952351287669,0.09483472858396129,80
0.931319230712787,0.1838956849684279,83
0.9471550854243521,0.14313938751135533,82
1.138180373585096,0.15571605264935062,69
1.051924347986451,0.06267508578514332,84
1.0042565095355607,0.0829742352552337,86
0.8640799464269799,0.11402508259062086,87
1.1140572822743833,0.011158492458574714,73
1.1162872167965128,0.14844656277885143,88
0.9269934975212575,0.18225093225291356,90
0.9489365511648975,0.02826374858305869,91
1.066418312655745,0.17263625065288818,77
0.8898230173874161,0.04561783208020989,92
0.9225990669001677,0.16057108388858918,94
0.934026184718182,0.24455492954493732,95
1.1065486129021074,0.13358326603830847,81
0.9338390148076047,0.06457312952078165,96
0.9761447780310094,0.04430116432014101,98
1.107963876725438,0.19385740564873682,99
0.9878344801611931,0.10233699899593617,85
1.0786520237588793,0.12832614587240437,100
1.052085669922947,0.1319126218896153,102
0.8632668862747714,0.047701081189099666,103
1.027363062184633,0.028880878744126922,89
1.0050666794660101,0.063729098477358,104
0.9026984889640844,0.13052298161821171,107
1.1023711040523807,0.14686574630199295,93
1.122454234322407,0.043169056356682035,106
0.9640029386203532,0.28673219847986803,108
1.1306322591025004,0.03833361716183061,97
0.9046263906709762,0.13243981734338509,111
1.036047196147023,0.07544477518150149,110
1.0447125905058467,0.10365790673708633,112
0.8607617834105128,0.07729336244520002,101
1.0409836092721911,0.20662408915219063,115
1.154942096655922,0.028624539129536882,116
1.1524868890698314,0.11990790675192808,114
1.1323296784141985,0.05458724789867281,105
1.0937075937481864,0.04158086359574437,119
1.0147870161119192,0.08130920441651351,109
1.0032291518883063,0.07431154574881095,118
0.9385397150970602,0.059380656171388525,120
0.9674007759001586,0.1358685452273658,123
1.0968139254279268,0.15004272461850565,113
1.1444874190347054,0.09450803784833105,122
1.0710687051180243,0.10255948187952185,117
0.9016222268537516,0.2677261969305738,127
1.1289149864183567,0.12916518332079496,124
1.0592576974522583,0.08485525812521894,126
1.1221042434871684,0.1415448036520725,121
1.0186516083697397,0.04335360691846195,131
0.9793434733820722,0.11050400636811614,128
0.9624142142628198,0.21522778596580588,125
1.0805583950452209,0.07642791053634251,130
0.9285006346488728,0.21382966303827478,135
0.9536564688008938,0.09836965607036428,132
0.92352148811917,0.09904184520527999,129
0.9313138043134366,0.18792358588175181,134
0.9621505584414123,0.03061185298398249,139
1.1773696683479977,0.07861229265458121,136
1.1410818672800702,0.17357924142029013,133
1.1729898792141056,0.14412092536894547,140
1.0575690628119374,0.11716252126163362,138
0.8678613608848966,0.21765131010206723,143
0.9230139341532305,0.08635593178141007,137
1.0981208280446229,0.0663487202915951,144
1.0822880118409244,0.09647705710207712,147
0.9975234055770866,0.013516495264239262,141
0.9817035005994333,0.197407249808317,142
1.1490549594948396,0.09746588616495698,148
1.1703929909704256,0.17828559808234468,151
1.0183937966936711,0.2020580245402951,145
0.9566088999226606,0.11111265095456391,146
1.0863324793421087,0.10726073075625456,155
1.1423966163196217,0.1324609207363718,150
0.9655892992775409,0.11709792112914866,152
0.9047016255072259,0.23591228865802907,149
0.8944901269122036,0.02261831564033212,159
1.1534131135307524,0.011365481097713978,154
1.0809063001642474,0.18351858835980298,156
0.9588544471552306,0.11787321610223998,153
0.8890540655651991,0.09864024060057242,163
0.9472150129240253,0.16875274855848554,160
1.1714718242682458,0.021868050097808074,158
0.9884638101783985,0.11252862345678022,157
1.17972430520726,0.035507788874268795,167
1.093080699012143,0.12998596885237165,164
0.9655963765893378,0.18068381771978972,161
0.9023335422495445,0.12862465356758318,171
1.0590221567270683,0.10225680761940348,162
0.9041558118372653,0.19401041603017422,165
0.8972459461071043,0.06235119551353181,175
1.1221528212121947,0.04763900649600411,166
1.01767215205089,0.08742519467077942,168
1.1112188190438688,0.043967438851618995,169
0.9283303235701759,0.09979990763537436,179
0.9867721349243936,0.18672946082009198,172
1.0397453064775874,0.31432613741365545,170
0.886614526879901,0.12668371443404425,173
0.9385315622289434,0.19075489639314025,183
1.0633289033943716,0.21225224244048846,176
0.8723475665514513,0.05334943613664794,174
0.8884010717110736,0.12908011258911586,187
0.9073678239035919,0.026011700090224833,177
1.1216767315680847,0.08003665564895895,178
1.1192392667895357,0.26466411621346947,180
0.9466114726815652,0.10466760448725042,191
1.1403333387604548,0.21313627336999974,181
0.9745160667828433,0.2391639718619202,184
1.1215938660270406,0.18520109462640996,182
0.9241287430905558,0.18112556292084517,195
0.9154796047182218,0.04793438795205249,185
1.1713043655182664,0.03650902083955239,188
0.925058204847658,0.04048623003138932,186
0.886795437186547,0.1482567310182604,199
1.122900330069934,0.1511830784321853,189
0.9895638337436296,0.03867261881452781,192
1.0571997644485283,0.13324938000934503,190
1.1710251151269668,0.13005813581285738,203
1.0954597574912042,0.05627027848894855,193
1.116203625292065,0.07220375095251164,196
0.9438942199205477,0.05916875946634732,194
1.0004996526931973,0.06454352804851972,197
0.9689287577442149,0.10556584019044751,207
1.1794455532516581,0.23094990722110964,200
0.8897087944071488,0.21887116306700805,198
1.077669631089462,0.1503310998837064,201
1.0902043650772786,0.04889299695810016,211
0.8607666232652229,0.17308855602092443,204
1.074655718642378,0.17088811007819338,202
1.1545407324231474,0.15488106228429044,205
0.8762178382642832,0.1248140106846233,208
1.0093792623811448,0.06885890822369747,215
1.0424227475302354,0.12273382930558914,206
1.0637043278875964,0.17702145299832986,209
1.1296527884841818,0.18602018979256776,212
1.0024067986233898,0.06259706094681243,219
1.0340601078782339,0.2917956380283813,210
1.1496473849242523,0.03744883476639167,213
0.9039553530428047,0.13463568892910344,216
0.923222475028163,0.14350319886995097,223
0.9575282871554032,0.24742234098129484,214
1.1064773161879482,0.01958566475382742,220
1.0852822124740416,0.03781920821765042,217
1.0136442246511004,0.056361858953412794,227
0.9249784848053726,0.11271984079210727,218
1.0198421974487024,0.13911685185933045,224
0.9064730015500735,0.1762701146905883,221
0.9028157828099123,0.1772802358966725,231
1.0540522471687797,0.1252164422387863,222
0.9871797087933712,0.12568698569707412,228
1.1497497834948576,0.09590733318680092,225
1.172597857263934,0.07813685828831266,235
1.1233404918791552,0.07429035053250706,226
0.917812772587155,0.1135817355955162,232
1.0104230416719846,0.07168598379296921,229
1.1085830706995121,0.10989925442463794,239
1.0150412082547233,0.06395722658696786,230
0.9085801617814148,0.09145190412486881,236
1.0049078006996353,0.08355519444325649,233
0.8716847377176821,0.09747312603272697,243
1.133235327779603,0.029133074213745502,234
1.0704215028587933,0.08591653041171952,240
1.0979480332106966,0.1803737408739235,237
1.1679345273254282,0.012368674671839018,247
0.9679591818381211,0.16824540373336372,238
1.0857417899590647,0.043377033137813714,241
0.9634755136314133,0.20995166327913412,244
1.1353709409439157,0.12902499319297245,251
1.1775055980935436,0.14785149774487139,242
0.974018335079764,0.07375955844654696,245
0.9604459628177933,0.13222984405207636,248
0.98870975801826,0.09547777666038779,255
1.016112520900646,0.13868357816509858,246
0.8787667877846105,0.16243614593762395,249
1.1638707946403728,0.1410683082255558,259
1.1154096854781193,0.10355652881779409,252
1.1774016619008756,0.09372670908704307,250
0.9608349499909438,0.14788435965364946,263
0.9711000259076044,0.02254179234548341,253
1.126930760795093,0.15557360409190887,256
0.904152290185176,0.13971194468293657,254
1.1588386597230027,0.16606568117578552,267
0.893772330110513,0.12204782245909947,257
0.8893555723175224,0.2456338550455347,260
0.9426568645994998,0.10432298521034573,258
1.0795621941506537,0.11116971014677957,271
1.0266085838503363,0.06323776074421791,261
1.07425262555935,0.06511917873311952,264
0.9186013599201729,0.1793759081486012,262
0.9982643258694363,0.06886117952727154,275
1.1123293110768078,0.1554091226232005,268
1.0647977973314402,0.12819459376156914,265
0.9259669632243667,0.19337977139822524,266
1.075699775571936,0.22127016524937002,279
0.872077171497718,0.06742980978548437,272
1.087135269306303,0.22827106942036576,269
0.9309762556807163,0.07850567365486515,270
0.889138775365657,0.17947726038958542,276
1.0632660888606495,0.03365187440086711,283
1.1491924740900248,0.11991716782031184,273
1.0412068648106583,0.2025779349624806,274
0.9070077541068182,0.30965438315305965,280
0.961852920034229,0.23579383370562887,278
0.972605464294869,0.007207264347633454,287
1.1076320307397935,0.2214536302541708,277
0.8769168985403376,0.1791045518283318,284
0.9187591976607683,0.028256599994630774,282
1.1269847010642713,0.09675922397031624,291
0.9333628756623081,0.19235282162157508,281
1.1636518084171552,0.08461711430143115,288
0.9747148403463428,0.06144011040971144,286
0.9021517428122363,0.0684304466586437,285
0.9685916151060479,0.11206164182521841,295
0.9816725919798556,0.11513578672024334,292
0.9475518569080899,0.15951881567508208,290
1.0769927576965304,0.2534331526264039,289
1.0232637359840204,0.06730193225120666,296
1.1710963929741964,0.032275355755177,299
1.1464351319682116,0.012736118587216542,294
1.1461387996264545,0.059538162333763966,293
1.0302008108174283,0.08241414318757134,300
1.1217116729959549,0.2808024363997372,303
0.9305898127653197,0.023554326817024338,298
1.0542248029259502,0.06156811031160985,297
1.078990941360327,0.11706574204100129,304
0.9056136110554666,0.11359791475926298,301
1.0283802170228649,0.10866308023695558,302
1.120152464329385,0.05429177216825137,307
1.0782005615639214,0.21985237351052747,308
1.0190392179712169,0.054031063002855075,305
1.1465680105814986,0.06481588922761747,306
0.9157874813597829,0.0956129419997888,312
0.9149727510091308,0.08179909890920424,311
0.9672278397956289,0.08196906511687227,310
0.9617919554090835,0.112159860342352,309
1.080153438385345,0.07924972092321762,316
1.0816972875547772,0.19399334726307074,315
0.8764404944557223,0.1231375238219379,320
1.0274799751423984,0.11113171864254581,314
0.9991242121405735,0.03789842944740831,313
1.1036384304074114,0.06934458296077756,324
0.936384619173415,0.18908738436487177,319
1.1605904671054277,0.13185734538968055,318
1.0139490601834744,0.195522654099542,328
0.9806280792314679,0.16641440334517377,317
1.1721415570951086,0.1595434868002282,323
1.0120091856575106,0.13226715498124864,322
0.8742791880745578,0.10783415124534086,332
0.9372110902626202,0.16443519485079755,327
0.9668039331853165,0.16416094219206193,321
0.9345629021971318,0.12511888684851621,326
0.9179558233265308,0.05104732543913181,336
0.9552707595551734,0.13517243862334916,331
1.1612604983536048,0.19489675295986508,330
1.0834055126042543,0.08126036600271254,340
0.8801796846573738,0.2472839110183459,325
1.0937735520497367,0.32657472779370056,335
0.9961592013008207,0.22345227465344936,334
1.0241831735837903,0.03340928114166076,344
1.1603966478643672,0.07340059305938733,339
1.0062592791701994,0.058860611637197746,329
1.0532763912358518,0.11073103936569342,338
1.0471483998625517,0.2443473042442118,348
0.87916853467251,0.12613880614438042,343
0.9535978972651336,0.15667045917826397,333
0.8763366310882581,0.09762487006642329,342
0.9792579076929756,0.06276064894889309,352
1.0280540845230932,0.06775356588454749,347
0.866975983141237,0.06903170491709029,346
0.8648630315828971,0.028460190032034163,337
0.9054803955274823,0.1327101092522877,356
1.0370780482014355,0.09290125779860714,351
0.9958706792629924,0.03401149756630976,350
1.1548930696806097,0.09599557592629265,360
0.8848393179829376,0.3247402610262062,341
0.9811695197459783,0.14547179261285997,355
1.0064281506841024,0.1485609320956579,364
0.9654608308618837,0.10329993818113106,354
0.9312888514894105,0.1998775332777248,345
0.8806509757139941,0.2733435453015522,359
1.1334401237272709,0.10474325465683464,368
1.1521820683807613,0.05018558359924709,358
0.9702958413964267,0.14139516164209995,349
1.0451183070350627,0.09298329788243352,363
1.1346557731327422,0.06260799728340587,372
0.898602419343351,0.08903111285158077,362
1.1365035461878226,0.18312769106409182,353
0.9308010934332813,0.16720060310815055,367
1.1801575172674028,0.1453693657131418,376
0.9382728181119036,0.0703177310736138,366
1.0740082528969486,0.09680850348333168,357
1.1090779820721839,0.30310764595428424,380
1.0568085055545378,0.1304245288007205,370
1.1595681457904947,0.14089252948234252,371
0.950072902941884,0.16830306477303636,384
0.9220910197912388,0.1122128740755472,361
0.8774942000634864,0.08024656332249208,374
0.9744966689827211,0.25405259897488125,375
1.0194512862547866,0.15432884889454254,388
0.9629232311758901,0.24175980723276302,378
1.098849954330619,0.13048860272450186,365
0.997074552377557,0.05542908013850063,379
1.1196179255083303,0.16318065320236275,392
1.1189649403226174,0.05405193294266171,382
1.1084496206615138,0.20423293349495789,383
0.9939157930039715,0.1466261916897297,369
1.1436619969920292,0.18110286298745312,386
1.0271773121471695,0.10663790647300003,396
1.1412176181691136,0.06382645119465526,387
0.9746079323895833,0.12746864476124536,390
1.0172857261110746,0.11458133152906853,373
1.0156028151606722,0.16720849093661738,400
1.0846746891348584,0.010761733584034119,394
1.0473031731461393,0.05992717210130943,391
0.8658207182637905,0.24589581694118146,404
0.8650716246554546,0.22952844982884157,377
0.871074897340602,0.200434266805072,398
1.1578641731866073,0.10409154209748034,408
0.953345790438084,0.12889326540126184,395
0.8769531259659705,0.03830792794217293,381
0.9796162174102667,0.054522557493045465,402
1.0909891887831489,0.152297985702975,412
1.1007420853289511,0.17777184362451412,399
0.9994277186815035,0.16342950940927228,406
1.1431398220855502,0.10509751071596446,416
1.1018808873172479,0.1348922803615107,385
0.9047845578545253,0.07188139224848258,403
1.023434433236961,0.055391930482708664,420
1.1391688555642232,0.149702658172668,410
0.8961517130023918,0.1373313144895201,407
0.9447010611565574,0.05970370055766551,389
1.1013320872055525,0.1352317193549348,424
1.120879423636802,0.10629952067059706,414
1.1326730870814865,0.03400526398947485,393
0.9304957988304894,0.06141558078460532,411
1.0705340782590516,0.25305086034670654,428
0.9649562261065594,0.17023569360667123,397
1.1699452878843664,0.22393512031200247,415
1.0837815866999871,0.03338917057431672,418
0.972531311908492,0.06744691279190583,401
1.0294687043599053,0.15105728184984035,432
0.8773924226271398,0.2124686615174937,419
1.160729603706702,0.1844554945198293,422
0.9293852870167508,0.11464260728589944,405
1.0967778743915064,0.1125037815818531,436
0.9284563574941427,0.14342599808989637,426
0.9178412911441736,0.11690285110899812,423
1.1137833471699732,0.2070395293662969,409
1.1343524941218934,0.02227461378229566,430
0.9338028014733561,0.10913426299747686,440
1.0296073887864887,0.2347933517119672,427
1.1287675107048587,0.09812110557755549,413
1.1288599577085636,0.15044584719988058,444
0.940336975351866,0.18354531543892263,434
0.8826193112836185,0.14142493839696588,417
0.9284503519338343,0.17031126368652189,431
1.1082435812762133,0.14541348370081328,448
0.9337549883462822,0.05607023358255053,438
1.0738223290590494,0.10476355869401129,421
0.9835080999309426,0.06551747163035986,452
1.180103896197269,0.04379615219136855,435
1.1508007569739773,0.18494148395557655,442
1.0323316522110482,0.14947197086241965,425
0.9892393698157123,0.09426300120757991,439
1.1115346807373978,0.1751947013768569,456
1.1707553441294072,0.04083989772947908,446
1.1350445084048433,0.1384269158725577,429
1.1099218975007257,0.16996045964631018,443
0.8993193048123049,0.05690521278143598,460
0.9085944900251298,0.21881849284972332,450
1.1668551967398906,0.11456119615817828,447
0.9991877400253111,0.04170072251669918,433
0.9514896249402067,0.02906145680607924,464
1.155714474879123,0.18066749190340334,454
1.050538584879557,0.1845064748114281,451
0.9480912502887858,0.11242559799619918,437
0.9476642613505816,0.09514350397329915,468
0.9925413986124455,0.15758240283466105,441
1.137936680810736,0.13290903309378635,455
0.8891016246519825,0.11101945138451524,458
1.0078018033697855,0.13346791754598225,472
1.1413610015748656,0.10641667366763859,445
0.8871635839333474,0.05113619369086191,459
1.1507565034772804,0.12346866345087829,462
0.8835665444776545,0.18035489355380266,476
0.9201701573229788,0.1551864626267906,463
0.9638223632929438,0.16317665602530132,449
0.9494558758360615,0.03950873490936249,466
0.9860340581170631,0.03734499830588793,480
0.8929970360191533,0.22308420271942975,467
0.9117573386618955,0.21845309555773015,453
1.1448021507322808,0.09058896683633301,470
1.0971476566279126,0.12926483388057528,471
1.1758029122556044,0.06550037939109545,457
1.1149964431038062,0.15751252245812944,484
0.9072904636336383,0.09879418836808196,474
0.9231733117612348,0.204252574973494,475
0.9937642459866327,0.044710419154234377,461
1.0631129146137908,0.08185606161493064,488
0.9916694308094443,0.08153089655235864,478
1.098251525576158,0.17012656001434961,479
0.9255254914775619,0.00941300605288136,465
0.9522329999425613,0.03537063243390852,492
0.9767042387634977,0.03912286269949283,482
0.8909409085004647,0.23677904543912298,483
0.9878771483575095,0.24864404527213366,469
0.9814835556573893,0.09955020224491827,486
1.0879478839631298,0.09486298004479014,496
1.1286930963137785,0.08929127005117954,487
1.1308817522276957,0.22779306225578222,473
1.0847854827346295,0.1870908730275509,500
0.9584624705277367,0.03160385914573912,490
0.9730095637667745,0.0190718269462374,491
0.9099296849654845,0.1478637569307768,504
1.1767349409525294,0.09638101738550844,477
1.1314512167065272,0.25405750874135774,494
0.943383051702494,0.19082915204840525,495
0.8880779098130915,0.06706242894658873,508
0.9372075694080751,0.22933028055537896,481
1.1402626426056433,0.05707824488775794,498
1.0568628369871533,0.038817320811471843,499
1.1009489052278116,0.10019771390895663,512
0.8618190735714635,0.15148756053204585,485
0.8842831352664461,0.1616019694694944,502
0.9593866036635047,0.18461175168598248,516
0.8974086918311649,0.2549003062959395,503
0.903915490364866,0.28300957602826243,489
1.0756217211979797,0.19510581990388964,506
0.9659155281966059,0.18890408902410302,520
1.12888385285566,0.15304009465258522,507
0.9805529666811554,0.12324160426337508,493
0.9955981122154782,0.15708915001330687,510
1.077506974850602,0.06358914558259146,524
1.1163808246016793,0.15607986906004956,511
0.8840596681574792,0.1551951969916644,497
0.9632308731774402,0.08875364732334266,514
0.8875174991376198,0.06814969641393348,518
1.0741610955828265,0.0331083307167416,528
0.8614837953423098,0.11523061726978948,501
0.9598769526902737,0.25414746179421704,515
1.070757864132543,0.20731636375912288,522
1.0415344468772647,0.04796071327029539,505
0.9784970843254603,0.057365491438948195,532
1.0183256489074393,0.06972817640178625,509
1.0361056583044261,0.15622486596927893,526
1.065546167362941,0.12184775784194041,519
1.069666606694024,0.14237398966738754,536
0.9402063951445624,0.06581205523364532,513
0.9198953993164632,0.15720255846490006,523
0.8633804215747389,0.2764626936222679,530
0.9153257762054983,0.006130555610610732,540
0.9014992606203931,0.09361626608815499,517
1.0566372925209704,0.15489338523592242,527
1.17293559421942,0.26674908133205727,544
1.0792767601318385,0.050980325285903454,534
0.9201487410126675,0.0937185804394128,521
0.9511885519594407,0.21883953529029068,531
1.0312504969691496,0.12925137432301978,548
1.048042868941112,0.1362995347495614,538
0.9834663316525084,0.06160202284191727,525
1.0568194481688804,0.22442253440379376,535
1.0394579006222013,0.05878415495067532,542
1.0748104865531922,0.08816505522423951,552
1.0182321965411685,0.17553790357274954,529
0.9044442207975715,0.2666225901333754,539
1.175892990772868,0.08125898564958312,546
1.13790089816633,0.17990462577989813,556
0.9957362946268603,0.1503460358626926,533
0.9542979176943054,0.15773044229738972,550
1.1473082987156997,0.08561145472076774,560
1.0993237216795437,0.21324822544849664,543
0.895260728713502,0.021762111247675693,537
0.9964403614497553,0.22215057844473166,554
1.0060037831445285,0.18604016655454575,564
1.1761171700851831,0.053712867825405346,547
0.878663748917681,0.184528765544982,541
0.9037168851601812,0.2098515292044342,558
0.9103497639036359,0.07207344425724214,568
1.0192403735063444,0.10905920061773669,551
1.0143717096075222,0.21536257284585228,545
1.0399504504722124,0.15616271083092748,562
1.1362057374539227,0.3318958939626784,572
1.0947995219789144,0.15296581858896485,555
1.0916050754569975,0.0816928702694005,566
0.9846195451405122,0.135908170718847,549
0.9568528010159618,0.23056341651872594,576
1.142895182398385,0.04443303289671999,559
1.0223886492953183,0.19649363185287694,570
0.970061233088602,0.08726887236819403,553
1.1440992098324276,0.052475915117745464,580
1.1570581570921732,0.09629361863735861,563
1.1069018493923382,0.03622218693670758,574
1.0638746415799163,0.06018947915047234,557
0.9890205296443801,0.12266317714963032,584
1.0880689769683816,0.1371022942925614,567
0.9488754415099397,0.04099826131230064,578
1.0984105884077644,0.11891212898229238,588
0.9193749829473808,0.23724264642774873,561
1.0987028347204648,0.018960777815045373,571
1.0670730293833164,0.10786733191587175,582
0.9056978857465644,0.1229161971634164,592
1.0646337908204178,0.09636090389368926,565
1.100204900224298,0.19989044728844294,586
0.8819872107906207,0.14977576899768194,575
0.9410811673582429,0.16161289046376134,569
1.167186536513705,0.05050257994567542,596
0.9633264117903008,0.05493407297742339,590
1.125333663570757,0.15566912986676784,579
0.9156284703084155,0.06296178035290284,573
0.9061523200235889,0.20628382791849764,594
0.9244739109013829,0.23504155077733008,600
0.945372561109925,0.04606306453498114,583
0.8755301747690312,0.09654852713100481,577
0.9376826400666557,0.24960745724722014,598
0.9966083787314508,0.05884562527997427,604
0.9539713124913303,0.11720218655450432,587
1.045168659667774,0.04463325723236951,581
0.9789138425848745,0.2583396231470688,608
1.0658501662122706,0.17774522892396763,602
1.0807166077010244,0.29851100117957086,591
1.0261825660228734,0.1672417741425637,585
1.1458419454401445,0.14326480656000537,612
1.1172838728219283,0.08257276261485191,589
0.9113863446487345,0.08466742205783877,595
0.9842972782163222,0.21908699535457965,606
1.07627077678274,0.018926608454624683,616
1.014391642355011,0.0470230700542101,593
0.9758922419338705,0.04387418273484589,610
1.17852490574633,0.13481091861290215,597
1.0437673993440302,0.3093589669604131,620
0.8872183275574353,0.06423286413213464,599
0.9957698274007352,0.02915348038560724,601
1.115442434916912,0.15001914005041195,614
1.1355075015504117,0.14206753105729153,624
1.1649778877465944,0.16520676358205982,603
1.1590215146061735,0.0970324969995464,605
1.1558942096210967,0.0147478630648176,618
1.1270347968571182,0.005814086872466123,607
1.017949490424809,0.08115844551090659,628
1.0418358488046622,0.16291609412282312,609
1.103802849650214,0.1621052827235653,622
0.9516580533980746,0.22991863703867785,611
1.03728428773044,0.08948337809913323,632
1.0699536085873338,0.11060196604766087,613
0.930984234012902,0.10755874341154306,626
0.9495669276010452,0.17650811907445366,636
0.9698028707326712,0.020281208262895742,615
1.1135703355437587,0.11803832208061976,617
0.9624817080595851,0.1860442479525611,640
0.8678526275448524,0.12091372973658664,630
1.088957414390383,0.08521334646308486,619
0.9235490002149754,0.1684571636008097,644
1.0956916077156342,0.15440337301876458,634
1.1310692601872863,0.11250553816826157,621
0.974746285471713,0.0844209198680622,623
1.1654998120757696,0.004383984434447225,648
0.8703638370125584,0.18275518965155366,638
0.966583307941128,0.04503791032746554,625
0.896996380116612,0.040722445020045885,627
0.997698672165975,0.10575606246627632,652
1.1224645292177415,0.005008947196436532,642
0.938093157522486,0.08703194903126543,631
1.048721777139319,0.13893863567989387,629
1.177772130513302,0.2040044498345367,656
1.0328359844697501,0.14567911610080567,646
1.0596883896111087,0.141206259178326,635
0.9458933355775265,0.1460486284295477,633
1.0357286165963502,0.18172334693117873,660
1.0878701115338854,0.15660202635177026,650
0.8797526856864933,0.16852932441077553,639
0.9945779659099495,0.12307125236884763,654
1.08805880788176,0.1269916730952087,637
1.0686921676849788,0.09025131456847454,664
0.9521069270388227,0.09381082280561094,658
1.133937587132854,0.0730501492229718,643
1.140014456410709,0.017406457168061128,641
0.9074945355280775,0.12503662111775662,668
1.0755320613722041,0.10581872038851148,662
1.043493266676601,0.09680666077877656,647
0.962509259467897,0.09240660933266243,645
1.111250402675893,0.07835743941814516,672
1.132650670223915,0.12285839788844054,666
1.1423794890257002,0.16055803436075894,651
0.9084359845983665,0.14172395360103565,649
0.8624407547182815,0.04793296494247467,676
1.1232026867154061,0.08819022154627316,655
1.0777079976837538,0.18991353830977362,670
1.0684218802567966,0.13367699450434223,653
0.9618156596280538,0.14199981127713976,680
0.9649567959943676,0.17235442032217346,659
0.9349829050723083,0.09363092571450672,674
1.0329733054114667,0.19314959461543132,657
1.1612259206180446,0.012373340511964575,684
1.0454386388091053,0.14655928331329796,663
1.0226405585241607,0.1844164894591821,678
1.1742541169440148,0.16251108539758333,661
1.108461784008425,0.17295985814477688,688
1.0005433133946797,0.11693068392709267,667
0.9660798441197183,0.05026139210851889,682
1.0057649947954328,0.11392617878334432,692
1.0932094350406356,0.15111352603701347,671
0.9710522377912342,0.08370756493911047,665
1.0744818175796906,0.17979276654553894,686
0.9449505217760971,0.1037521066075645,696
1.0658443371254114,0.1002486969945241,675
1.1013085575333896,0.013649070775893148,669
1.14373118221415,0.08581917862415157,690
0.8663850047242051,0.0952468652950935,700
1.0975985453959791,0.12606540916796277,679
1.1551475643565596,0.1494367771352156,673
0.9998594479441782,0.24897629223485163,694
0.896173696035903,0.1840412443290258,704
1.0585337103549133,0.09565663589720626,683
1.1436349504062178,0.10612113320480183,677
0.9557888507064661,0.08789436154225344,698
1.0446356377941584,0.10145141849207538,708
1.0031514356250248,0.25627868601589693,687
0.9655059174004933,0.17277693152322726,681
1.0406976316383323,0.07020662137231057,702
1.0054137761620536,0.11219299451727156,691
0.9822515359700458,0.06829087228055714,712
1.0436894233230678,0.11864972105343324,685
1.0245908169337985,0.27353410472132333,706
1.1297124956084286,0.04131771639759345,695
1.046332660140546,0.1037188881538935,716
1.0706859317038246,0.2749724351605405,689
0.9059196232947538,0.16093391484051292,710
1.0963422313092526,0.07830275725449948,699
0.990994370616713,0.20972117179497693,693
0.9422211025316182,0.11577641582859124,720
1.136891764151302,0.09614389458224726,714
0.8615830902351935,0.2697990714280067,703
1.0761907065045597,0.10422136874357452,697
0.9120345778309484,0.12032538953873012,724
1.169849828153411,0.22133452469838344,718
0.9455067832247287,0.13771628945859524,701
0.9275137206630804,0.16972646984290313,707
1.0462674402580494,0.018711773986502596,728
1.1033082068149378,0.10758580079259626,722
0.8639814558067535,0.05104991018226321,705
1.1097827953546102,0.24432331294173118,711
0.8942034659814293,0.10213745294901524,726
1.0032398803664282,0.02963537217206809,732
0.9238875535948491,0.09867884093247067,709
1.129891942960353,0.16833972058886382,715
0.9687802316399716,0.14751773642789942,730
1.0675323398283674,0.10202013012789993,736
1.1452956147894273,0.13840283039516796,713
1.0620846531356039,0.1889835264419899,719
1.0235876385460487,0.19118071795819103,734
1.1243898585495389,0.15030899622246882,740
1.0206397224814288,0.035184292465069406,717
0.8680943565993351,0.01985570752498489,723
0.9214303553713314,0.17182141729890513,738
1.0330413526375521,0.10953449497430981,721
1.0843703758009744,0.14371305003602206,744
1.0120405821601284,0.057132063420994764,742
1.0735263525717789,0.1938993750931615,727
1.0836131739895756,0.09206217414227766,725
0.935656809840583,0.013257495663064623,748
0.8754740302311489,0.04945756491379008,746
0.9773088924777141,0.16687327529770382,731
0.9077464385488138,0.18186552878631362,729
0.95833351882133,0.13646034110027924,752
0.8613077857388379,0.14101580252460943,750
1.1785056696967067,0.124835323133708,735
0.9653989724388108,0.14811398591566768,733
0.9130047074099166,0.04774057817852121,756
0.8747664263568786,0.15198487597147325,754
1.0846992140228306,0.04041233743414407,739
1.1373547234891004,0.153842929783895,737
1.1121267283191056,0.06913876454356757,758
1.1214395801001673,0.2699039905536859,760
1.0031346240171741,0.013855776385724099,741
0.9323852403834239,0.07688814106920099,743
1.1031908985502747,0.05944491732184858,762
0.9861868364736633,0.09218549490611215,764
1.1462355189515874,0.13771978147902325,745
0.9493116041204713,0.12991964731552882,747
1.004544493419201,0.12410591636209366,766
1.1421109350255956,0.13432771864081558,768
0.9403614707384659,0.11913706222134697,749
1.155569253140523,0.13401110018756798,770
0.8878152952484845,0.3408859753417349,751
1.1322939847618376,0.13610746186466965,772
1.0563451326486883,0.14450551864737077,753
0.9699450709718845,0.1488175089924785,774
0.897089311841256,0.14252208945241807,755
0.994907362063473,0.18395158806020587,776
1.0120176290512912,0.0829584674495904,757
1.1159350280436937,0.2081926451319289,778
0.9447069107397249,0.08552904845744608,759
0.9954110390490366,0.045024342152835045,780
0.924750852968959,0.08812206362224526,761
1.0168515152309054,0.06976451066798438,782
1.113198718259008,0.19765544141203528,784
1.1027950839545144,0.18171497962220662,763
0.9029639376533206,0.09081705572184572,786
0.863439024233016,0.11670623476976504,765
0.9324781589376945,0.16581157998731677,788
1.0009251478143995,0.09771545295089404,767
0.9854325209455994,0.15110921317981435,790
0.9350786007313583,0.1378891723098081,769
0.9408391033572935,0.08492373722065397,771
1.0336295064164676,0.12921151986013632,792
0.9479287566678474,0.14467125921035856,794
0.9877947087398667,0.04783459482729413,773
1.1728677523962303,0.0033579894090655666,798
0.8788361462999289,0.10230291852024181,775
1.1646342372467964,0.06795673373372699,796
1.1435715848480388,0.12246380257885613,777
1.0808008463058583,0.09922216655693913,779
1.0397577947759045,0.1759876330720115,781
0.8877072418335676,0.11671468801349334,783
0.8998773010542482,0.08624364573271305,787
1.0122409910285053,0.17020333625851042,785
1.0281104349188197,0.0631909487824895,791
0.8929470859930217,0.11511754390514102,789
1.115780379972887,0.09436086943429607,795
0.9052196002050112,0.2761185530126824,793
0.9679695061248048,0.1043937991256485,797
0.941006360826317,0.06599979916044642,799
