1.2422360071624061,0.16544577565720944,13
1.2386967964743063,0.06987716287817228,9
0.7954045769099103,0.07127331229828394,12
1.091127255906973,0.03796521527700012,7
1.1593000221821221,0.19703599277581152,3
0.9804624960613674,0.1489549144887761,4
0.7899311485649739,0.06126374268773543,5
0.9888886155606578,0.09718345590563551,2
1.3332433730808662,0.1500660074667307,6
0.8927904104484397,0.0510703980494056,10
1.2873403377529453,0.11933612776722087,11
1.2647981521296434,0.39537608768500393,8
0.7931674034694443,0.249436111382636,32
1.3331508390935047,0.12514240644445784,33
0.9338204637532423,0.10003950179626714,29
1.021304320907793,0.1051595242021398,23
0.8878479164506455,0.06540245575745822,24
1.3821223731356003,0.12919870222175744,27
1.239026535066834,0.12345772053861051,26
1.0232549766001244,0.27279412599283254,25
1.3081170817941343,0.17496486053972377,30
1.1171319653697442,0.012364025312402584,31
0.7928256990922523,0.07065842690378367,1
1.0768998510987173,0.060561695491861446,0
1.4245021089925565,0.0467075848638893,22
1.0442177026133015,0.010857432965893019,49
0.9270112031164559,0.07483979806157891,52
1.0922759780121212,0.03563967663745992,53
1.4355685561789775,0.1946122232253866,28
1.0871981307910432,0.18578849895224125,15
1.3729421308388716,0.06820035492782021,17
1.2204005295967117,0.054023811827195234,14
1.2334236859413799,0.05964733128878004,16
0.9170803979079569,0.18837716754726685,19
0.8905107721036782,0.2569028558253614,18
0.8236358603651615,0.0852418329410245,20
1.050120088890156,0.02175853183872027,51
1.2603730818900702,0.1826815264928363,21
1.3995649949728457,0.11221489582289781,50
1.38322751116321,0.121465427687366,69
1.2461892317104921,0.032606434411100935,44
0.8639578002242753,0.09984912509916906,43
1.0460258563324891,0.13124008583088553,47
1.2489085672658242,0.15020307383393536,46
1.0701483684230637,0.159010124961997,45
1.251494247638643,0.24877033294739648,72
1.0152232032572048,0.031651234811337144,48
0.7990492158104177,0.12053254124729439,42
1.4357606651668355,0.2070064056476647,73
1.2960395157505071,0.073953102053641,36
0.905925955990181,0.14248734490085946,38
1.2821227935690638,0.15076470851245924,37
1.3053081991100672,0.26027015173564727,34
0.8882954926403036,0.06643714526495217,35
1.1673529604172346,0.030983731395635362,39
0.9158051606415243,0.08872119269045181,40
1.3766990166525648,0.119100322690084,71
1.1791870618144042,0.0749930655357252,41
0.9308373776265507,0.22970638849701622,70
1.0075993476306844,0.06663154224537429,89
1.3670016106512484,0.2526436502096338,92
1.1015642350695942,0.23513859224437558,64
0.8315387792650978,0.10020744591590898,67
1.3675991132854666,0.19486232744236398,65
1.2833626586440847,0.06887686342624068,66
1.313688748083993,0.26655851901455885,63
1.3273332395449495,0.16934409416859542,93
1.077498817974724,0.05454198210644976,62
1.0531139201294772,0.16145087985651868,68
1.2697513596321905,0.05773202773711589,58
0.9445111028300555,0.09757440907517384,56
1.34354486368971,0.10129195796351763,57
1.1712759385382778,0.12522467868797263,54
1.1304935011541781,0.19717732869733784,55
1.3263253563308868,0.0866408346568161,60
1.0235584244646676,0.1697992882066598,59
1.1081716620291109,0.0968087890484541,91
1.371126701263548,0.12354468534728509,61
0.9710592401368221,0.07646136473948392,90
0.949848600093011,0.16134864129440932,109
1.4259652698476142,0.19759609543482778,112
0.8048260205145265,0.0668380731150523,84
0.9573060945919669,0.05685516781166429,87
1.3071162744367637,0.09521569760621962,113
0.9071427752896559,0.1355543333421698,85
1.1643394228986408,0.18924347347813353,86
1.4247468965083345,0.07178603547020955,83
0.9038622777772006,0.20904227706629058,78
0.9483272372265465,0.13632750451972558,88
0.8425485379167473,0.18459098538038105,82
0.9457305317059339,0.20013859359048541,80
1.0987410879349757,0.16880218916599266,75
0.9014377312007765,0.10771460378400653,76
1.161890524494174,0.08513263518201658,77
1.2838667810314697,0.11505215197385095,74
0.9517800166868683,0.21734955478788215,79
1.0503903138726156,0.04883641278802433,111
0.880886765661756,0.0716206892143617,81
1.3249087507863335,0.07095066714583802,110
0.969216506862837,0.09743416682049559,132
1.152393831735395,0.0748539510982007,129
1.1067889680649619,0.11730325642353807,104
0.9860624407240887,0.07965165309905269,107
1.0720825304136778,0.06940132293466271,103
0.9671799257220505,0.16429839073173946,105
1.4032119789290562,0.2056198216262377,133
1.1931066508980879,0.04395573610363805,106
1.059738485856479,0.1488753847422651,108
1.292699756414546,0.07658714543686684,102
1.3480438537015222,0.15979011971059323,100
0.888674173192028,0.08144975205489817,131
1.0184354670209377,0.11392095194424415,101
1.0301812057159097,0.1308848077556702,152
1.1233139679455513,0.12726919366510311,149
1.365714770637259,0.21964455025563467,130
0.833674587720698,0.06583506984212505,124
0.9167029873115105,0.08862829532717212,127
1.158778019433524,0.1170357853324461,123
1.3600788422091248,0.11790814033884674,98
0.9543865511554686,0.15230061030368927,125
1.010257736268274,0.08880770809193755,153
1.1138378553347494,0.2597896137355165,126
0.9219757287516077,0.14660760972420947,122
1.3518445343933458,0.23443340024803125,128
0.9325340917616219,0.029048224381010502,120
0.8085735319275491,0.21609931626944695,121
0.8415330623859433,0.1892074073706822,151
0.9576782959042656,0.06323088580428915,95
1.1294323744283854,0.1864512366767769,169
1.211929896978927,0.184109123653032,94
0.9110936309478647,0.05243524869510972,143
1.093806196988426,0.04626304673461537,144
1.1739134442697607,0.03341080896247536,147
1.0193756221024608,0.14839029367204323,150
1.135235648030958,0.05578195866031474,172
1.4120718275369595,0.06763477526420655,145
1.3200987192169271,0.10130894034915959,97
1.1896606179209974,0.05656489883463814,173
1.0192539569828456,0.07243666810429748,96
0.7908337442420417,0.023192144557876493,99
1.0831821055677244,0.040904985336300465,118
0.8788067535006633,0.08447297393799046,146
1.4205787785081103,0.03998272203718044,142
0.8258164351676094,0.23515869381089197,148
1.4138886371843968,0.10782518706374034,141
0.9783781383979304,0.20726570354493382,171
1.2647389915098843,0.16156500725782044,140
1.054504911249797,0.1036500094212141,115
1.259491382743652,0.14525360588964784,114
1.404004827728067,0.13026156417392304,189
1.0860669292960177,0.08730727818248334,167
0.8645997557087113,0.26050748995625095,164
1.3016046652761695,0.08608243981894648,163
0.9138849804283594,0.23362496841122693,192
0.8375302778091507,0.14598017739815658,170
1.387909876551006,0.04548790964649449,165
1.1226469967062642,0.024175276097334098,117
0.8871396643768706,0.17845452928184508,193
0.9959899535026993,0.1036800006202393,119
0.8863574385801276,0.18967508535061417,116
0.9061257370289986,0.07151464609713863,138
1.2348521432057276,0.11628879193081926,166
1.4101463462599755,0.2896365602334316,162
1.0826799011837571,0.08566658895008146,168
1.2785336453412324,0.1478857672375623,161
1.3112151380757802,0.1866653446638033,191
0.8599337576907857,0.19440752919305157,160
0.8137175678874082,0.05379697375732443,209
0.8087869834193121,0.03130392559465661,187
0.8320577338366726,0.10287525539021303,184
0.8824610610380051,0.19346124537063147,183
1.2714052291105582,0.14675517111832959,135
1.4299905549955083,0.11673718811808964,212
0.851016885767394,0.06915708590531094,185
0.9248873756380334,0.18980932144415277,190
1.3904800879756096,0.11865344815386943,213
1.3406354615647786,0.12209645636751115,134
1.360884348038582,0.2743039718716072,181
1.0300323381996057,0.06800444471616235,211
1.284533719774473,0.153493544568279,137
0.797019434402356,0.09816516511488486,180
1.1769599746212138,0.12589897122126803,229
1.3262027283856155,0.07585432358462565,188
0.998405101787142,0.11011521357278325,158
1.0883584189618776,0.05397385439831362,139
0.9346770330900436,0.04722511715933138,186
1.24746159211842,0.06871693231367698,182
1.112166556908596,0.12438589499379034,203
0.928780314016876,0.10793161292421849,204
0.9780792121944895,0.10530862311204853,207
1.1831397331246971,0.19120690087027944,205
1.053999975545177,0.17753391195819804,233
1.03728475027676,0.14234505390093244,210
1.1612560969992325,0.1276763844977922,232
0.9091386890221642,0.11306904591569263,136
1.3269400887136362,0.1099153769783437,155
1.2298666704709076,0.16993026885095996,201
0.8915028992726695,0.11741037866609919,231
1.2305893228640248,0.055528792965473805,154
1.3800744398588418,0.09182711942245514,157
0.8355335654719969,0.12729294461119842,200
1.0294346990451493,0.11388716505010239,208
1.3485147991116864,0.1748244591194593,249
1.3202635909683513,0.0867143967645468,202
1.3540438510792967,0.055155089983137166,206
1.186405006885292,0.05117784528082824,224
1.1387640688404461,0.1223607412307935,225
0.9830423887582674,0.1913532524956945,253
0.9563702540710405,0.05718753738916658,227
1.1832863009596943,0.1460759440026694,223
1.1617976957883622,0.21620959630571873,252
1.3989257707107332,0.24533574375222705,230
1.1633834282914157,0.09465583366627506,221
0.9904090046476807,0.10539293331627629,178
0.874613118801589,0.11957300516151066,251
1.00447685019292,0.2028284016411615,159
0.825275017957528,0.05474849387436453,220
1.2839565046342931,0.22037811220218756,228
1.4208791358570174,0.18845689273160393,222
1.070858900409568,0.21350550459423606,269
1.170649728900608,0.030689722432241547,226
1.0839534493213718,0.0739764101273096,244
1.1469921962993546,0.0528987147345412,245
1.118496232898542,0.1762360617554921,273
0.9437301533151843,0.13079085147015768,243
1.3952537378230885,0.15622036783324517,272
0.7933221466338444,0.12970443829402925,156
0.9932407751795149,0.24094766885587846,241
1.0382333463154758,0.11594685963294632,247
1.3117539891578742,0.15094266520249638,250
1.3679559880045016,0.16683547199707416,175
1.2145992732064086,0.08261363081489856,271
1.0495916314277203,0.04456956255783667,177
1.1510690406329736,0.1951038178580307,240
1.164395636343843,0.34111725727376097,248
1.2978850251084069,0.059011711809926086,242
0.8673391422008787,0.1305145341033338,289
1.109384352975466,0.11467525391970451,246
0.8381144559540599,0.2074330441431049,264
1.3840729386659856,0.11568924696266841,198
0.8729764694901397,0.13650074228668324,265
1.2707494607133125,0.18108954806264527,174
0.7895247115004511,0.09034745259959195,293
1.3239142530645274,0.1482151769225125,179
1.0126833388313055,0.0446881580595145,263
1.3328256071101152,0.08109902814180554,292
1.4077048829226717,0.0789660925376314,261
1.3525448292214675,0.2082737452264728,267
1.3531141569444425,0.1589514323420461,270
1.0333379592804175,0.2295697815795885,176
0.8064823466021839,0.06585919024484892,291
0.9392503927929775,0.06335349027533481,195
1.2266757308447596,0.16371233012200728,266
1.4022849671027986,0.2774049621965976,268
0.9657686550313995,0.014405891138781948,262
0.8269378094075596,0.062039115439402465,260
0.9909737253020733,0.16344427749951174,309
0.8944927126334726,0.17964885442583906,284
0.9148495890689734,0.03459903821262565,197
1.0611421513713724,0.22641947334567294,285
1.0240681064675772,0.11053259509243862,218
1.3845003587088416,0.24503446910776244,313
1.0285360571864468,0.12425762920649444,283
1.1781426075250403,0.23253451192607294,194
1.1329613512442398,0.09203292504261362,312
1.016304260675289,0.2040739594972637,287
1.0345161318115361,0.09564783588870675,290
1.2072462039767995,0.10781790269557319,199
1.2691960794918977,0.17561552029365687,281
1.2163016511015807,0.05475936475854451,311
0.9000489409217318,0.1577030805788865,196
1.0447276702413193,0.13136771086982357,288
1.3368172959149858,0.22344366355638212,282
1.2052865072634122,0.029371588332194984,286
1.3814868495822301,0.22383419443197614,280
1.3534545392367454,0.09190632136040822,304
0.8485945009674216,0.10378268643804295,215
1.2488044149467428,0.247359661808847,329
1.3904294144664597,0.14404993650244205,305
1.0446261919256918,0.10017524026943081,217
1.0732200342095604,0.13475181107717724,333
1.2574955370960819,0.053002078369254496,303
1.2113914159119417,0.08050727306620285,307
1.040248349910505,0.08159875269059401,332
1.0666629697115235,0.11033749291785384,310
1.149963268865362,0.2000303060803275,214
1.3764828188829301,0.1636432055678801,238
1.0526938501977279,0.27868569663008913,331
0.9036651155205166,0.1850484142763402,301
1.2262016910451752,0.15460885307908365,308
1.3091000258902428,0.06387657677209346,302
0.9576731153954441,0.07109045442172489,306
1.187612278696186,0.15420974927255338,324
0.8784444502627525,0.14304449316920992,300
1.242578039277614,0.287221234817679,216
0.8564924273338032,0.14837067704129733,219
0.9039957797981372,0.06659330528203838,325
1.3837587128243785,0.11892902550377488,349
0.7905196604030327,0.07807342320110318,353
0.829564968730024,0.11723775260388723,323
1.272741719718663,0.048675570716562866,235
1.4370457452617094,0.1352910145132382,327
1.132480237180806,0.03585620703467791,352
1.0038159399870605,0.12997826826858225,330
1.143299534681112,0.12550089865755717,237
0.9133648626122703,0.15747696910916345,351
1.1373935965939401,0.1765388579432354,328
1.4054301494778987,0.044352108921390826,322
1.1554642523214507,0.040083512947415,326
0.9794062012337986,0.09465072360089655,234
0.806255774727148,0.03822252446370878,344
1.4333519784997093,0.10772898393342618,321
0.911380864933626,0.30110238262301664,258
1.3746786433265945,0.09681829185643714,320
1.2432014805006053,0.0898435284351233,345
0.9372656434669631,0.05102080751396868,343
0.8043826987685367,0.10213156156988022,369
0.9323201155895456,0.06658794999163925,373
1.2507877192962955,0.015508061612472266,347
1.09007167495305,0.011872230798016524,236
0.8926541227169925,0.08775095358854706,239
0.8865129788695381,0.09637639869903071,350
1.2786019700845908,0.2471179444084399,372
1.3930300970679466,0.042797251256703,342
1.1163380794729771,0.13895633806067045,371
0.9532677704726058,0.2252535800809132,348
0.8398091824498509,0.03854770577419279,346
1.0421547252954928,0.17296995678685834,255
1.4161987129116693,0.14764265241272323,364
1.074444163227378,0.19768745323262113,257
1.1739469851304807,0.101657424095921,341
0.9095427653382063,0.11079505788468157,254
0.8479096939213777,0.2698786825635488,367
1.3648822269526115,0.10097162029609402,365
0.9136514002821201,0.045244225905955095,363
0.9191928036564116,0.07504287998801898,389
1.0201594575733333,0.08214346077819873,393
1.0677052531981654,0.09343860993330819,340
1.1614598256106494,0.013196552641266132,278
0.9556413879222427,0.06231647848807395,362
0.8346124554180001,0.11273043151528084,368
1.3691931549496872,0.17498047074899084,370
1.0822172988724277,0.17712374123015218,366
0.9617585605383396,0.17086569279261707,392
0.9670060155102783,0.2832904909658859,391
0.9444520084553183,0.1276938710253221,384
1.21738878617862,0.08776714559509435,256
0.7966727662721548,0.20259615941102382,275
1.0682068479013944,0.13106147280789812,259
0.8654339832003478,0.13986790630914456,361
1.0518171227987159,0.1697255470585567,387
1.1701970467766072,0.17557122578578294,385
1.3200803808362607,0.020410517506516446,383
1.111105269640456,0.24579688761341656,409
1.2280281568934355,0.0554197044514984,413
1.1571034424098228,0.1035302185236085,277
0.8776027202480848,0.15329819070852632,360
1.2457997197146449,0.058967947212843264,382
1.3873411431759637,0.22297677576328329,388
1.1172782852684222,0.22929808762786907,274
1.2974680603000852,0.08942982497825464,386
0.908352126216106,0.1802139297403175,390
1.1884478434698635,0.04243488820068569,412
1.05397497636565,0.1386495589969823,298
1.2468614079097242,0.14721118888455403,411
0.8638605505143951,0.09240181230603245,404
1.2831669563528219,0.056599982635365004,381
1.1801438443396277,0.1617166485327991,279
0.8714189131682821,0.1435434984539855,407
1.1997076826930884,0.16490882903253928,405
1.2622896582590017,0.19054979067013544,403
0.877810743637851,0.10774096730633674,429
0.8926718780483085,0.1336293209675755,295
1.105696692261147,0.08151186582062413,276
1.3712407194052902,0.1919752030528222,433
1.1576852230010348,0.09748309113648036,380
0.9230368846215963,0.17977712935723497,408
1.229170606618754,0.14501095214203225,402
1.267205823288231,0.15664876946953674,297
1.385830938595431,0.08715716260090262,406
1.1447109779539424,0.1247703254423161,294
0.8445316803470733,0.09655757389504074,432
1.3943125846634785,0.07652420413414417,318
0.7991336419893295,0.20628526006804992,410
0.940134889746349,0.2567692682615865,424
1.1214428424535101,0.07449133791665917,431
0.9684529988328013,0.1356056709694427,299
1.033971300576711,0.07822339071824112,427
1.2587563766602183,0.1494130202558233,425
1.2760899079920602,0.1378182299494992,423
1.1860944558197803,0.1676402810967021,449
0.8660446278618493,0.24727150098687553,315
0.894207016688339,0.07572842583456234,296
1.3317884544318712,0.12895599267633162,428
1.1614458559587533,0.08512872907026862,422
1.22782242733772,0.10225705570821575,453
1.0826070717392204,0.08622391542077221,317
1.0305187042074924,0.03427306071248129,426
1.2563159892940892,0.1692114425927682,314
0.818800771902652,0.04491889702212345,452
0.7946453647585994,0.08075827498521614,338
1.4128587015689138,0.1705302589860831,430
0.8589227677755895,0.04755254826128047,444
1.1209667394557563,0.15415642280633146,401
1.0447405439359532,0.2191607556184052,451
1.4312469449419536,0.19305529973710855,319
1.3105865147499771,0.1453623577184837,447
1.3271957095058338,0.03397612683076945,445
1.3155985873909577,0.08978478625962862,443
1.4240194774814325,0.12999167957710833,469
1.3935935056777744,0.03642871343262693,335
1.0366348812410524,0.2365836912531264,316
1.1437386039930775,0.23259162975594783,448
1.380357400863976,0.11438541914304368,442
1.3767532348972393,0.20042372607936476,473
1.3527748104580288,0.08561548335459308,400
1.1588276167361218,0.13900582743727,337
1.0896257955548527,0.12533769395786545,446
1.3845555430504972,0.1636687601554995,334
1.136213849175204,0.052920455965363204,472
1.151312626186073,0.21120166516959327,358
1.1357680854725984,0.04779543191616479,450
1.1663611374732594,0.016512216134926653,464
0.8840399296280457,0.10601640450432757,471
1.1905214915565097,0.013196925170002588,339
1.039627919254824,0.0784963102936519,467
1.2451669830142955,0.030866627925411616,465
1.2152791926528166,0.10164908347584167,463
0.9006446003055522,0.18714688867269338,489
1.0044312843252134,0.15542763960732134,336
1.0950060447103604,0.1507270057363571,355
1.2194450855289274,0.13369437977066675,468
1.3423435173588327,0.07443306957300085,462
0.894860822741278,0.15954805632645844,493
1.365220338712825,0.04347121068855323,357
0.8345371366657642,0.2718593006785431,466
1.0426658531995332,0.24876865767161888,354
1.2728352824963063,0.10851081715208405,492
0.826146981726666,0.16167598297114016,378
1.4335269265752966,0.07756311744063904,484
0.798199641789386,0.13352841336709476,470
0.8262255437898433,0.229103232207461,359
1.3060994401807502,0.05591682054379622,491
1.2879540159997132,0.17512564505049577,487
1.1868298225148937,0.12758512658254764,485
0.8314971123939427,0.19866037575046394,483
0.8692469737693905,0.027710311886282285,509
1.1609122012905555,0.17578305140628478,356
1.009019545177197,0.17109713582397879,375
0.9904728440796198,0.052329476075030745,488
1.1160528164412025,0.053594069349166676,482
1.4281196677289871,0.21413371621633093,421
0.8997419229141658,0.059484836394647744,513
0.9864309546508236,0.11319557453063277,377
1.3582146555647014,0.11975300909363265,486
1.343605309521985,0.11114950547214182,374
0.837807395528795,0.057667966915529514,512
1.159501160565613,0.03221894467389174,420
0.9149916429705409,0.24528141209127613,398
1.025250243842166,0.10210086270452468,504
1.1964416720225475,0.01695268048997181,490
0.7984697031366077,0.1113632330672675,379
1.4263570252473006,0.13435936922352607,511
1.4206367529236115,0.3392107666900924,507
1.1393874116412084,0.04872251591893256,505
1.2404591626271353,0.1404316925456625,503
1.100217826562758,0.13678764925052797,376
1.283856366138163,0.0699321354598798,395
1.382262389160969,0.07731621931746449,508
1.2009653597191128,0.14419746514360995,529
1.26139154020116,0.20280196600177228,502
0.9306227036564543,0.11692202408915037,441
0.9057644751611662,0.11438997137038598,533
1.1419238295488932,0.05631408184101703,397
1.2809226776850287,0.030846847230858877,506
1.3345076227230404,0.2161654064397158,394
1.115107156341443,0.1723006119441421,532
1.251146112887993,0.202526176015233,418
1.4074705841804476,0.17866591913464222,524
0.8451081817069297,0.2134361621649301,510
1.4148784743050453,0.08684369091842004,399
1.2996155580605633,0.042239087277752885,531
1.038851394880915,0.19161978569731186,527
1.2059076465210208,0.13439221740691204,525
1.2568761441573715,0.20306484960227733,523
1.3653498912909798,0.13050064265432862,396
0.931485958103052,0.13848425605284237,415
1.0356663450571946,0.07298828488605708,528
1.2987739183328872,0.04736867681094469,549
0.8079805098757207,0.11073674536333662,440
0.9243714958278025,0.06917629558117065,522
1.3303181835684497,0.06084055271321395,461
1.3695081724626816,0.19074125898718497,553
1.1526814913674592,0.06880337222061311,417
1.0951204582953147,0.1092015907997786,526
1.4144270308515485,0.11115993180901705,552
1.00980767416457,0.06755780773620891,414
0.908504784950828,0.029059770140926946,438
1.2186154484118625,0.048335486434239794,544
1.2578634970307387,0.16026086928495115,530
0.7891532739418315,0.06627391007215462,551
0.881754088712115,0.2541835757692448,419
1.0968843033451596,0.07431950354121634,435
1.0069736810991115,0.16285463854303503,416
1.217254354582911,0.17412782543884828,543
0.8446488136715957,0.17260029083770367,547
1.4329144508067402,0.1275056725053277,545
1.4175365047397062,0.05514396286644516,548
1.2095069455207705,0.17069582878583253,569
1.2078456017921537,0.06832686014362688,460
1.379027557266948,0.1532641252288468,481
1.4184341126484907,0.10430489105801491,573
1.0283292263150141,0.31846771474804375,437
0.8877496795900972,0.0179464286534661,542
1.4210938304271072,0.2983961904101858,458
1.3701783846716147,0.12121584262932655,572
1.3072531606323403,0.12669877372554014,434
0.8388785366352992,0.15913367035281645,571
1.1151411633438704,0.1054542778588358,439
0.8126844889432941,0.14830444212661228,550
1.086958018694676,0.22226509805594896,455
1.2594204944620242,0.16294329873543048,546
1.3915331538977829,0.13675602686230395,564
1.438186663441487,0.1891475188972025,436
1.2486907079401797,0.0560432918963563,589
0.799993575155031,0.17067170867213494,593
0.9475769598494068,0.08857760873231131,565
1.1414992830843695,0.1708919810543015,568
1.2096331571783125,0.11286507958768624,563
0.9293791624339796,0.10009820507057515,567
0.8061547202268248,0.22113551563352135,501
0.9909077086423395,0.08083396818967825,480
1.157504452968046,0.08671042152608582,457
1.2406670665505184,0.1536047676629842,562
0.8470270262345683,0.11814972428350178,592
0.987852372468612,0.10697907253600805,478
1.1934592472900918,0.11396607222339666,454
1.201566046347235,0.0473699771786163,591
1.1723670594774953,0.12419175189911119,459
0.8048927808797341,0.1288794458908272,570
0.9472161076466422,0.12030896696928362,475
1.0212684219794363,0.2523633163338516,584
1.054600511750917,0.09649642394618808,566
0.9564129568385309,0.20519058256525155,456
1.1065951669694896,0.13759622882802422,588
1.3171915886564798,0.17058241166102672,613
0.8159819581978037,0.09833932882498285,609
1.3483630385796221,0.25470186607142786,585
1.2320561339430733,0.0398579238743537,583
0.996394710262204,0.13658206689613941,587
1.0484380323630516,0.0489928236946706,477
1.1070640781996204,0.22909804801979067,521
1.0193679514195817,0.14029580742528847,582
1.3513771991420918,0.08668609514152917,612
1.2068571976633802,0.03949644746300208,498
1.0719498967666945,0.09300404409448028,474
1.319552462563995,0.1377935458912502,611
1.2754485348488265,0.11156187539719287,479
1.197959350139108,0.3562808924892611,590
0.8193812885929797,0.055192733043093814,495
0.8118850060720852,0.09443195778511847,604
1.4012514918499765,0.11937941589184992,586
1.325202180252466,0.17690605887026384,476
0.9209103661605826,0.1682443572908105,608
0.8055899310156553,0.04592029299094004,605
0.8631331428054654,0.0967114628376435,603
1.183795286913214,0.09784511404341871,607
1.0618454854601884,0.061303966779166545,633
0.9657388629847313,0.15116464840932403,629
0.842811799933,0.18185486659830113,500
1.3475947413365619,0.1147642113448913,602
0.8738380068002938,0.2394845985600886,632
0.7965628754571865,0.13567313991377936,541
0.8920906953180888,0.12869460618337766,497
0.9600696501009346,0.20566677576109968,518
1.1602262932496352,0.187328232888207,494
1.1924909277609532,0.11018862584376399,499
1.330975772384038,0.11511882148724883,631
0.9007869219123703,0.0931982862226993,610
0.9946441925821318,0.12283563571651615,515
1.0623780886235252,0.10028248454935465,624
0.8835013322403035,0.12075085163175654,606
1.012796246010305,0.10975735080517833,496
0.8922445393673423,0.08964677313329128,625
1.08765311873039,0.02057196040027663,628
1.031146705842499,0.17323792171563696,653
1.2293665547203507,0.18513875260576715,623
1.09309978429614,0.1120808249941538,627
1.4031783188649074,0.0900769550968979,649
1.2604866235259105,0.05940591697208189,622
1.1133287890080448,0.0881937324200527,652
1.3832982052136027,0.20930962932798336,517
1.4250624000172345,0.05351716497686404,538
1.387008150796812,0.16825151294129667,514
1.2814566378609393,0.1009434232989993,519
0.9004838309696441,0.06818843585124959,630
1.3047508794984761,0.165940380217612,651
1.072042672430922,0.07442329582934407,626
1.3562951671933567,0.06467551948292506,644
1.2586279391422028,0.14798446454660072,520
1.341140908583537,0.050644481717526585,648
0.8870021758077812,0.12595749395549868,645
0.8410240627836609,0.09097098191652168,673
1.4201803616847997,0.1079203676517563,643
1.2806553255980069,0.11817332616259267,647
0.8365118705788375,0.21036878421724214,535
1.4316357797085302,0.058042661549882725,516
0.9578451586607091,0.07011567717228083,642
0.9169022150673457,0.31680519683154845,561
0.8183431193921398,0.07715054705466458,669
0.8767564326374265,0.11611420779740687,672
0.8950581978304076,0.09391884634224178,671
0.9722649964004,0.1661162122362297,650
0.8384815916516513,0.12421138999306125,646
1.3917693455101963,0.2088611127053536,664
1.3081667173493043,0.22967893668313596,665
0.9406876987768161,0.20612150563372192,539
1.004749269589231,0.09313204187658793,537
1.0810488009561732,0.09335257599592343,667
1.1558418777144712,0.09506235865433511,663
1.1411663366351372,0.3201349397439687,668
1.2087997732279345,0.16171277116758198,693
1.0953682537492933,0.182697529682965,558
0.8460410148545777,0.14183348939270898,534
1.3297981495750069,0.04148103227481271,540
1.3040556603855662,0.24531797463416094,662
1.4024952761183571,0.13008315238515683,666
1.001946620956613,0.12090698825759182,689
0.988793013079234,0.06389188572397059,692
1.0893510672128204,0.17277703822972165,691
1.3006603413924132,0.07422740611737484,684
0.8876300480354902,0.11120401823518139,670
0.9461985146805318,0.09567033758206085,555
1.2990964422915345,0.20123862216907773,685
1.340078548017683,0.12189133581204391,536
1.4273816151896375,0.1516840864343137,581
1.0993116179169091,0.0999140673845985,713
1.3185428212836308,0.1273091426630418,559
0.7882883679766359,0.1355817273818956,557
1.285524326924285,0.08466958012164867,687
1.1702260035440255,0.15286881328782898,683
1.1473907426998708,0.14170754237068878,688
1.2065926999559364,0.11148259857539396,578
1.2283736397687715,0.09173638839133047,560
1.2390202626959854,0.12249438442477345,554
0.9678725689502794,0.27701228119825344,711
0.8531114247413918,0.16425349596158015,712
1.2515715283176538,0.15965119487083584,709
1.136813360783555,0.1481771136724294,690
1.230751020282977,0.15364661376368788,686
1.136718624883961,0.14531661587758277,682
1.167313565339379,0.22545809559089985,704
1.0059981392692463,0.02152089199005657,575
0.9930389427456494,0.10091565170599269,705
0.9228204005926627,0.07305288544285474,733
1.3265836333113947,0.1202955526166481,556
1.050860674369941,0.10434259540909235,708
0.8018439006159228,0.041986696160530974,707
0.9550707789892469,0.21739835031341748,703
1.115031523982098,0.13222352359531686,601
0.965131168960646,0.045513699049974474,579
0.971018735483407,0.03547012681403794,577
0.9984119672966436,0.1765931914657749,580
1.3491617063358423,0.09951719484954057,598
1.2481664536767707,0.09705835724706499,731
1.2326232907347523,0.053853990994824553,732
1.139758957339863,0.1657234926895418,729
1.2431399610656266,0.17820222297268654,710
1.1258904578731335,0.055539729032465006,702
0.8903201028652866,0.08846268025365676,706
1.2670200353375027,0.05274679508791839,724
0.9657980019825615,0.10223475403942844,574
1.1988887724400485,0.09540082175401757,753
1.3783173985654258,0.0855655865304565,725
1.2272292656742743,0.12607270054558287,728
1.1557819234500775,0.07631798347544966,727
0.8761043848539716,0.0524201453514397,595
1.0594159137819166,0.08530295965230031,723
1.1060465833564042,0.02972373016473665,621
1.0566730755257303,0.2750902892191268,576
0.8198994955418134,0.14274361308320682,599
1.3956528831428407,0.1402694329259038,597
1.3323103204101883,0.20603780233869592,618
0.8071304422334673,0.1953030918117396,600
1.203159596953222,0.0975828247816993,752
1.3801296604125879,0.16412109915827333,730
1.2873928229054212,0.0325889033961299,722
1.3304158377928426,0.15313358757055762,751
1.1673599779988038,0.08354349695668134,726
0.7908827733726458,0.2330288464449809,744
1.3303803051632745,0.05183055430472482,749
0.8570065056664765,0.07138848547519965,594
0.8800295680532224,0.14271843045885935,773
0.8186257877350992,0.15083910985729737,745
1.0151292231944535,0.10231884697256213,747
1.0682872066850608,0.07164252408642142,748
1.2631743396247954,0.07421621637145845,615
1.3729907041258225,0.09209942113634946,743
1.3214709352252543,0.01289240076736836,596
1.0611647583687158,0.17599426286971467,619
1.337737075515971,0.09849595655715462,617
1.3848767248428826,0.10709455089474972,641
0.8813561448711268,0.2155871277724732,638
1.0009392035866949,0.10748139682635044,742
1.171046017332244,0.07564080286747793,750
1.3168363880262737,0.09559302468669358,772
1.2194766578902299,0.0715360073275611,771
1.3017910130121844,0.11893784353677478,746
1.0097451340773507,0.10196173955674859,764
1.2748884513957393,0.026054215728919645,769
1.2706456752574156,0.0360820122268692,614
0.9629336319633782,0.0781520175428116,793
0.8781465394768709,0.04572192547185755,765
1.1929779730211094,0.07807713030938236,635
1.2958463627082413,0.04529650346609796,620
1.3293305712125674,0.22719347408593424,768
0.9210177737747258,0.12718350084625688,767
1.0889011215557762,0.08613375569297929,616
0.9880284104084681,0.23147607576897836,763
1.1333289883830275,0.09526999906880627,637
1.0924176751786745,0.18258012944263013,639
0.903586194711477,0.11781730595628204,658
1.2390692384210689,0.23505758569142335,762
1.078284798992676,0.07872012075139351,792
0.7902045190588575,0.17593579531247605,766
1.010929137822371,0.20470116825460757,791
1.0492701659954844,0.2346646270954135,770
1.3330168966231162,0.11867513373433332,784
1.1222336883312154,0.15671526856996681,789
1.4230516037697338,0.132505236093597,661
1.076680670200433,0.22277656374428303,634
1.2408904637764389,0.04633859881493378,785
0.9670672042076848,0.2164138041827903,655
1.2232518730481048,0.11927392003966314,640
1.0694798867698179,0.1649592470028785,787
1.4287393718783492,0.06985834567827384,788
1.0158731624681716,0.20909839706087852,636
1.4007279780283175,0.02771813301170148,783
1.2448052705977786,0.19032398417330643,782
1.0120523788523323,0.09915802795624214,657
1.3155271353709086,0.10751256757398274,659
1.4122217320748387,0.2654423888908439,678
1.2740208566507096,0.17815538643368617,786
1.1766435374372983,0.2177060046672304,681
0.7975894707703826,0.1616424941421522,790
1.2835916513818888,0.17920110750686682,654
1.0828118333355436,0.07721087135713833,675
1.371866088343734,0.05141904867106783,660
0.8973648478308652,0.07496416530828215,656
0.8729520549870935,0.044927296927982904,679
0.8713960822800215,0.051176975326662266,677
0.9431772000243069,0.09081332299302933,698
1.3648615883250512,0.26359887647291635,701
0.8599874470286104,0.10874310061216115,674
1.421243366841276,0.11070183770885844,695
1.0550718391954523,0.07616269670134763,680
0.897253804538441,0.08753196485109037,699
1.2185272575076262,0.11765592180412876,676
0.9611338368727077,0.1465880431514259,697
1.3349132746134624,0.05274608341279124,718
1.2913792039176921,0.17908602345232671,721
1.2381366142386727,0.15671659188434114,694
1.1263793868423526,0.10450867416189963,700
1.308745748588426,0.18588251007430096,715
0.9563257963009975,0.07319916938270137,719
1.2322626079146146,0.18574782247495492,696
1.3491865655946573,0.11470821044837108,717
0.934997308177113,0.11819931337828216,738
1.194932290645668,0.11012452440434327,741
1.2546948861538954,0.10885692747976164,714
1.2663676860798936,0.21134335932205917,720
0.9298709893761952,0.11542671679206551,735
0.8942954635241213,0.20153536703236893,739
0.9817618923589275,0.03682979891855582,716
0.8693014024791808,0.20634183547008964,737
1.3510149661693724,0.11881399393181974,761
0.8777436295665915,0.180617371743612,758
1.0263735560717533,0.14171118780673034,740
0.8402627345572513,0.04982352661887274,734
0.9743719339870095,0.13315605364087607,757
1.2475846960037378,0.12078314711126988,736
1.1386252501654404,0.17998505554202457,759
1.4047288468696058,0.20380445007172152,755
0.9104352051961232,0.2724880593057401,781
1.4150637431267152,0.1767782322532626,778
1.4312418626311076,0.22385823418409037,760
1.315072588533777,0.2388836764127802,777
1.0486173347688363,0.04838550646589557,754
1.431509116159713,0.13990638292257876,756
1.2523610615753076,0.10032073875430225,779
1.01537246397728,0.08453463684206486,775
0.9034356599090008,0.1411142399334092,798
1.139772071581147,0.14399840195129077,780
1.072313902856997,0.07097409680785519,774
0.8541251328021491,0.07306826059910541,797
1.3967258579353021,0.12271087861275357,776
0.9803502018126606,0.0379083070877026,795
0.9200179819818939,0.17643986817977167,799
0.9668999708208257,0.019388230720638274,794
0.9405036063369394,0.12796692115818864,796
