1.0648053940686732,0.11934573070149893,9
0.9659506862713143,0.152357402992488,10
1.0911159887645747,0.12252126006823111,7
1.0891748906088934,0.1671439446045835,11
0.8883361287855555,0.13174932311609405,5
1.1386697485524269,0.056019324110269914,8
1.0587850783946544,0.11458790319516006,6
0.9609983253755412,0.08713591411801806,3
1.149110711434217,0.2512402087678371,4
0.8728459032188236,0.012959834917263813,0
0.8630636270660033,0.10901625554155106,2
0.9716468058922076,0.14188454341376808,1
1.1230007870349463,0.2560374580650248,17
1.1449150254684224,0.07085220970214602,16
1.118881740542932,0.16509328186486985,13
0.9865965772218701,0.050417613149069444,19
0.9242308641881521,0.15106211954154122,12
1.1160992859618117,0.08065979188962773,15
0.922649834462061,0.08036474592469868,18
0.9319805665626241,0.06155653111099349,14
1.0652115565942086,0.08018903963158547,26
1.150506528890024,0.0902282720165984,25
0.9224413457759412,0.11023124561017639,28
1.032656096435325,0.19167061645400613,31
1.0288690399846165,0.13354939756866765,29
0.915875001134633,0.07410963232965402,30
0.974482485638648,0.20929603257253304,27
1.1672335996235639,0.03677175733564198,20
1.1135619673166213,0.07835773292478315,24
0.8954071188511399,0.21017421124696123,23
0.9306218747576676,0.18031334092809928,22
0.9281252119791344,0.19182996461862284,21
1.068003284255689,0.19819307046362183,45
1.1200403398485697,0.10530397272136952,46
1.1180066370952293,0.10168629690352776,50
0.9091292144815879,0.0550922486302127,48
1.1704508840924754,0.2233735530914608,51
0.8833757830767287,0.04513951734743738,49
0.9112825193139418,0.06865783397304041,44
0.8784789563904132,0.07567392326765986,35
1.024557277353806,0.02071678339837464,36
0.9313348946743509,0.1435390974800329,37
1.0120841692744535,0.12132530142278922,34
1.023274619158511,0.17154484334809295,38
1.1068109914344912,0.14283714874831407,32
0.8735470490290597,0.15243605911265135,33
0.9973212446116675,0.1698866461602583,47
0.9274509875777092,0.17451347180151666,39
1.1198337710180537,0.09812609405731398,43
0.9176927119208861,0.03322185720873137,40
0.8798774261497899,0.0726587892872628,42
1.0881918927305614,0.048541685691529494,66
1.1344390261225077,0.04346524735655773,65
0.9318474145642585,0.0805012146654781,41
0.99073433334729,0.0029074116447637176,70
1.007640597040974,0.2354333895424269,71
1.0055028668779584,0.03975618780780024,68
1.1071829973120835,0.22960522406498526,69
0.9003548333582891,0.24249765016054609,64
0.903057883154506,0.18307391074089735,55
1.1421033832502787,0.11091188189591372,56
1.1620499749879367,0.16530399954091535,67
1.1303405079049225,0.1565912830542134,58
0.972839903897643,0.06487487045025925,57
0.9469725784166982,0.229126205553853,54
0.9793541580664661,0.27198961666957433,52
1.1247467697898563,0.11094450173095796,53
1.1388073361097888,0.08466096487575919,59
0.8985401169799679,0.11103964095019175,60
1.1719560359047576,0.041566515242163815,63
0.9793522913998345,0.23169319902530147,85
1.1447267371402292,0.13032336405746386,62
0.9100355499887884,0.09753013177035044,86
1.0906762905344884,0.09034957412548877,61
1.0416916795480928,0.1971265735684127,90
0.9059063431828802,0.05364236907974404,91
0.9012942998236235,0.07935523115179849,84
0.8985280631390669,0.022687891696205123,89
1.093005289172063,0.058124384053118754,88
0.8978412962872183,0.06994126600951699,75
0.9612074381168754,0.03692933149134915,76
0.8708393859653107,0.08208769435960889,87
0.974214629847959,0.2533644817447077,78
0.9882600304767309,0.22997288325346532,77
0.8728825290642055,0.23019677971905372,74
0.8633339790697075,0.08614292797138556,80
1.0139920654049326,0.17976835222962034,72
0.9063309323351516,0.012677815143357671,83
1.0636632055354527,0.16140023770517695,73
1.167196775384866,0.0682699871838346,79
0.9616861507819653,0.1442886426539209,105
1.145618985982726,0.046813648139498495,82
0.9499034123436838,0.11448707361078495,106
1.0656192517783083,0.16908340109419742,81
1.0435190796292002,0.0657765679584062,111
1.0724259760121035,0.10568569792072745,110
0.9036071998203554,0.24490484551550648,108
0.9337139326483868,0.10848894258311273,104
1.1656648994960392,0.2054499713882681,109
1.1206747706330027,0.07158383453797328,95
1.0000265568312636,0.13827498878258365,107
0.9876347341958489,0.16211039629954682,96
0.8800822691806834,0.039631836022501366,100
1.1219212129806353,0.06728703831952369,98
1.1710193210478845,0.14829682737588445,94
1.0945041413801062,0.08760628989042381,97
1.1766569800405768,0.03751878327984268,103
1.0650286332050287,0.18329072865814963,92
0.9088599343941317,0.1493576241598332,93
0.9549164127487666,0.10911334142890763,125
1.0296060673497365,0.08488809850887766,99
1.1753595014290215,0.1421346694665414,102
0.879104669571989,0.14819032458052878,126
1.0025350417024723,0.13256777300107953,101
0.9162707087978631,0.22442212806155193,131
0.9316255064464598,0.08169861896142899,128
1.1748765191133088,0.13085807658535722,130
1.003530078059203,0.09702430385983678,124
1.158920953617665,0.05137825792688331,129
1.1571657714041712,0.12260604776341384,115
1.1605317290606731,0.24378468185198066,127
1.0355807310203218,0.04904293176774082,116
0.9706474079678142,0.2130936544056028,120
0.9796303205300979,0.18857277987068843,118
1.0032858580797397,0.06459446829470598,114
0.86807931899029,0.07711044638894546,117
1.048773542213614,0.08566350276847773,123
0.9853681634531024,0.06134442681237573,145
1.1193634722355188,0.18460750555808314,112
1.1186696418556457,0.06335554427795714,113
0.8935047680105656,0.06045716745753027,119
0.8746187244886027,0.0845899735698017,122
1.0941928484613257,0.26161537693560666,146
0.9087153098456324,0.1259324280241405,121
1.0919114376397951,0.18116408914378065,151
1.099896617733135,0.19136779763973716,148
1.1267723159629144,0.016426627200092456,144
1.138072503246715,0.1074868011438567,150
1.0849794327641689,0.07515514160821002,149
1.170769182319285,0.0687150280683717,135
1.137981009310189,0.24746062185590048,147
0.9350866438444871,0.12952110903527,136
1.1482576726494993,0.13610514639840052,140
0.9438805558514571,0.12952177697491743,138
1.0803387411513081,0.10140889834709021,134
1.056074837087929,0.19925742893243545,137
0.9627957592033773,0.07034691673917062,143
0.9490085738609937,0.1252244024805513,165
1.153047359428336,0.26040707015133663,139
1.008885978784643,0.12558572750267133,132
1.0744664396661632,0.055148111464299134,133
0.9737989297209348,0.0943663770044623,142
0.9687158842621351,0.21228785053371177,166
1.0039902733935642,0.09305472852703936,141
1.1656000006979974,0.07520800950005024,171
0.9749558782068966,0.18027800400664235,168
0.8837986972105035,0.18315883287654477,164
0.9338279436291084,0.10819884982779415,169
1.1193695747856396,0.03552866781293894,155
1.115485139540458,0.11849716973283529,170
1.1568625101819627,0.16818805731764297,167
1.0807668852305352,0.17268751260372903,156
1.1590326031962632,0.028414613364140154,160
1.0390414133927826,0.09775730927357999,158
0.9811994487699891,0.1906213371677387,154
0.8796460496851137,0.10208057712082977,157
0.9671922528761231,0.0920502086783137,163
1.1313389615835039,0.24885905590844556,185
1.0791805935018168,0.27954925178140266,152
0.9198583626813683,0.2285482083984841,159
1.047144255518031,0.11971348675695781,153
1.0464485653936346,0.13558059509971157,162
1.168007720209968,0.0577777752831952,186
0.9768121051052742,0.048500289071388064,161
1.1552457131213085,0.16815757994545877,191
1.1047087168808791,0.035342151342659486,188
0.9983353600041732,0.024201809132990717,184
1.114599013459908,0.014268615645923294,189
0.8613776042610981,0.05928516206880078,175
1.0762871407145242,0.10431679140014127,190
0.8839750921766728,0.1217722986906658,187
0.8793804201771223,0.23724305504020352,176
1.1369113693932127,0.22610579000391398,180
0.985684129474695,0.10178910724374984,178
1.0790788355574215,0.20303382579530882,174
1.0652866539794001,0.13727359081764284,177
0.9613662598780826,0.06707434124694951,183
0.9027142234129497,0.06908329141328383,205
1.1317350230372583,0.07781241387591488,172
1.1567931991920972,0.22809583430027908,179
1.1530027085733,0.22628821540285068,173
1.0318090944068206,0.07069314137843827,182
0.9153757426631581,0.19224861459935783,206
0.8952995448099289,0.12454533209917336,181
1.11765211508324,0.2861287261408278,211
1.1054021633807176,0.0678726935777902,208
0.9168448748143179,0.06535703627350581,209
0.895700909229689,0.2008705000679087,204
0.8695920033735588,0.3188137657135576,195
1.129286504627745,0.02471130078521795,210
0.998199951193663,0.17773587229871224,207
0.9346910631426436,0.11648896188830545,196
0.8912053728157245,0.14875791934506058,200
1.1351946711476395,0.33824940911963375,194
0.8603704673733856,0.22071602507580013,198
0.9294433513235952,0.11777173655355969,197
1.1077821142523752,0.03989597778566481,203
0.9209819070957185,0.1260836481494074,225
1.1675515594742414,0.21904196488777133,199
1.0783076016520505,0.08846582059133586,192
0.8794943579482067,0.1725865410919604,193
1.0385256297528807,0.11896222160032188,202
1.050925513396259,0.18182793615477175,226
0.9710952105073298,0.15174948790494747,201
0.8758312244427022,0.03490786638089752,228
1.011053712402561,0.10394542344664436,231
0.9653984431744179,0.08830081657326523,229
0.9270705918891997,0.044816014138166944,224
1.0630096284262915,0.15704132203754628,215
1.0381685019346656,0.25981520519340523,230
1.0778380394411053,0.18530445195925221,227
0.9255437595440497,0.14024301020231508,216
1.1639503667265072,0.0524362155443655,220
0.874643872729748,0.05299365114975957,214
1.1759431881826938,0.1410123751771035,218
1.1693159256967436,0.02327902312032229,217
1.176107441473964,0.1439725413819404,223
0.9813812160197147,0.24603635685580658,245
1.0992732684958286,0.024438018561602066,219
1.101119740961737,0.18197780790102994,212
1.1777591295932104,0.18683468783346016,213
0.8757049377689928,0.21415714893241922,222
1.0905201767043373,0.28227083788304685,246
0.9277085497081319,0.23041833065447684,221
1.0978519268216123,0.11186839976724544,248
0.9498804117012103,0.19833209308911948,251
0.8797076473940312,0.22703827046316782,244
0.9544156815827477,0.17174775772215878,249
1.1359518090177603,0.13841893385048834,235
1.14824458132478,0.1481114111392395,247
0.899973109501766,0.09603569048648963,250
1.178058232005728,0.096691045164638,236
1.0667249188840908,0.10936997960910014,240
0.925920815193661,0.0454407050332854,234
1.1031141406864318,0.07073437551773029,237
0.8739900778361418,0.1928885303028226,238
0.9302940172964733,0.12014134671793851,243
0.8792030127068204,0.09848458815910681,265
1.087258899413622,0.2776030122575575,239
1.006539709777,0.15603619952065464,232
1.1746142896585006,0.11063382421023633,233
1.118959893384051,0.1871920924503357,266
1.1077110192974746,0.02612126409382673,242
0.966504944649276,0.092501853585877,241
0.9580617434384375,0.21890684643478955,271
0.9645878681859167,0.238350152441216,268
0.9478907396403183,0.15458391797874452,264
0.9893615080575136,0.12019383505264164,269
1.0948696188148999,0.12298731160403623,255
0.8693680136091307,0.17482834093035213,267
1.0315318111084373,0.16340965355592107,270
0.9981664977967029,0.1851691712783347,256
1.0580525590030974,0.13872834703002787,260
0.9730693396517645,0.08105120096609895,254
0.9742040177480558,0.08211632678257508,285
1.1379817034036084,0.0916079034974973,257
1.059937907078583,0.16413236897401648,258
1.034904828574045,0.07593402242901592,263
1.1171438280328625,0.12804799433498645,252
0.906392391919536,0.22877777747418998,259
0.9362030797205275,0.101140713209037,286
0.905934476808457,0.137369808619431,253
1.151163608454121,0.20843045854039033,262
1.0579553077612347,0.16268346623062843,261
1.150528625033412,0.17306305392994636,291
0.9081301127271477,0.06611674248538782,288
1.1123672620746317,0.21980088920467922,284
1.1408189012552927,0.1794064891356766,289
0.8851688787578981,0.11361996236883323,275
0.9035913265919563,0.23232607147180007,290
1.1194984269865638,0.20824439799472932,287
0.9485802047119546,0.033794381875609424,276
1.0634904684299733,0.1031519640656853,280
0.9991499052021293,0.0750983331654596,274
1.0798288926157376,0.05570267134540611,305
1.1088633606628804,0.14813541516886158,277
1.0323472336529906,0.05556509710799204,278
1.0643148286286845,0.0406349124871037,283
1.0657833380043478,0.072999138211998,272
1.160104345205215,0.13304357250378893,279
0.8878390794083949,0.1833651317730801,306
1.1564430762439082,0.15055962782226692,273
0.9859930897127247,0.12291396918678926,282
1.1055141919440283,0.05711218663667394,281
1.100273854503532,0.08969088063292924,311
1.1257538955608317,0.0932100915884148,308
1.0009131113901821,0.05495918494533047,309
1.0911817837983322,0.12189076386971726,304
1.012407102290859,0.08810747410537385,295
1.1464204402609468,0.06003150272672739,307
1.0900006277129073,0.08949300667586418,310
0.915560286628385,0.060910301295725534,296
1.1071389788547479,0.04668314500630208,300
0.9798904145298732,0.13563202291308993,294
1.065538991762685,0.11937891220269309,325
1.1508347786682098,0.09348998432780224,297
1.173685143678013,0.15907056399504052,298
0.917387445444541,0.15184723656014634,303
0.9031048976853696,0.06251964377142714,299
0.9942730364710077,0.07716751553144816,292
1.1147296539718186,0.04443601530680869,326
0.934287448775527,0.011032399490364102,293
0.9650689685951509,0.0919685570376208,302
0.9797412017982109,0.26182456818319316,301
1.0568122861065614,0.18271106302806125,331
1.0658154994389903,0.130258299141288,329
0.9892338435479354,0.05427501568948654,328
1.124494293306693,0.13603310019561085,315
0.9038001099866333,0.09199675654671469,324
1.0798805978739319,0.10433945426571947,327
0.9744066730139104,0.14465437746856202,330
1.0068295936067573,0.040251402868776584,316
0.8645009423585737,0.16662316190325765,320
1.0346141891822582,0.027707774805967724,314
0.9348326711479821,0.0665469760526131,345
1.0789959785436478,0.10241413324276843,318
0.9867343242271895,0.034659830083350905,317
0.9692895415707695,0.13895919882955568,323
1.1063801721710482,0.022557918526090865,312
0.9913116807119133,0.0930629482121817,319
1.159486404552615,0.3246874204462305,346
0.9781337306057937,0.02935912803985216,313
1.1689003424283242,0.04134277462025651,322
0.9453204925433742,0.10414357271716979,321
0.9811861050891989,0.28753351947211997,351
0.8703060256828798,0.10938735921774495,349
1.06081440522684,0.12994614130377527,335
0.9529638293152453,0.10117098880848788,348
1.0625833257996204,0.06813889298102736,344
0.9494456560151749,0.0982219411299045,347
1.0669123340280802,0.1853698833431274,336
1.092740203504101,0.01848160208627118,350
1.14075005642432,0.1532721742063473,334
1.117834470250614,0.17310218048964895,340
1.0808992941803743,0.16569389815514649,365
0.9222445970894964,0.14024207152261345,338
1.1639021626720205,0.10320611889933262,337
1.0810634737143612,0.16813817890252447,343
0.9375969801068079,0.13282085229807503,339
1.0939456909222007,0.18259245748778286,332
1.0595024148120091,0.12685987538360693,366
1.0524102318426052,0.08845764616948787,333
0.9789526248394184,0.2796322663193476,342
1.1449092989702692,0.15449689191670962,341
1.1455556775649836,0.12899893267194265,371
0.8811560903324875,0.15719765471866787,369
0.971983964678031,0.15134999598134136,355
0.8624901313365895,0.11656462259621395,368
0.9416227756426313,0.1269110222814043,364
1.1172130385127743,0.05067477251603439,367
1.0126452061592806,0.07972660337189812,356
0.9998598011637868,0.14872521457192278,370
0.9982292880495656,0.19389770765616576,354
1.15527774972111,0.1974841891929704,360
1.0258868207637462,0.11815207027221888,385
0.9716363582539613,0.1459981500028482,358
0.95708183383142,0.26559116966788915,357
1.1140663798109256,0.10793390625392862,363
1.04170738224019,0.14470282224772893,352
0.9142621339663157,0.12970055220479135,359
1.0125979363000315,0.06733454339083897,386
1.0994899911867386,0.039462069065077945,353
1.1403674509924417,0.11260111503453869,362
0.999549587081357,0.08328959341710972,361
1.0034646968147638,0.17875696427726795,389
1.1638464540294968,0.1574221355307595,391
1.0748804849809794,0.19272103744693486,375
0.9233551873548879,0.01170666673685758,388
1.108265859234282,0.03175812514465524,384
1.0775486628616322,0.11302168934294066,387
1.0734267335629601,0.1365684714919314,376
1.1466920785503383,0.12924818994617993,390
1.1210594127701137,0.11310476110930688,374
1.1346955209902705,0.2119134093357151,380
1.0257984641098363,0.11924357300876612,405
0.9955538116461006,0.12734246742714642,377
1.036077807971809,0.10801050074993478,378
0.9604091062778951,0.14918087094488755,383
0.9952801897214612,0.16159301545840535,379
0.9647934723564061,0.3772036595400444,372
1.145201584618272,0.002519654255859185,406
1.0973794126169154,0.1454500658029811,373
0.9082478644861707,0.1896275499429644,382
1.133830815832673,0.1457826362155424,409
1.1108056729449527,0.052079389489027794,381
1.1252554155564716,0.13657733680206807,411
1.1124725632808414,0.12421715298050373,395
1.122722295950342,0.10246380289212074,408
0.8975051627463665,0.07969546153787455,404
0.99788145317524,0.11088101797006192,407
1.0537592792860377,0.15560026039899763,396
0.8839336358118562,0.10104297514435728,410
1.078598886346307,0.13813545558814852,394
1.1049172156831482,0.21908202426631226,400
0.8756041731216816,0.15822330981787344,425
1.028513524955061,0.10776385367480133,397
0.9722268570797279,0.06978441196304354,398
0.9070601264671551,0.08951620352014089,403
1.0363952355060488,0.005800930279760467,399
1.037502835541202,0.043299586218541755,392
0.9137641638705963,0.08914697510733781,426
1.0180590148652378,0.17895788424569703,393
1.147193026539861,0.12456211685712384,402
1.0582158631057064,0.06885215525058237,429
0.9954482964677682,0.16350692329078587,431
0.9170910194928206,0.10192921872240578,401
0.9139397214534394,0.25091941175106647,415
0.9650309546802135,0.07845038122277587,428
0.9846872845126445,0.012333223635860625,424
0.9587508727195033,0.0952371353115341,427
1.0366135651903157,0.11920673427162626,416
1.1348346183373739,0.10151276019109795,430
0.9819010121998487,0.19802947402433435,414
0.9098462156232375,0.11612680550808381,420
1.0167628927040122,0.26591139050183027,445
1.1639908900265743,0.09102150418206276,418
1.064773691728584,0.14036372601865077,417
0.9383933581982241,0.0863197444539179,423
1.0266849740901138,0.13729219105868837,446
1.117659616821766,0.13546842242005985,419
1.0312100793585408,0.17386431111555736,412
1.0818055241695905,0.13770047539390606,413
1.1590374914814823,0.24181627675151904,422
0.9164226322253208,0.09628581297471463,449
1.108907276996777,0.1239808382993469,451
1.0850017514874915,0.03635869534507091,421
0.8663244359607221,0.08091142220820613,435
0.8929347639597638,0.15451375632205167,448
0.9435007373177249,0.053337203179581474,444
1.0358045622779053,0.18095383256264475,447
1.1430738728010723,0.28961645010872494,436
1.1389320715426325,0.1628305395124058,450
0.9872669116347694,0.18266126656842915,434
1.1805847357654882,0.10026092948458361,440
1.1123123452389536,0.11331091250585826,465
1.0858494455297445,0.09500401266209152,438
0.9003821225440756,0.1368284678330921,437
1.1081335632685716,0.2318971741435282,443
0.9283186015675479,0.10749256157386787,466
0.9729309722789116,0.06560735130011884,439
0.9994487141209547,0.12427949013864609,433
1.045180082333789,0.08557891149656477,432
0.9934781625106108,0.17628363139509487,442
0.9810007044445765,0.04671310361215129,471
1.0693211626748569,0.056529628154766615,441
1.0978785946897633,0.122441135127213,469
1.0331118382055948,0.18982491415397745,455
1.1028689392348514,0.19862436894828064,468
0.9043733933359139,0.12482660120841405,464
0.8613636537567146,0.07659142146387699,467
0.9908094829864246,0.0583081713474496,456
0.8935168869740652,0.04256371949400923,470
1.1037328503503767,0.18005718166387857,454
0.9273105654646191,0.19007282490195854,460
0.9607754085770022,0.2212738954813998,485
1.076053400697129,0.016047509794962788,458
0.9915281117642523,0.07381674528391179,457
0.870513915019369,0.1323329655936301,486
0.883094525780962,0.13927909546543135,459
1.1548292850264037,0.09088792032571745,463
0.9474547279676515,0.09045979441243832,452
0.9024806404896375,0.11129861637207483,453
1.0678159988406464,0.09164774757211733,462
1.0574686657095567,0.22088041729896177,491
1.117184345161645,0.20489659438609814,461
1.0194202211279793,0.03931005452134873,489
1.1573628183891091,0.014373354422067875,475
0.9774731322331317,0.1676214810307142,488
0.9173703568843756,0.05911428007272186,484
1.0589928428564714,0.08626194745204312,487
0.922317523236303,0.031882493547975205,476
0.9133853368927279,0.13003355622993526,490
0.8797481145081625,0.02402603666114275,474
1.076819699130839,0.1821446316906917,505
1.0763213302703294,0.21739503511004488,480
0.9931252465994465,0.13159531118881504,478
0.985119950746554,0.17271440357769444,477
0.88101593325574,0.11999412678705608,506
1.0647955906670767,0.15840071834900116,479
1.052228897943013,0.13186117417489482,483
1.1561210246619649,0.1725795804368988,472
1.117568319678592,0.14975112521771347,473
1.0332047132537747,0.10352946254496742,511
1.0338837042806481,0.23928977303724466,482
1.0789074032168218,0.1473518021965243,481
1.0223667446114946,0.10211421450269083,509
1.0625830591932999,0.1382566191467681,495
1.1053281575440468,0.1734577279668523,508
1.0749896687765905,0.18559268378992116,504
1.0771037794794414,0.013063208967576269,507
0.8781369250323898,0.017078091369159887,496
0.9099641921013993,0.2470332435405264,510
0.9834648700560616,0.1801970767752152,494
0.9986469483607259,0.19225882950707893,525
1.0080410337557821,0.12703724924523113,500
1.1012619293708685,0.11392762288962335,498
0.923645926005819,0.06802645013623729,497
0.9260640083366128,0.16216674560065755,526
1.1737217370903141,0.036241780813956834,499
1.0451521735015847,0.05929000945640082,503
1.0227127754737737,0.1296506816191921,492
0.9959043556907203,0.08452011905337684,493
1.1086870933918707,0.0313809739122714,531
0.9660570446103995,0.05622754272255373,501
0.963258684518475,0.05711494752693766,502
1.1055202483361188,0.10155191265710926,529
0.9387015757549295,0.08569681549097778,515
0.9116035383142752,0.1523659686017873,528
1.1276201163781612,0.1862530913184232,524
1.042048282385287,0.13388585183644816,527
0.8688713454690417,0.12121797317338825,516
1.038735186105352,0.1363917939032864,530
1.0610046532979873,0.13112487580165524,514
0.8901035561409079,0.1030296706909063,545
1.1079835166512975,0.054757096146906374,520
1.1638232906016028,0.11226889223844597,518
1.0223724865312425,0.08437620040094605,517
1.0882255022909013,0.13653799777581094,546
1.1262618812176437,0.14798759989322283,519
1.1653164327045906,0.14878394470875114,523
1.078841396982489,0.09139608548035878,512
1.0103189740534098,0.08204657251143908,551
0.8699803520647755,0.03462105032553874,513
1.0581708230119775,0.13366853382564628,522
0.9593349701339295,0.0715575882544556,521
0.873984518382217,0.08781536949200315,549
0.8964974665225423,0.1117968729306427,535
1.1715391740906371,0.13730246546448424,548
0.9071540003832441,0.10306121437438816,544
1.1351867513256706,0.03038331328585271,547
1.0860401442907657,0.18053336051716817,536
1.0247335058015405,0.032699367010401284,550
0.9755708697488265,0.0681442892925471,534
0.9793899379117043,0.11538770788721803,565
0.8941936814069503,0.06174859461448835,540
1.154673255247653,0.07273803462673298,538
0.9494516468751654,0.1914233129932279,566
1.1224508706482261,0.10701603193421834,539
0.9234349481129902,0.17014545763378505,537
0.9414795220135054,0.12624465073636126,543
0.902997998866866,0.1704578107002698,532
1.1431856619458964,0.04808180661900514,571
1.015885999894991,0.1353965500969899,533
0.9725056632165995,0.10860790386525776,542
0.9807866444905098,0.13166363420034669,569
0.9994841187730451,0.07607946709881205,541
0.8641569038798435,0.08330606465862378,568
0.9353727478881921,0.0478443008963676,564
1.0487603161955479,0.21208971523541972,555
1.1022593438106312,0.19205962633062454,567
1.0383376743200365,0.20692178828379243,556
1.1362322407293166,0.17619671271662032,570
0.9691364660293305,0.14384074301825975,554
1.0209385179682184,0.08031101574338663,560
1.0808086212801984,0.030237205005826412,585
0.8748225376788985,0.17385024071149402,586
1.0190765028806297,0.14436125446624334,558
0.9750705268600015,0.1628118512788437,563
1.022678797405546,0.05676557462223624,559
1.0920264127892563,0.24152252543024924,552
1.15907188862136,0.07987252169241561,557
1.1110068017420622,0.08985934077246863,591
0.8763304038245835,0.2278726815997879,562
0.8772006545046712,0.11952112960737729,589
1.0718117454256997,0.0787328188306408,561
0.9166739953168506,0.06317279111131441,588
1.1536342520502385,0.07242743992945241,584
1.1589331812206425,0.20013519907882202,553
1.099546666021584,0.1517061193834904,587
1.041068883408737,0.2336785025415082,575
1.166290984273004,0.04532301986164964,576
1.1792858334087772,0.2094159899220538,590
0.8731721852368396,0.12605809005412444,580
0.9108808591474723,0.15276802062159675,574
1.1341652336560646,0.10047459094727869,605
0.9354459220058384,0.20464263472246813,606
1.0530405559578782,0.12404800407416389,583
0.9198899574519592,0.1666830567308059,578
1.1384685464272932,0.1135507043360297,579
0.9295596893199004,0.06362897023484936,577
1.1283831758554834,0.20475763960543247,582
0.9360822171979648,0.07427005237762244,611
1.109063204053759,0.09629575530802936,572
1.0612532858916288,0.0773235097041591,609
0.967199986411656,0.10820723483001492,581
0.986515849940148,0.10475115082602032,608
0.9683850800251523,0.16979337412475504,604
1.17396197098871,0.045044685671718585,573
1.1262192750740883,0.050370755481583686,607
1.1601573485802008,0.09716885446266703,596
0.8690678261551338,0.08146715310429666,600
1.0310480649257079,0.1338083352290886,595
1.0645051237564362,0.035106752725247194,610
0.9994980339082911,0.1132437614841916,625
1.0147758822026636,0.08871590100674501,626
1.1168299802946815,0.04764425581020479,603
0.8671919009771886,0.19197067782049365,594
0.9065896100890922,0.3333189798870032,602
1.0377722021906624,0.19930408438298916,597
0.973687222308789,0.26867579250286916,599
1.054082373598175,0.24114794002512838,598
0.8980371717849007,0.0670149508191089,631
1.015035097307921,0.3082696806414539,601
0.9603070312721642,0.0403909537698845,592
0.9533113719931885,0.07608373489532379,629
1.0533782466199322,0.16899777603772542,624
1.09598498780929,0.20373907918589895,628
1.0455278219927129,0.08377500126131569,593
0.897255394065335,0.08540230560982742,627
0.960832966767,0.12033475760657478,620
1.1641369893257876,0.1593500788251858,616
0.8738382810949891,0.1071120547771324,615
1.151397339034236,0.11039712290216619,645
1.1784434576225395,0.04817572113080355,623
1.031783184848904,0.08616196153141702,630
1.1544163293404355,0.07195238017472248,646
0.9829933008083831,0.0763237465776341,614
1.1534171927130705,0.07023836911112037,622
0.9825725093706102,0.24127511155877662,617
1.1140720962606292,0.11674093330175815,619
1.0792167492064912,0.16186877455510099,618
1.1697195612785016,0.07191873992471308,621
0.9125949514286167,0.1177025510570075,651
1.1268969687064123,0.13166114645366872,612
0.8603635732998319,0.1897283508243801,649
1.1184394060020222,0.04120665795243401,644
1.018027376975916,0.09438612584437912,648
1.0217233695256602,0.08437600867629011,640
1.1368140051274978,0.05863844287070496,613
1.036320937818063,0.04071359591240447,647
1.100306753676591,0.11551277824555534,635
1.0508701279775996,0.0845868142307396,643
0.9335396012250433,0.1250597843732935,665
0.9935435379233117,0.11364237822176648,636
0.9397398285680036,0.08312426651063262,650
0.9727664450810801,0.19965429461884784,642
0.9352123954606323,0.05542285266971191,634
1.1473297361585104,0.12057431086006248,666
1.0767400392835091,0.0234227864427801,641
0.977863180792211,0.06488154710713345,637
1.005112604498612,0.20267174732591428,671
1.1092110087782463,0.0683505559538201,638
1.1564982205320768,0.06407092301986211,669
1.0710799817626275,0.052218075879101905,639
1.000682485721937,0.2111506168260974,664
0.9309176599914789,0.22828541201230634,668
1.0170294241526023,0.06317334931194361,660
1.0036782094930852,0.06689290402307839,632
1.0858189588492504,0.07925428973469717,633
1.1460113589716205,0.14241896741310525,667
0.9745751676180554,0.055986851820170894,663
1.1308707888237408,0.20277556700645732,655
0.9265583173393402,0.21005878813001605,662
1.0573224888280162,0.08728216217930974,685
1.0453905159741395,0.14614496573000613,656
1.1045910512004158,0.08514397113212702,670
0.8689225087062712,0.22481007968662658,654
1.1033111762368097,0.11794094772156559,661
0.8834446783208686,0.18651434706607833,686
0.9377319765653795,0.32233551164707563,657
0.9405318106127676,0.029622932251988705,691
1.0609508824913234,0.09979450982086388,689
1.0761927258257082,0.1278304746713314,658
1.0600274850140496,0.19857673674355084,684
1.0719203754614526,0.06501568519241031,659
0.9842635181417111,0.23022948096769455,680
0.8607578255662012,0.08631884954825482,688
1.0598821617782181,0.18788655485192785,652
0.9482924387539937,0.2426086399592621,653
1.1324093496060759,0.03808371867192192,683
1.0179107187356373,0.18200235065235604,687
0.9225701932126084,0.1485945383082088,675
0.9293252494082892,0.06304569742404441,682
1.1603374958041004,0.04409756958022692,676
1.117209839641971,0.1418786131862734,705
0.9923340472909536,0.08706534263701304,690
1.0184493645310453,0.18246461972593753,674
0.965302545040621,0.15681232075547935,681
0.9961831172578998,0.07571567569566862,706
1.1185722977292951,0.10536228377252761,677
1.102706493661617,0.07321635759757571,711
1.0611576144792252,0.12386779560864834,709
1.1544583773878319,0.11101728211628242,704
1.0382651411899677,0.06021106013536518,700
1.156378260270921,0.07895929811611378,678
0.9879748232766065,0.17176704355474123,679
1.0854284848727254,0.07708368040622052,708
1.141000161557953,0.20891601482110458,673
1.0687735421261713,0.06996874469315416,672
1.1609577249197676,0.08047831645136795,703
0.9059781038198704,0.14332744446637385,707
0.9679635917871371,0.036071836142161855,695
1.172688671379033,0.17981840643011804,702
0.9408344714055006,0.05827125141826339,696
0.9700690225261781,0.08762246238522771,710
1.1576759024251702,0.09081431792927547,725
0.9471067516085101,0.2497380472095282,701
0.9537721024114514,0.1600456626193505,694
0.9323041808597583,0.1028218009426958,726
0.8877710345965899,0.15311882808026162,729
1.1569891156296546,0.11117303357848066,731
0.9035972234469188,0.08088722935118853,724
0.936651656574194,0.06068328569526257,697
0.8619688159795507,0.1767188324478714,720
1.1235365406759614,0.22323840298433584,698
1.044552561460871,0.1719565086402301,699
0.9518095406494292,0.09547658730008729,728
1.1345747673776687,0.12763461559809736,723
1.1015372921788416,0.028970377116150626,727
1.0748067112300994,0.10652339270565794,692
1.1381148475405607,0.044122778988995304,693
0.8877964806426951,0.16048698038382656,722
1.1730088300844301,0.1414167806703823,715
1.0017208642287538,0.08021320809873024,745
1.1410036634407243,0.20235190788206642,730
1.0424306630182107,0.23777169918624474,721
1.093969231117947,0.1748836148627428,716
0.9659923792292473,0.09805244061581972,744
0.9016026907442627,0.09183000955214195,751
0.8959228110343675,0.25102047639198777,746
1.1720386235778686,0.164564114033521,749
0.999442117886385,0.01291319868716223,714
1.1307188110814086,0.2172949706514572,740
0.9180054098012937,0.03358945418821542,743
0.9604691637471525,0.13715407263169724,717
1.035574438673185,0.10549152027820059,719
0.8856534813793697,0.12386805105060245,718
1.0637403591669927,0.08364874532434889,748
1.15744270580692,0.12933860432952737,747
1.0089448574170696,0.07985157518639835,742
0.9437655761988833,0.07731814660248906,713
1.0730320783870788,0.1290653529418476,712
1.1764070854932147,0.10189044354678958,735
1.098267241444969,0.08814384556055388,741
0.9597049110212887,0.09492709856456127,750
1.114576110588784,0.2109906923803563,765
0.9071756038852359,0.2120348864781143,764
1.1250061797853135,0.055101798480131206,736
1.1504212752057736,0.07310538784961047,760
0.9479085625612774,0.11604549598962202,734
1.0352950725201444,0.13830968369836996,737
0.892783448884933,0.08121238814664139,739
1.0129272000322809,0.025804627612243093,771
1.0711272970450558,0.08059447738168919,766
1.067488631670768,0.06736518531549261,769
1.0814081584798165,0.0873763118679841,763
1.137512849378933,0.08049699450868003,738
0.9227549422705474,0.22423972892334776,762
1.0986009420148306,0.16917017714733212,768
1.0234172867371076,0.23825026236196725,733
1.0366526868308519,0.08018440534422844,732
0.8811364248046879,0.09593017765953225,755
1.1647261743253294,0.10293301721879795,761
0.9959825057716288,0.023446856448964676,767
0.909951237338459,0.1011273683634814,770
1.1191788546914054,0.12595992129777797,785
0.9394684477637727,0.061847781387199,784
1.1783034810525288,0.22879934669106894,756
1.0844536977251475,0.07498026774751784,780
1.0818276160631095,0.03998138901320139,754
0.8958274968553347,0.07695691214129055,757
1.144282101503787,0.05269748372036323,791
0.9186037842829478,0.06015193944804176,759
0.8925617216559651,0.09728067326988955,789
1.174080956758388,0.06994883812025747,786
1.1001358958759615,0.09677183126522976,783
0.9536220652981802,0.1226009929608341,758
0.9974094312905124,0.050528121331790035,782
1.1353375553882472,0.06556397516914622,788
0.9601629851854011,0.1469492247119691,753
0.8924985388007902,0.38888308723875387,752
0.8840218525301708,0.08491942005743697,775
1.0581897575058132,0.15599031968805616,781
1.061285872932413,0.019475380860372257,790
1.0007411869228424,0.2140486609221174,787
1.0263498572674905,0.027224126047593434,776
1.0852068718423757,0.13684630820614763,777
0.8635043489232852,0.16254393463371286,774
1.176935219317277,0.18359918103365094,779
1.1614031134573382,0.2996329094626064,778
1.0202452680707557,0.11761104580612039,773
0.9202395178747029,0.1166536810697218,772
0.8844553718059217,0.17223679053845858,795
1.0182078318181846,0.05050719824272185,797
1.0129738318294181,0.1693373104198368,794
0.9265629131460078,0.04451047650901577,796
0.920410523177845,0.0971815638976562,793
0.9114540905599581,0.1574996038194817,792
1.1000627117242407,0.12273168543723592,798
0.9269623167699238,0.02553626628425512,799
