0.9758255152441555,0.14795356400587692,2
0.8362939600479624,0.10536605637525082,11
1.134247736033556,0.19572139831882165,5
0.9095253306439285,0.17525110197765545,8
1.1112019232032753,0.10911307738209952,17
1.2433912491583772,0.08356093809615454,13
1.1035899220082452,0.045988115283647685,19
0.81780522322045,0.11332897385922308,6
1.137774879902937,0.13526419138779197,18
1.2667457948682335,0.06884182523480911,1
1.1202350325853794,0.09188400294394451,16
1.0747472924677661,0.07644138159582356,4
1.1880963612680475,0.1261835458864936,0
1.057552231611492,0.05937819712342941,12
1.1167768689434046,0.09320785553384836,15
0.8684848006814059,0.1050372088913214,10
1.1557565759370312,0.07203131233338404,9
0.9477878513479718,0.025943856890067958,7
0.9919993604295578,0.07044213592099403,3
1.0628349101151309,0.03741518202555011,14
1.133760911049829,0.06685794616908376,35
1.061593283387969,0.21710939676606533,28
1.064839408950837,0.16706866290347103,39
0.9122358071227941,0.14042757606786857,37
1.1060742625585749,0.1731769466921343,20
0.8910307643946127,0.21970616753956965,25
1.2193605395112979,0.031162848279760583,31
1.0465981084437272,0.024609684816504464,32
1.2003106283454863,0.052879782319508045,26
1.2331784164383883,0.03634207159239615,36
0.9662481443683326,0.10699648277798549,33
1.1883769468745726,0.2615789276852791,27
0.8233885561922264,0.16693529556857784,22
1.0595292450956277,0.05257743901777955,29
1.014259748514195,0.14974257588948967,24
1.2977795485312975,0.14373027914939016,34
1.0884232882851026,0.10027088679720893,23
0.9809095270136728,0.06806839097253455,38
0.9210421519294931,0.19930738222127659,21
1.318574853166161,0.18886044348340575,30
1.291757766025728,0.10228291349503166,45
1.1697633208253793,0.027896217253957103,52
0.8725878786520042,0.11785761888549998,56
1.247570623087113,0.15898303957530255,48
1.3214387828399836,0.06734923217742936,47
1.0013595107342053,0.15515255696602517,46
1.0034350890951687,0.09983814498197784,49
1.3057808307749936,0.16885809272049743,42
1.0437756387362074,0.09926807205626942,57
0.8998378693382161,0.05554794487764501,53
0.8601018275612193,0.054355839618569525,55
1.289494628771689,0.09683084035455078,40
1.0855350572236795,0.16503580069549958,51
1.2990044470796573,0.239368501120097,59
1.0823119407355395,0.3010799458645135,54
1.1191786447201726,0.22590826816955578,41
0.8565101068451572,0.03877441591745178,58
0.962000999424109,0.21359826431922702,43
1.3093229801260984,0.1672546550238434,44
0.9353524730415076,0.2543003052694998,50
1.1019713301198495,0.01910776535953548,67
1.243735364492256,0.021100167259233395,75
0.9644134932716748,0.1369787850870773,72
1.0546632441925021,0.010392478439514893,62
1.0541872676696329,0.21762117126033056,65
1.1143670263306271,0.10700011416163882,66
0.9254752089544718,0.1621097902317538,77
1.2257140828106514,0.1636400424076212,76
0.9727229239138265,0.05120402029093744,69
1.006133058057832,0.0803604799714589,68
1.1223372471275268,0.07367854069893463,60
1.2585967514350713,0.09415711899108176,73
1.1134818649436085,0.10691014898676938,71
0.8239888164189794,0.12092961338661667,95
0.9929846201841367,0.015181114135209815,74
0.9123986571361378,0.03034761421817797,79
1.036686222730199,0.059695920933839255,63
1.1988141434554713,0.1545475342243588,64
1.1471560452888272,0.27290483161526236,61
1.0807993025260545,0.13302559793105442,78
1.0333263130609829,0.05955515618620279,85
0.8929724250325086,0.06809325881901314,87
0.8899760297465243,0.1752208103187067,86
0.9490994037253838,0.09308191479092597,82
0.901372661038009,0.13852638946265125,70
1.2938254786905579,0.050771516150873136,96
1.1845620496581901,0.1435734136356791,88
0.9202854196870134,0.08870931709622942,97
1.0323838247728887,0.060566220691399345,92
0.985251989880956,0.10096492557122712,89
0.9237888152814133,0.11545729200843009,80
0.9112042013837122,0.13087591963536832,83
1.1627982291769812,0.05543593580132714,91
0.8286958340148948,0.12951502947280394,115
1.0983183365815432,0.06490425376582945,84
1.2335813723112525,0.1387945926697782,94
0.9603817855245771,0.14897714789367453,93
0.8431496038113676,0.11453148172805867,81
0.983331008319007,0.14057480398542607,99
1.231828287427505,0.23732847292696355,98
0.86176124723572,0.05802637725508312,116
1.0617983278607537,0.10797922513549839,105
1.0481801171307774,0.10501983547878968,106
1.2433050123503702,0.07491710818465899,102
1.0954214559052173,0.18696230750834286,108
1.264365682879381,0.24059553255005578,117
0.9295039538948282,0.07004707938148776,107
1.0801676049670441,0.1848393593022985,109
1.1042953000485412,0.1582672233686235,90
0.8299428839326296,0.16924279822280963,112
1.0767591811310173,0.08854292888668636,100
1.3436322512821826,0.047900189743750564,103
0.824511116774157,0.16964536289533189,104
0.8313771745284505,0.16846152991481592,135
1.3290255196961858,0.14302471904611208,113
1.2141138969651837,0.13134782755618257,114
0.9435122773910164,0.17474489983859814,111
1.238145463404535,0.08875784214186422,101
1.1501722054086865,0.1299351806792913,119
1.3497332299893,0.1708120654506342,125
1.063560726837387,0.09082682032667604,122
1.1040557717835493,0.20290236466485068,126
1.2134875893618442,0.02380081256393932,127
1.2013064866570429,0.22964524751503765,137
1.1448146323156827,0.08264695126184801,128
0.9210561083891362,0.08254163675942926,118
1.3476111027998283,0.028776239849300164,129
1.0893701868871946,0.06490519856850442,136
0.9301181770787906,0.045414795703999665,110
0.8760251455128234,0.08767435977864371,132
1.0794754983187358,0.1022903490075095,120
0.9124691115005585,0.08681906983343984,155
0.935511155360208,0.05169602978628938,134
1.0730643509942734,0.15801759259805281,123
0.8572206803444281,0.12278170621231406,133
1.122002666703718,0.14090618631366658,124
1.064573832171735,0.2975943765323082,131
1.1086357386244958,0.021033306450988925,121
1.1360113984059392,0.1500439948426584,146
1.0745091768727477,0.05908538303357222,142
0.8387115606109526,0.0953246985973018,139
1.2357491200160169,0.042385318404293125,147
1.1407924098411577,0.06736457370494962,157
0.871960684089724,0.1937149523795691,138
1.0820368364034778,0.08104526990089381,148
0.8831226530960911,0.04837624253244161,145
1.1140116895340644,0.14323593058646492,149
1.1396511273291248,0.0879955743726673,152
1.1065618749874018,0.23402278795384138,156
1.1364707534088048,0.14533671530544898,140
0.9747547577238179,0.1488407569342457,143
1.2602498723221063,0.11340963561489897,154
0.9857007768447424,0.07768528964935878,175
0.9625982713980695,0.018623443111368373,130
0.9780623434693647,0.08420113117320811,144
1.093381562181647,0.05234784262097243,153
1.1627456913260705,0.050748162905101785,166
1.2375295017069212,0.22777979022042324,141
0.9748325755930038,0.061344717971914424,162
0.9471766628185827,0.28231227174973844,167
0.8647573602292742,0.16922380365660664,151
1.260763981585092,0.12810693392291675,177
0.9812286593888054,0.23738595402436427,158
1.1060441665459053,0.0520859125365725,159
1.2855312584891474,0.11325388306350732,168
1.1547946799921396,0.20648915318639674,165
1.2571653179823272,0.08138557797036354,169
1.1155581760550497,0.11208079800787639,176
1.1482875391379364,0.08777181406964135,195
1.2664752621999336,0.060131821968497194,160
0.9870378523641411,0.024987985541537805,174
1.1893393386987068,0.18619123890682987,172
1.1318790634747333,0.14574378411309416,150
1.1534439424274803,0.14738995629722587,163
1.013503037055183,0.027784483170886318,164
1.2816214318617254,0.02374022331880737,178
0.817306834054622,0.06643649916291657,197
1.3307407120870787,0.08556160873984907,186
0.9170366533563956,0.03957849250209006,187
1.0087049268922141,0.15181488988752193,179
1.1230828928240317,0.1315860727192355,173
1.1408971077076773,0.26543919791746917,171
0.960014266807679,0.2727265157101593,182
1.0636175241822066,0.06232203899716139,188
1.0306150790714421,0.19806433628753922,161
0.9501451907360952,0.10886504966020996,184
0.960914542588444,0.08774058992481282,189
1.1044360136052376,0.19206447945191066,194
1.266783115529112,0.11936431063392222,185
1.1486214297700506,0.11220752148806346,215
1.1852416496259996,0.012097321926114658,180
0.8811596993612186,0.17037888973316978,192
1.0271978891871296,0.07681493505296584,170
0.9810145930742813,0.07611966818081883,196
0.8461799385597707,0.12482920372987352,183
0.862502893515429,0.17030218185059287,198
0.9983678350834596,0.06127871359949666,217
0.937195286001597,0.14968466942536843,199
0.9669438857446644,0.06603057781840611,207
0.8628927802772817,0.09401678381043888,206
1.3458039336706875,0.2349365848366159,191
0.9516666313729752,0.23465430561725184,208
1.2680362603367878,0.4316123481066469,202
1.2768564978189927,0.17306004912579753,193
1.1289934144551423,0.07465031150491884,200
1.0285895419029514,0.07218173465397777,204
0.9655349026779041,0.08052960003128433,235
1.0411500317859512,0.10483509293510432,209
0.9519688827082944,0.10524537928280663,181
1.1510631603097146,0.04709908100660419,212
1.0356210698775055,0.19975685974081855,214
0.9821846296501355,0.2381283626133068,205
1.22322757387699,0.09177754265633403,190
1.345157868494291,0.10785299599373632,228
0.9554476082039541,0.04357887195062213,216
0.9979184745896681,0.15872032395717098,218
1.002806776780041,0.07098059792721964,203
1.3328703205010957,0.13099009552156857,219
0.8747345753561011,0.21346627961593168,226
1.2936390190173757,0.2344314298551108,211
1.0162992369778883,0.115958688179056,237
0.9761471795760741,0.06606278279688421,227
1.195655317413557,0.05934466077361508,222
1.0563291687966452,0.11635121421068789,224
0.9321029537143392,0.18788555573481575,201
1.1129338631278833,0.09185865999380916,225
1.1073177888852503,0.14827294404042085,255
1.2999132932321062,0.1049469148596832,229
0.9199280041770923,0.21518006171306547,210
1.1454318917563548,0.20337572599298662,213
0.9972105800224504,0.06616431489037965,234
1.2200129127766455,0.1058212870673684,232
0.9611004122290465,0.14381274894871848,220
1.2475846010345166,0.16064081478621828,238
1.241704390039725,0.11405014853735909,246
0.9097802354698561,0.20935449990731816,239
1.153487397261848,0.11268298064130351,236
1.2118603717587377,0.20799751167271185,223
1.0659191523877858,0.12492916167678247,248
0.8936076026098663,0.1740504082403181,231
0.8338676281877575,0.17271115743238863,257
0.9919741570220475,0.08885696117398255,247
0.9339288077568406,0.17963035654097464,240
1.3430829870737795,0.05200817437867344,275
1.1343023791730464,0.16679914750613983,244
0.9687556931846151,0.016484297812445686,242
1.3102687876873285,0.24873530862795865,249
1.2683129216143083,0.3774257944830403,230
0.8914541679632465,0.1416768455773575,245
1.1040935390208348,0.04122871336550671,221
1.3394479186752712,0.06544777798066241,233
1.1565923303061914,0.10356379847992477,254
1.2190251576013955,0.2161803401449361,277
1.1399545479365627,0.19550356682213121,256
1.196639438481973,0.21432472139301884,252
1.2843936997681586,0.06143246051833227,258
0.8755896117436653,0.3630405796084051,266
1.2482857060628085,0.1892957030504833,251
0.9823139264576343,0.1453048978463926,259
0.8137996637985874,0.07076639534904128,268
1.140100481379914,0.09069589232394108,243
0.9970823233710006,0.12434647004009938,262
0.8838987967643038,0.08889737651462867,260
1.328191753460569,0.12431681266661723,295
0.8637828973408292,0.02894870631785782,265
1.2976987168016265,0.09289506313098453,267
0.898589481523555,0.14018703976384056,250
0.9852688388994346,0.17936738870006097,264
0.8170364525554159,0.18049043469100748,241
1.1834288011775491,0.04395553624732553,253
0.9943728513175207,0.07197333763876616,269
1.1564071540217418,0.05015698837002239,274
1.305637141562295,0.10427174204164578,278
1.0825233704319426,0.1950235486894521,297
1.100860528527722,0.05819005369601367,272
1.2380709586311407,0.11197031200917261,276
1.2782101993772719,0.03610724353520017,271
1.0269139355416899,0.1259368618972813,279
0.8356163509174299,0.1076235428088191,286
1.202865595575452,0.10872209771129815,315
1.080749086871442,0.15620810190670584,285
1.0062069556190565,0.15179356308672357,282
1.2902519218174673,0.1221102915384602,287
0.8162453884566273,0.09363523416939057,263
1.1046270995027103,0.09129593598735264,270
1.0408489740743427,0.11653039361160165,261
0.9792088646003585,0.028445306900578754,284
1.05052963095004,0.10656325061725434,288
1.2571332944289686,0.08330485598547036,292
1.0249921150880348,0.14130733460226488,280
1.099376155002121,0.12229466235381095,289
0.8104451944857683,0.19456180468144038,298
1.1122707523110953,0.16594961547220283,273
1.242022218602439,0.2293192211780184,294
1.060447847290034,0.10812102213890791,296
1.1836420796700629,0.1758716556306175,317
1.195569202672388,0.05986366152970676,291
1.0009218854814041,0.15035899094335656,306
0.9536947958154731,0.04917021393517953,308
1.265382256222645,0.07130531699049274,335
1.2969177898637172,0.13216603815318717,299
1.3172574790977138,0.10307853697983343,307
0.8294760605325981,0.09180493715498173,302
1.0729107166022813,0.08378480374501131,305
0.9609491703518802,0.14119074418621855,290
0.9296954752938978,0.17724993793786006,281
1.2174822187151224,0.17021745139644306,304
0.9274534717596331,0.25667700851314595,283
1.321884230891815,0.10183519123102487,293
1.1151518002563625,0.17587310191957953,309
1.1499999187866012,0.10475211566449401,300
0.8866833012023037,0.08779845031531729,312
1.275313702583206,0.17735556816377684,316
1.0860322957111626,0.12419081717983843,318
1.0768915169319782,0.028986586211925475,314
1.1314359890068395,0.10889839390369441,337
0.9899186477898124,0.10181865003598985,328
0.9380672033447714,0.06625025992443898,355
1.0878706951043366,0.241517037813449,311
0.8399115874631928,0.015852198314466586,327
1.2438302998347444,0.06779930520338878,310
1.1120102289018972,0.2826973375176899,319
1.1612205102236415,0.1606613681621818,326
0.9835171340988936,0.0882111057809031,322
1.092366273383246,0.10438064373111738,301
0.9607152067575917,0.06827071841999875,325
1.2341420991340053,0.14342218434313597,324
0.8518715661015627,0.12950400362843184,338
1.007524404355164,0.15569427465722951,320
1.237852305886248,0.11169182081651773,313
1.1582810539082622,0.1840137548488778,329
0.9789668729795008,0.10396632362908748,332
1.1777285368282109,0.16165926839363678,336
1.253738707389814,0.08540679676157488,357
0.9950446359159246,0.09317666382878721,303
0.9086737990215416,0.14442913562930326,334
1.1344195818528067,0.25483446973284507,375
1.1174282713783565,0.16391364976464518,331
1.0122932024942481,0.1860081321739512,330
0.9751951003139316,0.12597483365166265,348
1.125623442325948,0.22376566345601298,339
1.0682582186467708,0.2424656710948987,346
1.1893753410571453,0.24779620350270673,321
1.0771375198874087,0.11651116422877578,347
1.2261873094251612,0.18376904668693061,342
1.00711280834386,0.1022846005870911,345
1.2784489614723449,0.03869729265819002,340
0.8364750558125672,0.1875707252463902,344
1.1809625887747321,0.07452510135184402,358
1.1132605431205764,0.05824977636824057,333
1.1853953153312415,0.10274669976289436,352
1.3359184541723668,0.10443791783486452,377
1.0879402074234763,0.046550485641598534,356
0.9840082461454218,0.1856361024075578,349
1.0829348886546737,0.14352268623661715,323
1.059205785741758,0.2175174952375211,395
1.0899074105645234,0.07825417063346977,350
0.9411193507192112,0.20660035622706127,351
0.896960718474991,0.055987363816617425,354
0.9063162092484343,0.0764820231572555,359
0.9830454264126849,0.18141347550010914,368
1.003881765803385,0.28156978106610436,366
1.0624890859083918,0.0875656217884366,341
1.2000626850159746,0.15600238291888313,362
0.940004329985423,0.17565863124904635,367
1.2513139720260884,0.16306503359429175,360
1.0198217547812336,0.02267092216662529,364
1.1201443705287841,0.06801012080174106,378
0.9871438746858299,0.08075867149228894,372
0.9744370683858795,0.08733560295811063,353
1.0994857051929636,0.11891580117331171,388
0.8636114643505096,0.07611480118392681,365
1.1976975115253392,0.11146232977935507,343
0.9871854032984548,0.04797020523341633,397
0.880647139727633,0.11905810835049382,376
1.3128933499430875,0.15685759969306334,369
1.1744971056108058,0.010377174399044157,379
1.203646702795586,0.07739347717519507,371
1.2052949312281904,0.13619350982389572,370
0.8127386318903139,0.20639002678242946,374
0.8684051354193898,0.08385105698274359,380
1.1073320416115788,0.09152880229405913,415
1.0263803844444406,0.12666510210841866,386
0.9498893015854408,0.12920011027612696,361
1.3230517612257686,0.1274600151793885,382
1.1524931349473122,0.058602203143446566,384
0.9995345562468478,0.12179355131547079,387
0.8793322127974894,0.03422858562784937,392
1.2832469138415352,0.10347499100898216,398
1.2808928216567637,0.15091000247172678,363
1.1819372200216467,0.11057848436245857,417
1.176643635667129,0.21950836698447704,385
1.0120880357788786,0.07274908857707202,408
0.887085049273534,0.03927640739897576,391
1.0300107040120057,0.07879483275732833,373
1.1253904412873137,0.19137909712739534,396
1.280789457344808,0.14072762847131026,389
1.1320293970126885,0.09321226277493873,435
1.0838409726836233,0.17183415517811462,394
1.1512768700365308,0.08731737823361319,399
0.8871727342098974,0.011270155335542814,390
1.2004314132014247,0.1499447220515093,402
0.8211078851672582,0.07586710239099177,404
0.9791368311859854,0.07890304234055459,400
1.3470149626615502,0.25119172515832583,406
1.2651944654409502,0.18511502237092048,381
0.9618630453511532,0.10816273656023086,407
0.8117036732593169,0.1315593264767847,418
1.029201828738257,0.24425650026730047,428
0.825218372488,0.12627903154794407,412
1.3082210598990958,0.052132851283897524,411
1.2596829424333067,0.05720844390532729,383
0.9303593328917686,0.22122866655010892,393
1.1187453685779505,0.19418969512979517,437
1.2400458977944575,0.11735390479000425,405
0.9949147783253326,0.07718393084720844,416
1.3332120131780174,0.07977381809999304,410
1.0233934759779801,0.08153866124461007,409
1.0158264332650508,0.03466405313906292,424
1.1735436173331033,0.07574935817682443,422
1.2032162412709406,0.16769230725519915,414
0.8804886543572354,0.2894991185698905,455
0.8552935383921815,0.07005199449415447,420
0.9253595132140114,0.07491337458414336,401
1.2012246592494489,0.12264196196762721,426
1.2800200063239175,0.16235735371634874,457
0.8473041049763301,0.07424989698202751,419
1.2232291302967786,0.2118578880948978,432
1.0186554243796564,0.10091303400116136,431
1.3450134921213923,0.07131747181985118,438
0.9568611336481614,0.11532479748760814,403
1.1321541827865547,0.15150463625789135,427
1.2519350127034208,0.12410512212690328,448
0.9440171024638913,0.08206443189659973,425
0.9609684966532226,0.10331344268552418,430
1.3094221362963703,0.03215412366594381,413
1.3244242915288325,0.11500798520477123,436
0.9788288193558435,0.03735107589044672,429
1.0415842791410377,0.06906554673330263,440
1.3328689547149106,0.32040578803279307,444
1.1273353057179496,0.1333097016439172,475
1.2318846766171891,0.027207581935883126,434
1.2728355809455512,0.1038698680241919,442
1.225538612071503,0.1164730418614171,421
0.9164167662345658,0.12692927594376213,439
0.9555845816374307,0.12825114954565825,446
0.9523271217816048,0.1873688019803872,451
1.2227079878245797,0.23002402277748987,468
0.8912885442700221,0.06850007982399582,458
0.8986999611798606,0.10685095039564829,452
1.0563573405558913,0.11131245269326864,477
1.0649862092583224,0.10902995776424321,423
0.816006168368306,0.1079757744808812,447
1.0640700265387744,0.1242737566493203,449
0.8551131366306919,0.0937419531719284,456
0.870300115115659,0.2074760722429106,433
1.1393265587174077,0.17001895983420373,450
1.1515192739407323,0.33339533500897983,454
1.2738638476834374,0.06809838249418075,462
1.164327847519691,0.183375784436426,445
1.3078245273231386,0.14820434602770444,464
1.0914410848017793,0.08620519998507761,495
1.2020614444916071,0.08426249222153388,459
1.145397810478363,0.18118100965654826,460
1.3019094960794448,0.07957405906002363,471
1.1018091730425819,0.10007951392749825,441
1.3066944817385597,0.06006834495522589,466
0.8145297684779911,0.09336318701715335,488
1.3086573879177137,0.17525888440245996,497
1.264756171122443,0.27302534413792134,472
1.2370050820804415,0.05616296279823682,443
1.0381356381627955,0.03292807498070576,478
1.263761143263225,0.0570365355431856,467
1.0146258199516023,0.066665520386915,470
0.8508179025399991,0.03548197739351976,465
1.0247151594415675,0.08347493329895811,476
0.9641887063108195,0.10405851856012312,484
0.9873127348621722,0.13125492234899944,482
0.8101214436730034,0.22480296544963385,515
0.8886138146311118,0.10669765222007228,469
1.0259116522644687,0.014246859821869587,474
0.9864565571438707,0.11414127634902826,453
1.3242560668252406,0.023943429177655524,486
1.1900680494513427,0.174136119414176,491
1.3013045404760137,0.06939598984861815,480
1.222044291315168,0.17691366935605005,517
0.9396637469435841,0.09051526076249422,498
0.9320181366195928,0.047390572303177135,492
0.8673228288138755,0.1600209855037617,479
0.8844547444953028,0.10125135449651212,461
0.8651526419922604,0.1792523059219051,508
0.9216250770102585,0.0601922678691007,463
0.9446748545230605,0.07750764458737347,496
0.9985852613569615,0.21987019336223815,504
1.31981636130021,0.05521313411148013,535
1.0691685430196738,0.09189602944158975,490
1.0555014531524012,0.1451098891002472,487
1.0402722335359826,0.11116631737818175,502
1.0078365916661467,0.28049399092481664,489
0.855972238510551,0.14969386985350563,485
0.9320034499853824,0.08641920908579072,494
1.3472764177454866,0.08019243240149346,511
1.051714133937296,0.10257458551274562,473
1.0957496758872156,0.09744706999446631,500
1.0436719728737958,0.10104784449278337,506
0.8806890523918851,0.2544520612250168,518
1.1878701160925405,0.19662651870084738,537
0.9704577038338179,0.16276558090209278,499
1.2936439853741766,0.08583596918377963,481
1.1318865056902854,0.20450594739022862,512
0.9874204945059992,0.0169019853626437,528
1.3149755346192138,0.055140121964859706,483
0.9524807093908112,0.12341828830306711,510
1.104953805170183,0.17297598679799472,522
1.0487106300522728,0.07176446801734608,507
1.224644524031587,0.1913358469858796,555
1.3056275001186395,0.016363846921961505,524
1.3196308889532833,0.19997220546628197,516
1.041182353358851,0.06686741965947988,505
1.273187342997257,0.08704592355934314,514
1.2772214358005836,0.11382104079400286,493
0.8347614283288174,0.1265412425058619,519
0.9737169155574688,0.09557033432333091,531
1.345374500156079,0.15760288089172048,526
1.2029360762564294,0.14133965227807563,538
1.3472939473076009,0.19453949123934036,557
0.895220090233353,0.23437009072201606,501
1.133523342295944,0.10037557763667351,520
0.9219334503535693,0.0771926893213923,509
1.0521050293053233,0.07949404187837511,527
1.2218230802419747,0.18434354695804794,542
1.3110466320046497,0.09017451256450419,530
1.175834507746814,0.14096546830263965,503
0.8722803128069314,0.1591886653476292,548
0.9277522746195341,0.07220686465984559,532
1.2937809531624709,0.1361806687542286,544
0.9079744746317192,0.1282958157418922,575
0.978252344580028,0.17641208625686278,513
0.8547598377674395,0.19736754048907057,525
0.9949679109386769,0.0805570431787207,551
0.9334452086847854,0.12440227341869646,539
0.9461304404527706,0.09014397090668064,534
1.0018773632010376,0.17259897544937497,546
1.3363927802059652,0.11229578888663148,558
1.0841803246044877,0.2100195726271543,521
0.9000494620848832,0.26376269782205314,577
0.9790039750109335,0.1891654486834783,536
1.2717247259257662,0.028804879098301536,540
0.8566531350564337,0.3174804422927091,529
1.2779739301006192,0.022551525095621333,547
1.1405137111790855,0.06300540943546722,523
0.8130204151249292,0.008017985584422382,562
1.1035869908054925,0.04888903417116233,550
1.0418496711335539,0.04162505103581299,568
1.2003555248929985,0.11714608408634952,564
0.8761931117831746,0.20099180504787906,552
1.1577644060406818,0.03961454989111904,554
0.8969720314797894,0.12169036581455323,571
1.1855252030604184,0.09609301888058482,595
0.9263627020346888,0.12227938137187158,559
0.8777537859567678,0.08606755034423424,566
1.3138406845866009,0.17625729627055772,545
0.9992816325693665,0.1436432020851046,533
0.9569364222587653,0.08182341612482213,541
1.252328014334514,0.07327380018927433,556
1.2127996448684408,0.21104394515432467,578
1.3157639127736425,0.11041049782530532,597
1.1626137349527041,0.07527079828096095,560
0.9212969046328593,0.17294393050888485,549
1.1643988628792916,0.25786961955759025,543
0.9790363836701864,0.31844277278170013,567
1.1916728952551119,0.07650008900931148,582
1.109312416044962,0.09019673009645383,574
1.1061790026904368,0.2203509797601318,584
1.325017331408402,0.07025111885662988,570
1.1307818765340485,0.12278473281293115,586
1.028524146857319,0.10770045943153349,579
1.1230340538517194,0.32341493181360886,588
0.8536166819878217,0.148348647015172,591
0.8458336982804783,0.154785455023931,553
1.3162339449134781,0.10586458328116084,615
0.9610403827763382,0.14082941145908331,572
1.0401199103294119,0.13893033787881,561
1.2179245807825636,0.17664954748707318,576
0.9510610443585374,0.14296498753779457,565
1.1606865577020287,0.13745116435909607,580
0.8620578136679076,0.18003454163757437,617
1.0125101416921098,0.1052054490977516,563
1.097818669481231,0.18580062955069157,598
0.9496729034315794,0.17614296576230692,569
0.9814776573150997,0.12036451291705962,587
1.110812762572559,0.05634853639262514,594
1.1023941180793757,0.17316701649111876,635
1.3295700546363953,0.12873948344752237,606
0.9467283192891497,0.07470543419129322,602
1.347549131122228,0.12013225559639198,573
0.9965583414257086,0.0408506014942414,611
0.9542755319076991,0.07773901455272128,608
1.001133439978454,0.1157795658429261,590
0.9245527133672351,0.07538891111227436,604
0.8297916953619597,0.14069475884052654,592
1.289823575875606,0.21759534593214666,583
1.110514028820468,0.12518127487257596,596
1.1786891761421188,0.21344891366747798,581
1.2104479426425165,0.13340772336125373,599
1.3146817323841768,0.12076063033940956,600
1.2050613496197164,0.02394402590060067,637
0.9812673478764155,0.16095810238134145,585
0.892064108101244,0.02676170013191432,589
0.8313517779276387,0.19382900221538257,618
1.0053758590990673,0.05773155578929873,607
1.328493084563009,0.007794888768192943,628
1.3027631364983852,0.14014190308317517,655
1.2685931459200872,0.03479821930771308,626
0.8783012432926305,0.1737029778715234,614
1.0733834231360442,0.0577631616678738,593
0.8156419358482395,0.11743308728700373,622
1.0094830878212637,0.08049022108255662,631
0.9866536360980399,0.15038451015960055,612
1.2754550622063916,0.12886002874839136,610
1.2585922849193205,0.05720932313990278,601
1.2821311903001131,0.04618778256330744,624
1.0259456455732037,0.17731948842583134,616
1.1153424243152918,0.0779880905531512,603
1.306892213295745,0.08097385600272389,620
1.2181012743063222,0.10587112019143381,619
1.3160490123084168,0.11137985186126963,657
1.268000804890713,0.10885127126420416,675
1.2693090159460236,0.25327204110934787,630
1.2647821831462194,0.11243059916060526,609
1.0381059370562697,0.06532719910261627,605
1.2593610803131385,0.03216142866796739,638
0.9340764654329174,0.114248216118573,627
1.0190841840278353,0.048383630327554814,644
1.3122910193362236,0.13937253017288456,634
1.098103956656942,0.03803042682837245,646
1.0319838694410424,0.032587231363585295,642
0.8604797390076835,0.11792931325110614,651
0.8146432283987513,0.04650543696477854,613
1.2170653410225067,0.2697682704174359,648
1.2527601247388729,0.26869654725744013,632
0.8879413460936546,0.11561980007869242,623
0.8562941399495451,0.1752622888187265,640
1.2242316934125332,0.10441157416218405,621
0.9046216280681082,0.10880685568705101,639
0.8428163824827306,0.1986082338829553,636
1.1673154932134198,0.1532808381557275,677
0.9838115057053611,0.1474389978239243,629
0.95285072214628,0.25808658599562423,625
1.0393162992135094,0.07970340294980993,658
0.9442170479085501,0.0941280110367771,664
1.286599677393801,0.08315118277813591,695
0.8729905881514255,0.10016214999367219,647
1.2648245380261147,0.23974374439802495,650
1.1058479078198125,0.31010040169109887,662
1.3214094477872087,0.030570111033522418,654
1.224205734307711,0.11918765348766663,666
1.232676718915791,0.19255022303872882,643
1.325685562595202,0.06887709571810663,697
1.0333370327442488,0.11700417207042653,641
1.3353474541654407,0.07550064659992195,633
0.9112825855871769,0.14518463762559794,652
1.0014431982541698,0.1648543255322777,671
1.2639355997831543,0.1860831890652005,668
0.9261016309107925,0.0986611347293428,660
0.8778961641590342,0.12758534994672435,684
0.9257013628757997,0.20218750745752098,659
1.156916046663472,0.0992310549687124,656
1.2122790416156397,0.02646776023905219,649
0.9440670141338366,0.23487379643707432,645
0.8992632167087135,0.17427307237252898,678
1.1908513245350127,0.24644338939449675,715
1.2977990785064177,0.19281828132950027,667
0.8413162269554553,0.12388752104511919,674
0.8914389332447585,0.14726267891899766,682
1.2407358018359111,0.11949168352504601,686
0.978177076879293,0.12886584597063344,672
0.9266482165428569,0.004910131035702455,717
1.035545772594397,0.21910984989465085,670
1.2221474631885916,0.08877924633190393,663
1.305207737068178,0.029302446474931923,680
1.1297198355637197,0.1302146013045618,653
1.016998414155992,0.11738617065473447,691
1.2542923618426494,0.12513657091581082,688
1.0478247090968946,0.13793229958479356,661
0.9306662104804804,0.07494125209117647,676
0.9247902390674682,0.14132894336230584,669
0.8917144168433863,0.03347194434458355,679
0.9406659356046718,0.115182242018762,665
1.274182781634586,0.1523868245423815,698
0.8573224238005034,0.10499462592156408,704
0.907100151678249,0.10814038739296972,687
0.9560458440612316,0.20718533488647772,702
1.3042490526063277,0.309780641695224,706
1.2095168554821047,0.09013299440493827,690
1.0745396665731315,0.20639688406831566,694
0.951155683999012,0.14636672005134366,735
1.0429365578367866,0.19198808274974108,700
1.0875576875934394,0.14936463274737596,683
1.1404155482011695,0.1374896710590976,737
1.1503616461307098,0.044234457690619636,699
0.8110113015945577,0.17019874231828325,692
0.8819517752844636,0.17410343692376876,673
0.9403267263447017,0.12016953322084384,711
1.0265107423867939,0.18370813366784988,689
1.2805943432037008,0.08466751903762718,681
1.128407041778666,0.08473481968277059,696
0.8676661760952694,0.20316942702466934,708
0.8398549293893186,0.0735319703438152,718
0.8448426317847759,0.0742407329636997,685
0.8269964739186537,0.16278660684171287,722
1.3188714225377507,0.19501499831493949,726
1.2466135190598846,0.15600693236713467,755
1.147624370951493,0.1307993598629754,710
1.1889614978328993,0.030341929822757092,707
0.823725576871301,0.28027262947860476,724
1.2857001421306675,0.24875628910342665,720
0.9358028791862363,0.1386735287686627,714
1.311683535186505,0.17047693428365543,703
1.13538022920825,0.09534231609811328,757
1.2172164993899734,0.14218561745312494,709
1.2714763669331723,0.050067761020593696,712
1.242388582235995,0.11342868118218206,701
1.3425234522722223,0.13413637224036498,693
1.1683901159904109,0.18715115487150447,728
1.340715382785256,0.19965677362546475,738
1.1455770016264382,0.13291421897658345,719
0.8509444437683938,0.2314132121381372,731
1.2583614012083715,0.1883765457033189,716
0.8244268532540996,0.04372859844832515,742
0.9026668322516465,0.21899011163993973,746
1.1149562090106508,0.06745346886242085,775
1.2327307818621855,0.15804193959625765,705
1.0334076624709465,0.20672925395276265,744
0.8143550373624634,0.01478941828399531,730
1.220888908922756,0.17763182790583587,740
1.064052737652923,0.2010631462692315,727
0.8491313221839042,0.2369386391433803,713
0.9673321324816261,0.2169035086046317,734
1.1815039729418408,0.1956219659893299,777
0.9396982015650674,0.1456987836535461,721
1.0153006243899716,0.0899337319986364,751
0.8241652741984924,0.13042945155489027,748
1.1765132223954828,0.08822122447614927,732
1.2777505311921056,0.07581994921566085,758
1.0486489636927516,0.04140182695754094,739
0.9010567733500704,0.13529933260438518,729
1.2386031280779926,0.14801165640334732,723
1.2875323035211501,0.19421197182698186,747
1.1992736990708335,0.11590833339159189,762
0.8337212999976799,0.10223132301621521,725
0.8611091054813674,0.17996363811399274,750
1.305342749111653,0.07361146187927001,795
1.1319926822395254,0.06445626360904816,736
0.891740661263721,0.06168320734928015,764
0.8614622316744637,0.08243666022858179,760
1.105797794350318,0.0311249099965121,766
1.2787721297992902,0.08592982540089704,754
0.8814932798110476,0.07894083341614401,771
1.1985354394541892,0.0801950500014403,741
1.0879430498169027,0.045073836652650356,752
1.2230700788692035,0.0599223227099486,768
1.1449417813088132,0.1075505826538942,797
0.9217783683636092,0.20626131080078314,778
1.2682205625982481,0.06405058910945687,733
1.1912428372271788,0.12274670592983612,759
1.098382416077365,0.23480320285576248,749
1.036198608040323,0.12664322213329837,743
1.1991085836016442,0.05606772128251632,780
0.8100881166675291,0.1854088694487187,767
0.9346713923111698,0.05564499333743909,770
1.1100969690641387,0.014744068990164304,756
1.0290511270984706,0.27485004337771635,745
1.030403440133474,0.15699200896634424,782
1.0591791569424025,0.2219634695798688,784
1.2199383991870414,0.0920594103170283,761
1.1336220057298134,0.03518619798043853,786
0.9909260742211854,0.25454950441447016,798
1.1298457112671438,0.05251707101923145,788
0.8098823818412627,0.1305552394529243,772
1.0458775034044518,0.10148943400359518,774
1.2654109196249639,0.11202003643130583,779
1.04359208942057,0.02729692490956905,753
1.0104928036070842,0.1544504613331013,791
1.3341862208562545,0.027530481381445107,769
0.9796225820211607,0.27423144361426993,763
0.900572730042547,0.12130280488965484,776
1.1834892696855637,0.11474458465543563,787
1.1187085554427418,0.28577708669083496,765
0.8565797251233913,0.3180605847266178,790
0.9492001690311176,0.03173247006406596,794
1.1970249485086375,0.09298582392983162,799
1.3233201162153543,0.13482041279229806,792
1.094566864863162,0.0855831866304766,773
1.0721220096089765,0.16548802648644934,781
0.8991051179817453,0.13031432242661978,783
0.9975681035337497,0.049992952778602384,796
0.9935243141510826,0.09378861102425642,789
0.8765011852948853,0.170052930064699,785
1.2358247829002234,0.11377923508983419,793
