28.043475389069485,0.036143076095869794,2
55.842948005700386,0.17522734975255605,1
72.42216269525653,0.10212126222857479,3
40.074976850518546,0.10784518786295266,0
73.72883485306244,0.07635057163514862,6
35.04860951371965,0.10511575201948752,7
15.359077344749632,0.20965184242241577,5
74.20302100830915,0.11695346601539205,4
58.790576485863674,0.1359483786744212,11
28.290311016902926,0.15291226990083087,9
25.87830199922393,0.15416702141880056,8
54.253081611036166,0.16431172395702356,13
21.55634215590472,0.17381764158354462,12
32.44358168975405,0.15581051029195034,16
53.083136408852894,0.09747179640192437,20
74.22858686579985,0.10933029183838483,24
18.756362935728443,0.1534285865021371,10
20.089918121396636,0.16412151443669354,14
65.7148125029199,0.11558124548452192,18
55.0787254506081,0.11542828209838403,17
58.51203730307845,0.1261301121845404,15
47.96039125904447,0.12157242757034714,21
31.541902286684703,0.19860944419531595,19
65.5743607628717,0.04834437296209191,25
21.590064751152486,0.2033974459929235,23
72.9314057248385,0.05700438642559859,29
32.51766224935553,0.17849915131765418,27
64.8867213410617,0.05592890443770258,33
41.33760222130197,0.19030590426035768,31
30.905743162535703,0.2880475500070585,37
23.983360241853596,0.3388216836664484,28
54.093565471673145,0.11111439142659162,35
66.70719004383116,0.01581538549032976,22
44.30315007485475,0.1763695641601568,41
74.44548420883629,0.07515087008973736,32
62.27579386379289,0.08721431987317513,26
15.48608200962124,0.16268735208713286,39
21.249021824715427,0.12858528629118426,36
38.72653652764257,0.15458187273813426,43
33.84498467830267,0.10803801048783149,30
64.60717486911699,0.17908115273572547,40
15.359425189822764,0.226591122448615,47
40.95467226439611,0.17817605518610882,34
33.7370733200761,0.11081989021923576,51
44.659270116132305,0.08344306595415037,38
28.97808450558935,0.14768025902874313,55
46.207561574177255,0.16933561207805242,42
56.83137490712335,0.18188128339929938,59
70.0903210179566,0.13871171886861022,44
54.063051669381665,0.10513825749737658,45
64.37048672367308,0.183835585504317,48
17.503792896485646,0.07676567003075456,49
61.049685094998935,0.13162966918816743,46
24.232531792184766,0.11178642531993976,52
55.522963298477535,0.13370280218870786,50
44.04080733781657,0.3203921838864704,56
55.03869179423142,0.06919034401951081,60
21.11475061342827,0.15923534933749403,64
18.385616866761787,0.1403911339848831,63
32.603659064699556,0.18575301849767553,54
29.695109531868216,0.24951148655863778,53
52.52665449198082,0.04580699511657679,67
52.73209381703012,0.04088413279641828,57
29.396301106201953,0.04355098204303995,58
18.796615383675086,0.15768479316000816,61
28.29201884596663,0.16355665637217864,62
42.10471467163279,0.04812188255754412,71
40.861184426901076,0.21489536582413057,68
17.70979167441617,0.03832419253977903,75
57.06115755720762,0.052729838761873885,72
23.41532454631479,0.1698024083583116,79
49.849820957988925,0.028154738742569015,83
49.543367635429,0.04525260874611796,87
69.42497290959864,0.13522399365614957,66
74.23526144573279,0.09723505704724068,65
61.93138349772066,0.2497781626402356,91
48.15250446256613,0.010700850253704285,69
68.59223014799448,0.13013780005212983,95
71.64266277014835,0.18167065044084435,73
17.045995121908344,0.09800475230035402,99
34.381398615233635,0.0379227285091029,77
62.6822451380256,0.007657431873545558,103
32.85952969266074,0.07239959232839942,76
22.88251046484272,0.08807374430538475,80
20.2848654247871,0.12638712973804278,84
46.09077925434504,0.2739550688026266,88
30.940767546178293,0.20721286459901128,92
72.25073028283316,0.1161569014290743,81
73.99577073667248,0.11172646530340256,107
31.70153093983164,0.14362064393472668,70
63.93812298417244,0.16458832613754637,74
22.89832140286392,0.15600327279762813,78
49.09084213406334,0.09298455806995888,82
53.595850005051865,0.14909711030871967,96
48.748305393309835,0.04301790684659873,100
15.4494247897994,0.06316712418497726,104
31.87573245434057,0.16446348490719442,108
30.462916226680107,0.13327254444263092,112
35.23366575470545,0.10807603945088161,116
73.95912574722462,0.18935256370257714,111
66.98698728278612,0.10144554114387777,85
54.83841797021413,0.21917642299174586,86
73.24323746851721,0.14742583639066,115
31.864962138722387,0.17717612978670372,89
62.70626993299559,0.05063084992977233,90
64.12521434330236,0.1236684897156018,119
71.1296192617563,0.3317312723935382,93
70.30884581456056,0.12744469835293865,94
34.119676357259074,0.1332954907773246,97
47.78025702331067,0.0672791571722431,98
52.35936920112809,0.08240570569790376,101
66.55280700996047,0.2027290953272638,105
25.33492356687352,0.16933453471784715,109
73.80925507755028,0.19718644300600124,113
68.78561452523618,0.11884653846731141,117
67.25306392211087,0.17104711172337303,121
38.15648208810255,0.021035290952565934,125
70.45398659213726,0.11005231136958121,120
51.82435501359959,0.08865988812296938,124
35.62267204099827,0.10329711468612855,128
29.474400989868776,0.20983533894490303,132
30.365112002781636,0.1639371294184786,102
46.49077108207181,0.23842462450452848,136
71.77947851638136,0.04577374091706504,106
48.71098267157684,0.20765483135360474,140
28.010856521083525,0.12279546405178293,110
53.22813506653432,0.05204128048957695,114
28.10718335265264,0.1760608499794687,123
64.09963553485565,0.22757534077696487,127
17.777228078199073,0.17279489006081317,131
65.76520137959378,0.02010983261408976,135
17.548368569693217,0.008521424953933265,139
23.248770280352467,0.03614508586586491,143
26.06131257746079,0.10395483377026463,147
53.06767417780456,0.20723089377211137,129
71.58076513654413,0.09546020946379422,144
70.10208436279893,0.11330392185817771,151
49.14257400706069,0.1284724900075588,133
28.88889442961853,0.11978687511498437,148
49.23182648657937,0.18469000594481538,155
40.37973655162117,0.07350413653679264,137
19.534069640226093,0.19722995633224535,152
74.44697284330906,0.09435300953644693,159
56.662216975835,0.08863547576640889,156
70.93567003299788,0.15029438421822366,163
15.105111774438754,0.0780773437143674,160
67.13778811409945,0.05168040816522267,167
63.33883229693569,0.20174050142835448,118
33.980848188638014,0.1923866291077552,171
17.159821675792596,0.1445403237411592,122
29.878743997735047,0.26738028576369033,175
18.15655765025159,0.0244605461632466,126
18.643332290452797,0.23635046777867774,179
71.57626887541649,0.06851969385903116,130
45.07996585758727,0.10763421724695106,183
42.99604602475458,0.03929789035443969,134
23.164976142473535,0.18648940277634615,138
73.94686162266746,0.15266156194268585,142
45.803134889914496,0.252388025993674,146
65.59363861095483,0.09340866416098594,164
36.66169481080898,0.1278384455870404,150
22.529254003975524,0.21294314493497757,168
56.60899427599636,0.04567990930013585,154
40.76338048939501,0.17922054252862862,187
25.683047570573276,0.07259328616069469,191
51.243784229218534,0.1676442875714354,141
29.958948580557,0.17654504812657096,195
35.175233132357405,0.17252037581359303,145
60.29865314724128,0.03717462359146153,149
45.261968254673334,0.13585600127144123,153
21.64160287295457,0.1419364051398533,157
40.3906795875992,0.1907174211655085,161
54.82192306449782,0.16068333447527838,165
28.356172129339903,0.11921802899588647,172
65.51650406501597,0.20188505509979301,158
43.10454142783592,0.0627097817565445,176
63.128276646843155,0.1596906468859756,180
17.960422315098374,0.07870028095691568,184
25.560534814215018,0.15064697302906932,199
63.373278542540504,0.2237914297990575,188
51.288721044379926,0.12206071492332903,203
66.95800533290192,0.04298061964555553,207
24.78940121608884,0.07306212513274349,211
49.184459171971014,0.0741932740487661,215
17.446737595507777,0.11654245937466656,169
57.96137125859721,0.04264008071443665,219
20.59658760015507,0.13228610308507616,223
37.572480359454715,0.1384513098290989,162
16.740036037623206,0.057121425609306636,192
22.29243071509877,0.1616136166220599,166
39.2002067922104,0.14840844432015993,196
68.21623600483599,0.06618777540632882,200
50.32096730192067,0.03417128622991968,204
26.743947887391585,0.11247242624490546,208
29.101985858977425,0.15106546121915027,173
30.151323952506814,0.10226849368088814,177
52.70817406099812,0.04788590512694171,227
35.98395716377548,0.2479611354380253,231
18.65792301455388,0.07049056215794566,235
52.73899236752719,0.09372778858749961,239
66.66571213004434,0.05230072994745501,170
25.691003856323007,0.059336244991603684,212
46.502589890298715,0.095060043346612,216
32.49896352481196,0.024427593378954036,220
37.448971516885805,0.014122454353930357,181
45.01881182509961,0.17858020371924843,185
16.80449866113325,0.09346986181840881,243
47.69082291621145,0.07183251283971134,189
37.16021384070649,0.13496808487283765,247
34.98748565029987,0.2348408524635998,251
71.93661329987228,0.21004962768189986,255
20.294424361935402,0.02459037689200383,259
44.89558385090825,0.026970478607187737,263
62.44068464483386,0.04630033022223988,267
32.550236021783796,0.06519200216174068,174
48.62914520169996,0.0633798525631706,178
49.780964661628275,0.10565115662382525,224
30.19219958535658,0.056591803489316556,228
63.308616412332604,0.0890987474839596,232
24.514660183981274,0.0777338711087634,236
49.452457285685725,0.09346027431471488,182
64.72935379951774,0.16831259242320448,240
52.99078258566445,0.06891688170830633,186
67.22417624336086,0.18945993820207968,244
74.92184751910708,0.13699820320407308,190
21.24805852616561,0.07872088942819483,193
58.45449350075556,0.031920744160726995,194
50.658332285360544,0.09494407595148685,271
48.80680170322105,0.14079287997021064,197
36.42255171158502,0.15258026658002016,198
23.447835437767875,0.026952509374351598,275
45.82353138007092,0.06199312654565381,201
44.47930091549962,0.08938639658061856,202
55.951158364490205,0.047138215043802625,279
27.2433750961402,0.20738189794022974,205
49.55617155750524,0.11195198009332946,206
49.192778436931995,0.09492194368394467,209
17.44182973625712,0.14997903571410606,210
47.33274238166529,0.10585403137647312,213
32.18479831102006,0.10906507301019824,217
70.77815778144462,0.16512407681269015,221
38.34507215479727,0.14581279913066592,283
32.68558853972824,0.029602125182312075,248
66.94352127246529,0.06454408782053646,287
49.99248206139557,0.08446583670377353,252
37.295099449670516,0.15250643019895832,291
17.685482840576253,0.029399650282741104,256
49.12256556852984,0.09693235712992408,295
37.88022624639095,0.02400489637374088,260
27.42540075543943,0.0679990768916674,225
32.81017463410296,0.057932469616666184,229
71.715299122282,0.08541442856353507,214
29.09892284012118,0.118858283355639,233
39.731110307219694,0.23450945056583833,218
30.006810050031298,0.18841043423006804,237
48.891441943919475,0.06061163726270377,241
46.76386637120345,0.18767793044068914,245
46.810852169184656,0.12161905629946408,249
26.952025886229748,0.20915577671480148,299
47.10360906493948,0.27687939076805573,264
29.746845010456077,0.11687777602225985,303
17.91033698191735,0.059572345789168125,268
60.44210333141808,0.18535095778912025,307
61.309185924019374,0.11419988049704098,311
49.63527767541023,0.14945313764598098,315
36.82411277093076,0.06147627544521801,319
73.73792594896312,0.2768914924223601,222
70.36835301459948,0.039702843730148395,323
46.716698490438716,0.12373001117300891,226
64.7870190659767,0.1607331714037039,272
33.162278794330014,0.2391847669590566,230
57.05603151589297,0.04384230116660371,276
67.16114721012926,0.2089684106617482,234
35.9982158644771,0.12955382502411847,280
19.213939341915392,0.12408596543011291,284
23.436081971326438,0.21912929261444367,288
31.986910721473542,0.1228312380034467,253
73.43951365586807,0.27575077534819725,292
28.485176047951317,0.13997658153600898,257
70.77659261105529,0.06033289843172358,296
66.92909567674386,0.13654908488604023,300
20.990101432542794,0.04586831565358335,304
70.17714052449301,0.1420728891838834,308
41.13162836262278,0.16431788398133454,327
47.042829268690795,0.28846512157458204,238
48.54267693613671,0.20517216479393838,331
20.342710745929374,0.06344190332275565,242
49.163202569755384,0.04087985738104084,335
59.76393111179994,0.24339088423696303,339
21.33337752445005,0.09443990227034374,312
40.254021977458756,0.07854214103949675,261
38.79146649864911,0.10338684084886587,343
29.76011003016368,0.09798283173580405,316
23.273015561607924,0.09997682760643684,347
30.47082975352746,0.20577754256315003,320
18.510854517435718,0.09183585088795959,351
50.73339734896816,0.12233910243617548,324
32.999455640565884,0.20088041195336556,355
33.66873581927479,0.09605054819583785,328
63.07170520728405,0.07214267984247386,359
67.67199510351392,0.08147597596943444,363
40.271477371184986,0.14379044644731076,265
39.757435299696056,0.024530771427034716,269
72.9323748937851,0.08466634170814465,273
70.75293127899968,0.21233698511472185,246
24.793327959747966,0.026404842080886733,277
18.652499307164245,0.06963353667466468,250
21.002112004266106,0.013889401681491997,281
25.152161841052965,0.0736749784999951,254
29.13362398530886,0.09941328211144213,285
62.779922362482516,0.06132796148326011,258
45.83950385279522,0.11090712001436571,332
56.966463824704675,0.0889716250468077,262
43.69593751813959,0.09711124839123574,336
18.142795293065742,0.1419681505529,266
58.746546285275194,0.14308079331770934,270
22.468295702582814,0.2268543033012804,367
32.68931160467482,0.012561675700878927,274
41.26619538329051,0.05672135938300458,278
47.66441232689829,0.1204544818092906,282
26.864813466940873,0.06401075684375326,286
53.5315006556113,0.10447062379491845,290
23.834922030747038,0.15473635896073223,289
32.81480411276142,0.20342846617644642,340
24.468580830806168,0.18942683149224016,344
49.47948325630181,0.10123490736767826,293
31.06420844666947,0.23371319288140324,297
59.427567462866875,0.07347766722289173,301
24.988074848680913,0.09748006128218298,371
73.01174799927668,0.2379968999062605,375
51.53341687013459,0.2606933537491231,379
60.145917843435974,0.09797570483575693,294
59.7193584253053,0.13740200135711073,305
62.45713313751717,0.2068814449470791,348
17.696047476368804,0.09719405009202746,383
22.720555947157653,0.21939671487961554,298
57.49138983334376,0.14127884844192864,309
28.55594990402549,0.11363488442249654,352
67.18913663310815,0.21016466991593613,313
17.868904875783873,0.12005919917859753,356
52.327817371979584,0.08226065541473071,317
73.09193805862814,0.07874261487066465,360
17.152679615953897,0.27981847643081476,364
56.79421051817581,0.09458147062386368,368
58.87935681341556,0.17342588087407368,302
33.550007038245816,0.10083726261766582,372
19.27649315337214,0.21673327748501175,376
69.80133487900133,0.12363367475922647,380
48.037872158429494,0.10553879411143414,387
31.764709223686406,0.23878158241203448,321
61.10430060761498,0.11122831105392138,391
29.045014979466806,0.17397831351715898,325
23.031766412185185,0.21229034512262634,306
16.464831958864146,0.06176085340316875,384
24.40129000712971,0.07609749277343389,388
61.73266219667451,0.09730939366559171,395
29.404074639745737,0.07894097109461873,329
52.04936034995725,0.035287856744381486,392
59.059032096042245,0.09936344203656372,399
73.35903863270647,0.18580821201954775,403
50.89711921797832,0.13357598476433427,407
39.97786473335262,0.01985820369687147,411
49.58075355204026,0.22221553168983707,415
57.87342238013088,0.14342651071471,310
25.948956706637517,0.2864236022525349,396
53.52388658668728,0.16714824378250456,333
48.58714371637585,0.025178591890218052,400
63.80857427826065,0.08070861155238736,337
64.02719869408895,0.08072209459102773,404
47.72587790128322,0.19062056804245378,341
22.149263712162213,0.11402237920838454,314
35.80842018630993,0.05895684249360225,419
67.51930266706438,0.14681147872899655,408
43.496427584314304,0.022582663173876437,345
73.7741278528642,0.027081531471887823,318
53.37725727110326,0.06250055611555098,412
37.02202854006642,0.14190740298708746,349
68.62916766869407,0.12484025497288471,322
15.084612959349409,0.29431599594098934,416
49.72929291710394,0.13922160518302754,353
18.45115464958489,0.24058108180166593,326
71.9027690345234,0.05488383457526043,420
38.88800117938479,0.028752395946980504,357
41.07120948989197,0.1260592629867344,424
39.39769379161662,0.12993569066367314,361
43.31913317062649,0.04254075789157407,428
68.17243709770808,0.07410104299176005,365
35.768607623600666,0.01850196290376015,423
68.61441460492176,0.18683378350744587,369
61.151320834501824,0.07260452314241983,427
50.9806308753019,0.1742615575638867,431
49.816730122019656,0.1473187262301572,330
31.310892513730916,0.15489383280825744,435
40.06401334787088,0.10398829872530616,334
70.6327589226297,0.1773020029843143,439
35.15830073404324,0.06821857236033933,338
36.70074315972305,0.024940455770480832,443
69.75941040217873,0.08658702444182478,447
56.025193101359,0.04455984725355313,451
39.80910808023498,0.045259817786154455,432
45.00782695151649,0.13828884951554876,436
59.58087100678618,0.1404041039844391,373
23.409707898184422,0.16607375473977223,440
64.84682600569727,0.08935592859328678,444
67.798767338222,0.051519934733659734,455
46.74052644122499,0.05579578426753989,342
29.355085257841925,0.18956121614532417,459
73.83355032766903,0.1348003917788326,346
21.430968288632545,0.09884150594873464,350
18.929845034713082,0.09918505433202901,354
73.51167823149936,0.13423973970056371,358
38.24767631590546,0.01797363471930435,362
52.3915733648054,0.14162872752316938,448
68.97696634125816,0.19053827109239987,377
20.658489017485476,0.06156744736620027,452
48.78762367499198,0.11408707656101574,381
23.416425525021317,0.11506109428011049,456
26.431278560186218,0.06705702736711483,385
28.371025709782675,0.22946890030945963,460
17.67123209380125,0.05138380874162284,463
34.134247451506326,0.07307763627140135,366
57.33489321702845,0.22230546001898716,389
71.76399705858177,0.031720885369543386,393
47.0804754445986,0.20909315856515132,397
41.05026085326317,0.12341921525725248,401
20.02176812988807,0.10198039724524373,464
15.923979505732515,0.10570043185913057,468
15.284029931865515,0.2130408673616757,467
64.00419947999752,0.17941913500928938,370
56.071496383807684,0.17414032482548572,471
54.30769587411038,0.12316740349951237,475
74.51187224378418,0.17560436632862977,479
43.662358879749064,0.0744252289607642,405
44.191944887990715,0.11888993631885747,472
42.64995909198527,0.07632803703558722,476
53.45154051405486,0.025757048236268055,480
50.026073751587305,0.08368484959523825,374
72.02055844387249,0.1704404546604224,483
47.00405760978102,0.08295978484124666,378
74.63800546744662,0.06092326357061926,487
52.421290396967464,0.037204158687572014,382
62.576496845278484,0.10618275414915046,491
39.809705763923596,0.05248133744523312,386
35.286360450290275,0.07385752818416456,495
67.95356308477596,0.09700677367159888,409
16.40724457212223,0.13247169049928334,484
65.48291524440066,0.23014397549769627,390
49.25250950610303,0.14485193164605492,499
42.75711576046443,0.045654913548292556,488
63.189091253354285,0.16189515596165566,394
19.01916878562639,0.14841172921121124,503
50.498715246762565,0.034479421165298146,492
64.46394027670647,0.05627777590183486,496
71.81416822747026,0.08933705489491811,500
28.427824134190224,0.01951175531005796,504
60.775975725754016,0.04462480742880468,413
53.497342582545656,0.25093791639323454,507
59.11538268979819,0.11853932690435559,398
36.037423535340636,0.10917470228487497,511
67.66723896544087,0.16213351262761638,402
60.08134176236851,0.2024922664755606,406
51.21479035115476,0.1307561386720186,410
24.132198907135624,0.1644721265454384,414
48.18291795104076,0.09093695609173154,508
48.05222399364427,0.22649884989862945,418
63.20450738124163,0.19090949392596337,512
17.963706813622416,0.1365072478750252,417
73.81411514062322,0.1421453311782086,421
70.56058897677488,0.10236976114081316,425
71.7508984693794,0.14864598493820388,429
49.866369696189444,0.173556325440125,515
54.97059494035799,0.10793857963421599,519
49.98780493937536,0.17844232908427438,523
58.167022041332515,0.06565789211933694,527
35.39595043986552,0.11960163877005292,531
27.29603724602905,0.12978023377667774,422
32.43828052820672,0.08670237053595112,516
33.85262863363383,0.011938353406413343,426
57.703044493458336,0.08349736658484963,520
34.20033666394439,0.10809824943449052,433
50.7996674531902,0.18400814787806624,437
60.23390827749352,0.1258176501082427,441
29.5195482368805,0.12133971001016726,445
63.07102681394251,0.06416597668067127,449
37.84396139099207,0.1616094450681117,453
32.394723760113166,0.06555272101599006,430
15.90961442031745,0.06306795283189287,535
32.099531303065106,0.09938279572024264,434
17.6491247837404,0.032549110625831455,539
42.27307845310847,0.15172957820500832,438
39.611141734572534,0.2226798136282663,543
69.73900503744062,0.039334702197535126,524
34.613186677713905,0.22608720526176912,528
37.245804458856384,0.06452110171136777,532
44.87091574789291,0.15507431927083057,536
39.1365303567895,0.17351072637571388,457
17.40912278240813,0.14647906446493883,442
43.278445551540116,0.06982489297312532,446
47.623594425000036,0.24578175621673473,450
28.660721875428422,0.2861651778014044,454
71.56877162727723,0.05625822284903306,458
29.301248963103525,0.11711416587911919,462
25.162152178352326,0.042916127961088624,540
55.06620828472043,0.10581743110396746,547
65.42821569625806,0.2684519753830542,544
30.408510528157024,0.1589277390154676,551
68.165305986257,0.1645577520064614,548
40.04239548619586,0.2070058577145801,552
53.64076184094283,0.15762179804699275,556
30.73463330926228,0.209587390479199,560
45.866195360046206,0.15366448943973854,564
20.12363107189184,0.11916409812715,466
19.583756455690928,0.16889564973687965,568
34.302280341911604,0.08594016808326216,461
32.803453865413914,0.06308590553908847,470
26.065630292493935,0.05571406609544599,572
22.453946279019654,0.15529265665672254,465
67.629281505741,0.1641451813374226,469
62.628258006124035,0.21982050103209194,473
38.79119855879475,0.27446961802878206,477
58.429466173809836,0.11238897453482458,481
64.18272090426524,0.08240447076761646,555
24.044467689153763,0.2274420241335957,485
25.765177291933934,0.10630205912514444,559
66.15319759391716,0.1378047992527296,563
74.17951593414983,0.10475634732576783,474
23.55461371319442,0.21063973272540815,478
25.347289740481006,0.07249968351343718,482
43.1895604280844,0.24008348669113483,486
35.78053717932332,0.05653465936288622,490
36.04777695390706,0.102236569655199,494
42.41491238476836,0.12999685202952307,498
56.099718575816,0.0988136035105338,576
51.44517671718812,0.0671862506069169,567
32.463639427184376,0.03333133865194553,489
71.64545820274742,0.15063030781935957,580
45.59252636330425,0.21733970751286957,493
48.973622196652855,0.27755935893573497,584
50.05399329131483,0.17804137488184457,497
34.24858454604123,0.03008645070055377,501
40.11616544889314,0.09671894928874077,505
64.58467903692625,0.21663779542567987,509
60.22561273980211,0.20555233222744085,571
73.60087212381981,0.13896928596343827,575
21.011221256231547,0.09760243015593757,579
17.83068930218616,0.006066000445687813,502
44.83470595595139,0.05760422102912091,588
31.18686283568676,0.11428639910537629,506
48.093041152315514,0.17590188212116206,510
36.78414657680078,0.07747256910101943,514
19.99232916929106,0.1485967713435162,513
71.4228706385531,0.11512340208137657,517
55.557222380180335,0.14743716540502314,521
15.210532729232558,0.10665843815031302,525
18.215877986117157,0.06404837358544524,583
18.98939376425564,0.16039596120907837,592
32.91632090945181,0.10871047326432737,587
54.155068844283804,0.1349540127439998,596
71.55288907397565,0.020903161474138076,591
35.63572232435648,0.08849581322014113,600
74.27779586230662,0.13497649405957707,604
45.26819640635796,0.05777764538086604,608
28.05962511902661,0.09965476995639663,612
63.446718488343855,0.045613579214704075,518
68.29433687892356,0.19997411925141886,522
26.714614024466695,0.06088370150733735,526
35.35309662041546,0.08217533982543015,530
58.56624188844638,0.18291093218409835,529
52.65208279063826,0.03530011983871752,534
22.260270539787747,0.07467188031011028,538
53.64794491501874,0.052930691165221894,542
65.43478152578783,0.10970360645898403,546
27.739170461780446,0.1038949165530492,550
58.15048158443802,0.10975287615791192,554
51.88202566254808,0.07455661332529313,558
68.04501529051788,0.027553266061297883,562
57.469330831020265,0.15602111951657896,616
44.04902994812957,0.12331821650123012,595
55.861167071097,0.10852152955675963,620
30.645043728756992,0.16254219116951044,599
65.11874043550642,0.20484947284665897,624
32.26240229118815,0.05691603122697441,603
23.206053312725224,0.05508484618251004,628
65.73729928686531,0.06396089103641171,533
26.186904314206625,0.17882098839823646,537
37.35008212156339,0.2003666416713768,541
27.559019489061534,0.13908776224861594,566
24.93624352855893,0.23524886019997254,545
32.94127914261888,0.05576045069804202,549
71.42526656393062,0.07501334234630577,607
72.95257577512393,0.13996184496564765,632
56.344385966556125,0.14381705573159093,611
74.19950280129628,0.1531975491231199,636
42.28321753509136,0.13488566936803933,615
19.133141996526422,0.06773764054488014,640
18.978432483753537,0.14976390568636191,619
64.81065805982288,0.10570955492741835,644
16.41136077650208,0.1665783275759142,648
24.909390358561556,0.03237322629689339,652
32.86817405913659,0.12992393918279657,656
33.91355332983992,0.05929706016807499,660
29.311141693037307,0.12074080429923813,553
25.289866441145676,0.06475160668752881,570
30.937734664851895,0.12457482220037196,664
69.37235418617418,0.23621275699887156,557
71.43590500833801,0.06375277039071367,668
72.18016904456108,0.08362314583727007,561
28.60837993928289,0.08899655248696427,672
31.957124081757666,0.15081749796208152,623
44.15438541666148,0.1771401030554412,565
51.30747477316316,0.06584398725600706,627
18.31658064608429,0.02201143479987232,569
70.92526721561858,0.09915950878100194,573
71.23638551817527,0.11352584365054746,631
43.221265109080264,0.1931603247652485,676
61.506834669071836,0.14671095100142292,574
60.77777955202025,0.14786671448181685,635
74.12398339273687,0.20710143810206333,639
44.851847632063865,0.041645499403126604,643
46.099011838802284,0.15809109252305698,647
35.783773081049375,0.15144041657572865,651
31.84076482929615,0.19923043798096074,655
46.830577456613014,0.012348472995101317,680
57.24600271302768,0.25411049557078996,577
24.621073434931102,0.24641891799479582,578
69.53968734305036,0.0838803634044693,684
31.740822642050116,0.23815360198134644,659
73.58501897007524,0.11288252595479698,688
74.20309556070883,0.072501270152452,663
72.58178666549117,0.13012286121112074,667
16.52458266929055,0.1376355962195764,671
62.82732534647394,0.10376074812349956,675
73.95262134368775,0.08962776605158468,692
20.71153700932146,0.021390227766836203,582
50.22260894850162,0.16396439748083522,581
58.80469201628996,0.05740852605788154,679
44.97808043221261,0.19520003638583242,696
34.62815245264343,0.09931525322690216,586
60.201528588483825,0.13559637265312566,585
27.83798451428433,0.12350733071750433,700
39.46890513743208,0.09331275440915125,590
53.992490463541365,0.1516044724461586,589
73.02415879222988,0.0567630704917656,704
43.922833645405525,0.03425695390302987,708
34.09006158673162,0.337797481418705,712
62.66641669018606,0.026195851217718415,683
29.962047171650163,0.11317659880495834,687
72.91669999983094,0.1491984048145342,594
34.39873598490936,0.08492515682459045,716
58.691778338842695,0.15627734980007632,598
43.28588011297214,0.13106361734273894,720
16.788007646607724,0.1922141050825111,602
40.686091442890536,0.1417484932240792,724
63.16928778304454,0.20003833762315706,606
53.729969538252384,0.036974282366736846,728
71.7274275367721,0.24523717769782977,691
40.315718699331555,0.11546358458593076,695
19.01660414953031,0.08573061351090028,699
26.469913311219337,0.019615730109351366,593
26.81067422963836,0.14427369246153682,597
45.229527103717714,0.2211565884462098,601
41.21883781750758,0.04931102430467728,610
64.14475288734813,0.04903124747426047,703
55.337449212341205,0.13803660878482502,614
59.74671946589156,0.27912922161644255,707
26.09523099636516,0.040325710367270416,618
45.8430957437933,0.044435794968664566,711
18.905284073899647,0.08712284681774579,715
20.645472582098257,0.21284341363913994,732
60.294034193958396,0.09109197137198703,719
52.7556786060554,0.1342973330672945,736
47.30878224821184,0.142552104722582,723
34.62388233272158,0.09577189676695963,727
59.81424813156796,0.22806484811200184,622
26.375133303366333,0.15502175439164168,605
18.863957238321436,0.10031376842226757,731
43.74636071627721,0.14980412572429777,626
17.199119631039633,0.18346845997849934,609
73.32217079789316,0.1855686076127269,630
49.2131020257794,0.11529480786177129,613
37.69192013317583,0.04958137362813061,634
46.310954654796504,0.17374055920986498,617
25.884590727922124,0.012282205224593584,621
63.28624457176722,0.20535342383650002,625
29.320854947980532,0.10163424212832453,629
37.42574782659648,0.20805131959555156,735
35.711317428925284,0.08978405606487708,740
73.80951858122194,0.1832263372096845,633
16.427856227061636,0.07604573024667964,739
33.112291633888596,0.15611858151783953,637
61.599203382130355,0.023532377974409827,641
65.75650369856176,0.09025836843922731,645
61.1841233254693,0.06369370586389897,649
30.115476450678457,0.10566061361388948,653
58.22953654251644,0.12279548600278936,638
59.55052444736547,0.20963696720257485,657
48.7322724217832,0.0987759975211237,642
62.77452825163915,0.056474544752412495,744
43.212926357344536,0.13368566121091988,743
29.364334560809155,0.22832178467223807,747
49.06785414967435,0.08378538550879194,751
41.789571861156574,0.056089871259269744,755
45.716579624802804,0.23260508199985935,759
20.215247613731073,0.02661488362839244,763
34.69988515381232,0.05649167862256807,661
34.54464154970083,0.08194057402700529,646
63.667835973705735,0.04281939850026595,665
51.43367404549159,0.16116084974200962,650
25.8713385391739,0.07005332097893927,669
44.121158676170694,0.06627851094873415,748
55.90578147363531,0.02857530447682563,752
50.31949798215375,0.07267872567931255,767
37.479666302770774,0.04523141313936117,654
64.29773397769651,0.12034940969542605,673
20.697810112609186,0.014321640357375397,756
22.032556916418827,0.1364169053283352,760
27.474798836581108,0.3011173185031888,764
35.06953249999855,0.15909636179954734,677
23.99097625200519,0.07760713069562018,768
61.33539153678669,0.10240432292164292,658
69.25295922270374,0.2913351332165001,771
52.310127949296756,0.16542696710274268,772
30.27566733663111,0.045194812633722936,775
36.69522238672283,0.12526875038320834,776
39.84822154840816,0.1456291489166168,681
32.81605569380204,0.08876737190686426,780
16.531543517244437,0.11450322090424084,685
28.265934592532105,0.03966925157797346,689
42.44067593909061,0.0630831435206143,693
62.96149811939491,0.12008657508612952,697
27.793467864970708,0.09176923431802163,701
70.23977641544789,0.09955401201715493,705
32.85706159481492,0.1274467674882039,779
37.710386627260405,0.09618606106341705,662
19.722012964168204,0.2204953781001925,709
63.11047021906903,0.16371208407860438,783
46.3521295994054,0.1347680642997294,713
60.968485175190835,0.20048212373804872,787
73.77249944672029,0.13748774716380274,717
40.40394871764961,0.01923113227744294,784
65.12356893262896,0.1563177467471558,721
50.186463694123,0.0973134583155365,788
16.98221637542919,0.1333515345577466,725
44.14661906922563,0.11149737395063364,729
37.428841318254584,0.12821944114681058,733
42.72673181383418,0.15393416834762455,666
46.467321085351514,0.27122841676040127,791
49.73433989551111,0.038058902841411,670
15.524723325344576,0.21797016031215832,737
44.23919154899266,0.10243530233980568,795
71.25606167482908,0.10722715256422106,741
30.898600254920876,0.19442460697799901,799
60.80914500653478,0.10948324252814215,745
36.77295695965239,0.12904540307193577,749
47.276421252642194,0.14077792287482035,753
26.492714175765354,0.09685872650717707,792
33.03756665036941,0.09118199987727499,674
22.372887088112893,0.16446749834341,678
24.490027233973944,0.1937577011621113,682
39.0041091725621,0.23843067358222203,757
20.038187838446696,0.09698802911190646,796
55.43837191322536,0.09597966879906963,686
62.55252512741309,0.07591791585239685,761
35.747573000192254,0.07523255391526429,690
58.00508874161318,0.09156527870072778,765
23.588206752565874,0.20993816580065983,694
21.389277995995354,0.13864969945718497,698
19.351111169477413,0.09490975023622432,769
63.32261719436778,0.03554193362924716,702
39.26364309256067,0.19533321560124167,773
27.3252496962225,0.1229196348057927,706
26.838955098019607,0.10949792248494344,777
38.17250128298791,0.1354764943728087,710
37.8501638010714,0.13808837787799516,781
70.78405049507303,0.1540408442869798,714
71.5597263467687,0.13948079646019398,785
38.22560715934941,0.10575407470608714,718
67.21755599104559,0.07834264255100815,789
25.19085338015075,0.006710232134192324,722
65.0850048863562,0.05794766239762597,793
63.198426602102074,0.10878921734804853,726
42.26413265375278,0.1400348025864372,730
40.207786130300036,0.11072697495313533,797
25.023716158725684,0.1664587217447637,734
45.142839601453026,0.047930750108159725,738
36.18379078400672,0.10526059794300796,742
47.91647270491738,0.06310270451117743,746
21.4483213087748,0.17984377099584,750
48.39561273403507,0.10597266121587817,754
64.25559333711641,0.05805766172923246,758
65.48729657330733,0.13633812232745957,762
71.64166776273873,0.12450320825193267,766
67.51872972457494,0.07623463866465399,770
15.240009064334023,0.16585908802992486,774
74.0858231250653,0.12270060241006378,778
61.74735814861542,0.06439345716202798,782
66.73732476388798,0.029935515298121163,786
43.797220300183895,0.10304860207500871,790
39.35054644349448,0.145340542255291,794
71.68302568997136,0.1970049834553712,798
