93.66158499031326,0.03867989163663249,1
88.63003177489962,0.23285269984445311,2
104.98678104799298,0.06851263163415143,0
105.59514397535186,0.0571193992230766,3
82.76743671123043,0.13187448874376487,5
121.71803050510684,0.0866485441270679,7
107.35158999272308,0.0293236913228903,4
48.695214153828026,0.28359958156617704,6
95.93301265761058,0.10596466122058419,9
35.63043494552757,0.18502701235677263,8
46.01127525586027,0.09701306241446638,11
79.01135206208409,0.08712381768807241,10
33.88742871068962,0.11183347570890056,13
61.23884390235932,0.04595696359005787,12
93.61610510135002,0.11178677894645515,15
27.08272925181844,0.20076842530922365,14
74.95219874172358,0.2290519562777351,17
28.897104850418142,0.15353788269185478,16
115.72513438375519,0.06241692206701387,19
56.19515999775236,0.025211362680237655,18
95.64829604569242,0.25179381840589,21
66.07432999260729,0.14117300254144025,20
37.7895435199838,0.03185357473056501,23
43.70724759003393,0.09091432749734449,22
119.919013055039,0.07006465036654669,25
74.83474653032323,0.13636243319566685,24
37.0950239853331,0.07991973246123904,27
112.30078130203354,0.15648432364306697,26
90.64539521978516,0.33004085255392535,29
112.96501309698328,0.15415199347085637,28
101.46187135239269,0.24454109482565137,31
124.3743172479132,0.1651834181546539,30
32.10361089779931,0.13912758955473956,33
120.06255324134466,0.14131330791759533,32
44.29006374892526,0.2071186772965637,35
100.36080417948142,0.15993840881037005,34
68.59001421706947,0.0991072837973847,37
116.72463562023965,0.07265947597639465,36
100.64798178241753,0.12202470706922453,39
78.58841014662417,0.05436598148143881,38
92.22145915763834,0.05405209775405028,41
27.152638923108263,0.020552075514408914,40
98.59420144171615,0.1586141102695033,43
58.49311094348486,0.24392747867076917,42
58.89325885832805,0.1472977836472273,45
110.60392069837324,0.04864077548365266,44
41.873289689054516,0.22853858863777582,47
50.30110047674108,0.10262875660118075,46
108.96305605832924,0.18949250239700835,48
43.21684809001839,0.2818400290857666,49
96.36038631224068,0.2198024388705918,51
57.48675547481164,0.10851010602518876,50
71.73809827953849,0.2674847348359087,52
44.07124324858316,0.1600617322520476,53
95.79052635302591,0.12581120886056218,55
102.72521711322088,0.08500780833495325,54
100.72275491930067,0.04197737005961541,56
77.04499828438679,0.018916360837742768,57
63.36301159412635,0.018046653969687687,59
47.788106331994996,0.12819022995815868,58
49.66659545887913,0.010987080042733001,60
85.8496768429968,0.041962662755192774,61
38.7693794897909,0.1574535156826125,62
115.8318776945378,0.12248565091348713,63
96.32346875203864,0.1270261398833163,64
83.88716930988679,0.09871980265612014,65
52.576642872670575,0.2458236625904071,66
57.75425101135612,0.010405044889333387,67
124.30513360908763,0.13458047557148167,68
69.94890636399205,0.09588035091621487,69
102.81182104954489,0.1300777958114192,70
51.939387198549184,0.04009484319125273,71
64.39712480876469,0.2059255970472314,72
40.72988584984667,0.00521365442549368,73
26.44583682659567,0.18969173346920923,74
78.19884986532733,0.0371823363125224,75
118.48765043500353,0.09102111181793548,76
115.66385244177819,0.17590419989252198,77
107.12511382545215,0.053257470492745485,78
37.288889400662484,0.18873030303713048,79
34.53919809315362,0.1773804643175291,80
81.23299547544957,0.10970150595112149,81
123.75992311008785,0.07193665286956884,82
34.38894703603782,0.08275644385893335,83
27.550292317471424,0.015718729889993493,84
123.51272133639668,0.1338353581085113,85
114.64998966915891,0.0610501495085079,86
111.35950655452555,0.08958781550757566,87
26.179036608951588,0.18219692386890476,88
56.71799951006403,0.11203713841017349,89
91.20868036064155,0.11889678467352505,90
91.05527528910102,0.014477105276488678,91
96.91979562058596,0.15741912238726793,92
94.95457591543628,0.07879511724888978,93
64.01584028109664,0.28320896043940347,94
110.86739711147071,0.16995633041526526,95
107.18271811558304,0.049250881342332416,96
112.40009174616054,0.1843638151297219,97
110.27420816634474,0.11441445852832582,98
47.371361584519704,0.1146519421312723,99
77.2293956064191,0.13899506420628072,100
86.04142634067958,0.12552170820226566,101
99.39381924539867,0.08664898035748586,102
58.48231648871997,0.1384266387498959,103
77.86139155660248,0.1418231362992085,104
28.87830892966078,0.06804470868268073,105
72.04319112127504,0.1872335737361459,106
116.31301089411835,0.1392790921584751,108
88.20908176200234,0.0849539338971563,107
60.865401076314086,0.1392280846607469,109
46.73358762848413,0.08186080037598416,110
111.79806483501756,0.142328032354106,112
98.96721223197999,0.2783563955730325,111
118.74391680849848,0.105938135331137,113
86.61760764696258,0.08614573828123873,114
85.7155256534502,0.19607399703148523,116
55.20523650043364,0.016944111672177544,115
26.097753600157915,0.18178014015027738,117
55.43733315292193,0.09112074979306345,118
36.44666622394216,0.022826146853323997,120
106.56376486639137,0.07103267469723991,119
90.27830050518574,0.19655255072400232,121
119.60481487668049,0.12033137270566979,122
52.046250539247794,0.06947748026312754,124
25.5139892963121,0.02684851426513121,123
87.30676925129745,0.11083409701570512,125
101.30039867490451,0.03372200517026915,126
102.37708139050797,0.3259624639373974,128
114.00941993551122,0.2034342278023377,127
67.27073504446147,0.11579611535818068,129
27.54101840506291,0.1882970857517117,130
79.88809430636326,0.06378353251597434,132
118.30273196520602,0.08328773005570514,131
77.37050039113322,0.0511704127862995,133
115.17374816752442,0.1861709950672574,134
117.79122882798131,0.15477984300559744,136
108.75133453806882,0.17995232868823308,135
27.290989055923866,0.08944948496456173,137
96.94139230697665,0.054426118702672055,138
65.53819739252303,0.034381446059349105,140
61.44719514926516,0.07477076700174587,139
84.41443940421333,0.032936789094345297,141
123.38335244984926,0.04726511727000496,142
71.25542332894851,0.1388634202966639,144
104.66025460077462,0.14127817365390657,145
33.20987423944391,0.03569854770811431,143
114.98285457020866,0.11301740837675911,148
28.073609392067254,0.07175152737807232,146
35.05726837989973,0.14076370845573075,149
45.46554291296911,0.06496997995518469,147
28.429566315099375,0.1228259432738613,152
95.59594589978025,0.16994376027929192,150
41.62653167293017,0.18836265886568346,153
99.57194116859051,0.08360493062184632,151
88.21633450482722,0.20116537556872963,156
111.67609469148887,0.16408321191271502,154
101.8731331698464,0.17488865311650484,157
101.07491821879664,0.11553125057870098,155
105.24664521491663,0.09351682797919647,160
119.2416677919395,0.09260849623906466,158
51.039852701463715,0.09019420088577701,161
74.40498615471361,0.03671768973985678,159
70.69878989285294,0.15174510022320878,164
121.61659222891763,0.2217152372969331,162
34.139939938711976,0.12373910739538821,165
99.74928281175688,0.1988108600967565,163
83.40112012643917,0.07437284485640909,168
105.5897055303024,0.1107113204728014,166
43.46595638318094,0.18402356830232558,169
91.04081703657569,0.11994341205148909,167
98.04395720517887,0.09098863307839403,172
97.28906949231731,0.21205353992685733,170
30.797371009734796,0.10889417694692052,171
59.03855077061655,0.039027439839880745,173
38.65092246970683,0.1045599525233191,176
30.015133294985098,0.06498133758442191,174
71.28069068000663,0.08588795048796262,175
27.281513728074923,0.18768064185994926,177
62.74395974931861,0.13281035040863687,180
64.16395280454326,0.06638973122007497,178
49.76403157334779,0.13918655146431969,179
59.295286192842354,0.024439350841101992,181
96.7961909427501,0.1999297067452045,184
54.147238311553714,0.0431295582107358,182
68.94195682976687,0.1390512428060329,183
85.98308341537171,0.1641553741470452,185
28.497970798836192,0.15587392620976692,188
31.330231851926037,0.12086810935624437,186
30.002747248126262,0.038100255489868715,187
86.62855656414399,0.08732696169872274,189
76.60186484773332,0.20587711410193812,192
83.9117187560247,0.15085795311963227,190
106.377283252148,0.11076211433110406,191
83.04228098044737,0.23564644119923078,193
53.56236745983327,0.20991957169141562,196
120.43463769774797,0.24547976918028117,194
117.07678387352478,0.1326036780935709,195
59.890526674419064,0.13887786582620532,197
39.16774155448246,0.14007958748695432,200
59.25141005034338,0.05113108941582273,198
69.40103886094023,0.03752687475418191,199
104.8442484844721,0.0738328883777654,201
115.31657119743805,0.17147819934736117,204
65.14212433226858,0.15515386608554962,202
40.69713401381138,0.06581972487943244,203
43.661018890766144,0.020711006788104315,205
89.22201530941882,0.13420622513661193,208
63.763805959837704,0.17905273157980528,206
116.33399301973316,0.06483201462755186,207
46.41859293575837,0.13861753873443455,209
92.37092472774081,0.22999460248066206,212
66.1999428876706,0.09468978425457086,211
106.29970864158287,0.11155769615915825,210
67.83414351648186,0.12266240771393888,213
53.915260006436185,0.1625742507841379,216
27.20612531990556,0.15076166920525444,215
118.67750969314339,0.09978119694974573,214
27.835287001945787,0.04001701412017758,217
77.56080790095834,0.09172170873447755,220
63.530975699309835,0.08218205978608811,219
114.48220603173584,0.03607876782952054,218
52.53005986861483,0.17208476468696665,221
101.78388750441533,0.044857703427629424,224
69.35859637307817,0.22717059705422266,223
123.50365305016793,0.1722589988908679,222
57.200319606212055,0.208411517366147,225
88.1926082946054,0.20326994730424397,227
100.42069983277517,0.08743687949417725,228
35.07670279947609,0.0567631104116371,226
85.13642872044406,0.048273302360077854,229
59.65946826611804,0.21546203911388728,231
76.10238935485393,0.06310374239871983,232
73.7136590170179,0.07710930518095545,233
59.063296493988894,0.20855230900492458,230
114.47325138176355,0.12648274577227914,235
77.28119898133329,0.24291866034755816,236
39.0644395928206,0.08589428119013054,237
71.3561657158497,0.13712673901000802,234
53.21359063520069,0.16929443252967136,239
25.05020730553649,0.13649011429692948,240
117.89625538102513,0.17489655389394745,241
124.33162508460343,0.10820252103777006,238
102.3866404626292,0.19542106205077203,243
89.4455448300661,0.025827518310343633,244
89.58850098352022,0.06858397612813523,245
72.31056690611945,0.0801062300694051,242
97.67872050012232,0.08052063673532091,247
103.30091680684156,0.07121775931911742,248
73.94287204346065,0.11779097009599962,249
73.86490422116171,0.11627485881160259,246
84.2976924651797,0.14664372824198502,251
114.29870635292019,0.1472393366816278,252
110.11191508499158,0.12444036337697534,253
85.11556846283554,0.17120984467780834,250
89.0076504928042,0.045425693197085476,255
101.53037592240635,0.13359923688830186,256
101.3489960101002,0.22618006423836393,257
110.0371952939911,0.17064954173491517,254
31.760259822798808,0.06540739740175387,259
120.01294659120202,0.1754654871701174,260
96.75957584924394,0.11368779220556587,261
39.21292342040689,0.17447453281995673,258
79.13776621806235,0.11256121488585842,263
112.10834986934962,0.11433653026530195,264
37.118956243021785,0.040243792880096135,265
66.36580872845107,0.19216293004092747,262
66.35780570244361,0.0922938349979846,267
68.91040351968272,0.101585021560006,268
58.01996684809464,0.14035880890625904,269
67.22367128555211,0.07151122856986752,266
41.432064528862014,0.045369411021274106,271
28.17700010927664,0.24290503159573432,272
45.36188973039131,0.04599820843706355,273
70.84053177015667,0.10521985686474788,270
90.33302667123866,0.034857380368408734,275
93.61258588007502,0.13678275208734114,276
42.847633470251196,0.11262922053590337,277
113.5413699105015,0.06669825298131209,274
118.4454861725299,0.13552412134361855,279
114.87764115353009,0.13351541412761211,280
89.68785194445303,0.26094323481817494,281
94.65681696986175,0.03807162498655821,278
121.01769643589613,0.04426794400359646,283
83.50109497614503,0.20822571812346247,284
117.09492268731462,0.15590018745875628,285
37.76793939793638,0.15857403432616457,282
116.80690174270929,0.07604429417039625,287
33.91545236619767,0.13055478001061518,288
38.134993777210035,0.09947029132310063,289
99.55608767318871,0.27484651401435406,286
78.592642968857,0.14259732823996565,291
123.49693921908865,0.0586557839257432,292
114.02177227694207,0.08817640936159891,293
64.73786575519495,0.147878553692486,290
72.95076151411294,0.07395172750429345,295
79.13128043437715,0.15436581820030668,296
30.621590423895697,0.10380161527318062,297
87.24092036466587,0.15922069123301608,294
69.78367146961051,0.11697020445366682,299
73.94993829448134,0.17056924420498695,300
116.106179827025,0.06832364401213101,301
61.10162989490819,0.007035568541582229,298
36.034182683463854,0.16156611478689914,304
77.5668013123609,0.06845722973775265,303
35.54088845703958,0.10836652818602954,305
28.798721679656147,0.13730109217928926,302
40.58441414297907,0.11926312940097009,308
66.47496547882966,0.13145667178886675,307
73.01275445614527,0.1617951129596156,309
101.79466615476447,0.054800068389749934,306
57.10108612039282,0.17637550089826598,312
49.93971265566335,0.15002478988000315,311
69.33636263326298,0.08671299466630888,313
31.15288510006279,0.1389646674457867,310
85.62031530531225,0.17238398242276773,316
72.81936116110026,0.06255199424110111,315
47.66021885867812,0.2123596242386599,317
113.89459905303802,0.20451810406144466,314
90.08604425469441,0.10948813606640376,320
38.684489275867364,0.244980210467258,319
105.8549443351207,0.12758846066686733,321
51.117858434663646,0.1526806305029174,318
124.17637331662371,0.10014017486320217,323
78.40801097414406,0.08784236715284105,324
27.56485105182428,0.15748131301262447,325
51.96601638275783,0.20690159876567732,322
30.499920503149692,0.2520403847549854,327
81.21391520392527,0.17653378448393672,328
75.7221825184883,0.09548470667035508,329
124.33831100917835,0.14118752258236714,326
76.68743932938597,0.1624608366728541,331
110.62405726391206,0.2228135531252264,332
113.93135745114465,0.09805886085662763,333
90.22637309067112,0.035361396529758025,330
99.70121421956341,0.28474853904888436,335
112.48485322932508,0.36102392736546185,336
69.79780364778065,0.12112422882629835,337
29.891432481256572,0.13858069227239103,334
98.36412377167991,0.08158486106400252,339
97.00961548217403,0.03142918921506017,340
80.20526691298643,0.2350883677410391,341
92.70397526955507,0.10245671404293329,338
50.95410666475151,0.18267900642892418,343
25.331628789500026,0.10157119336580554,344
70.28795902924405,0.10651104023430624,345
118.61653541902008,0.043692787530105165,342
110.12718616166336,0.11107028307180791,347
124.61180412370817,0.03943237683859363,349
99.40343696981398,0.1052957585013258,348
70.30190501464105,0.12232920537698588,346
50.938663554026505,0.17464446501880082,351
123.54730467569175,0.08125687286814155,353
120.83354381864223,0.22737376449241575,352
82.38516313314096,0.09205032673335517,350
56.21659736736538,0.21622163596454294,355
111.12745332352758,0.10018766191119997,357
114.27389325645404,0.11930363168969219,356
69.22894001056488,0.20598924384691253,354
111.51298488835015,0.0410909801392297,359
83.3844901506501,0.4078450468459157,361
111.38951833059112,0.051530911697673536,360
42.45610654429095,0.015012938144314562,358
40.62171284007853,0.1173871412168613,363
116.148809094923,0.05275674978251247,365
45.52115834289124,0.18046889869217098,364
56.01922289455672,0.17960439546547624,362
121.79853541157185,0.19546043931133378,367
30.30479370386654,0.09415303775565943,369
45.80509828749464,0.09793056867795745,368
69.90158169573465,0.10634662460874854,366
103.4270524338491,0.19892873207241446,371
38.75745314366825,0.17965508120247403,373
57.932034621487105,0.209781913094946,372
73.89800124675392,0.09455735798481722,370
33.25477706698827,0.1098465178388506,375
85.81011988242604,0.16591504837332913,377
121.63335437100271,0.18898725244212627,376
35.398226492332306,0.1577806301602411,374
105.76903842224404,0.15898801287034867,379
92.42455724816676,0.21039330229637232,381
120.27151005611587,0.17909025815504004,380
32.94848976045115,0.06267040586121532,378
54.379200246358835,0.21985679633036162,383
66.55307014492129,0.032029341303997226,385
101.94018773722651,0.06378230236550911,384
42.21549977025462,0.2214701616379721,382
46.6623348326733,0.07604029355769118,387
27.965559497161674,0.03512526619820156,389
106.10290550252007,0.1648208583393097,388
85.8163264180204,0.14952609522491506,386
121.02129364193868,0.07064281256726375,391
94.0425511342204,0.05603562256053336,393
39.20660364727525,0.03901159577664568,392
81.08053054257799,0.10927148125673301,390
124.05855381400072,0.06342919345143831,395
115.10847251835963,0.21377765036363067,397
76.2814093695762,0.18625275083719306,396
67.82361668144472,0.024816613535805738,394
49.47554263701308,0.10214799757735304,399
112.25653615957832,0.11935405086691359,401
78.34818577504143,0.2281004393004863,400
30.918366784936268,0.06515343660208416,398
48.09659526127618,0.16905518970644776,403
30.30485643395894,0.14660582782835582,405
122.14694905668402,0.08771328454323214,404
86.20640201172168,0.07802740135522157,402
58.990828098433425,0.15641446010062898,407
76.81446254006565,0.12814403792667284,409
48.22965171054247,0.12577565732911586,408
91.37882476466585,0.03462612894547611,406
65.52888995340429,0.15111866176594213,411
93.94364232940843,0.18443757905027286,413
74.73854983753051,0.054734999737653646,412
113.02203834028727,0.09873801975181365,410
46.79470965924206,0.09429734409874724,415
51.826651078666714,0.10768566454682355,417
75.17201579866567,0.07210194137323304,416
78.29109977563795,0.14653714282408187,414
50.04815669073631,0.24298388016462927,419
43.91559919312308,0.22113532571647132,421
61.69845780943398,0.06519860940030683,420
34.77953885332292,0.22776617556135859,423
79.0576647751765,0.15099540568353967,418
95.39361449356765,0.07726745791771955,425
102.96009733472164,0.16154296821583888,424
26.160999087893256,0.03268635164620842,427
43.48367546275029,0.12618551636102143,422
90.77056094887699,0.19969070553251778,429
51.637772977878555,0.17073786117416215,428
120.18102054578097,0.11767347074930393,431
69.59949398590354,0.054814138995600975,426
62.10933360810166,0.07826780050585663,433
91.11609187653083,0.1771442634921209,432
92.46037099799732,0.12437587452678223,430
110.91270350498503,0.14626284460722822,435
87.24554750271854,0.025967451142549527,437
43.00050782222466,0.2216768623783458,436
46.4796248013311,0.07099959785503904,434
98.29725536199099,0.18918525503258893,439
54.51835392825417,0.21990461022650593,440
59.027707917262184,0.1008627087835372,441
54.54580334138378,0.07666791022088874,438
60.26193904771752,0.17548102309606436,443
61.02607393043712,0.01668607589122401,444
41.84620248905266,0.06863248126499377,445
120.63291420302855,0.2434546228026998,442
69.76963945559743,0.07720594511174539,447
84.53093634816283,0.0635624231297662,448
47.67623359615499,0.03909768557060969,449
65.7403042111184,0.30972411084232254,446
57.707263441640485,0.15210177068999847,451
45.421881738445066,0.08929692738220042,452
62.265761985056436,0.03399106994200305,453
63.27093037625745,0.1339835230968919,450
32.08418856583619,0.01620163931104745,455
52.45425056224015,0.04338960380076177,456
88.03280654520324,0.05313681941578209,457
43.784602450330226,0.11930045250107911,454
118.37224811024655,0.20316440311501177,459
26.80571646600345,0.10778923154380803,460
30.929884813926947,0.15416618383176545,461
71.78891052893044,0.143676685810605,458
35.50660916275026,0.07208180311237726,463
47.778773491091115,0.11192146657607041,464
112.6228370041618,0.14859354575595318,465
102.45960197128764,0.11964848893244978,462
112.22148184637622,0.11393711583196349,467
48.14482413709389,0.20427740156394783,468
105.275176731314,0.03187095167309575,469
81.73105855565822,0.5129045844412276,466
47.10593458992219,0.07585078014463996,471
117.02395524902121,0.12035410140397013,472
90.91285978685929,0.06657627065110248,473
69.55063650736592,0.17754985624326022,470
74.96272333229443,0.046666236877737764,475
77.33532133120669,0.1377767549167007,476
27.47589798216764,0.006407703275692201,477
60.274016354409035,0.06202712197370287,474
53.5461075898401,0.04095199437223218,479
33.455488361058556,0.12220110406525185,480
71.30698213890219,0.14072903759665953,481
100.2427146827593,0.2303833971807765,478
98.97245406281117,0.012712097713613533,483
123.49553867683375,0.1629592174325704,484
42.13207702131534,0.17024822437919157,485
123.85877188274655,0.04979459117157784,482
50.51388775054024,0.059878889896534254,487
86.8001736271473,0.18996808205442547,488
93.6440924227821,0.07635986889337468,489
32.52734484369357,0.20764980861099722,486
118.5985662607434,0.09785373949670573,491
43.25180136522093,0.2183130465893547,492
75.75739939266157,0.22393552260970512,493
89.91202782710165,0.05991082631786006,490
110.70557177727817,0.0861223069898539,495
27.421739450360427,0.06605551696010882,496
32.26579812713349,0.08080484110825115,497
104.41971808688587,0.08936511903258122,494
54.84363448678358,0.20718044065537203,499
31.350199292965442,0.13575036081349406,500
78.0085962262958,0.20526481373641725,501
26.809367188936996,0.212664021773997,498
91.13697623762118,0.14924379086798528,503
121.22340861910655,0.061583966841824704,504
91.43316593316072,0.14866764721030573,505
87.61826898196915,0.08401196005007587,502
111.25437942273405,0.13601536289458657,507
51.32087762651756,0.06922303952508525,508
116.63047119197027,0.15127006252921238,509
89.10096935058525,0.17456629104206398,506
123.04751244574298,0.11918053347630785,511
90.70124710382535,0.070330734833595,512
45.04447576475885,0.20453873275817003,513
32.85767773229695,0.12874360088760825,510
80.55417486234595,0.08588497716697113,515
59.86956797935762,0.2247453321550995,516
124.88007016174379,0.09289622600072388,517
83.51316513407676,0.18062995299507736,514
37.46413396691231,0.19652961423091556,519
26.42907297221019,0.20240512953404927,520
26.26273327156834,0.03732013776205751,521
50.629119378277444,0.06946890468501217,518
49.73571925527026,0.08248071730134461,523
63.58045920839537,0.1167609905639671,524
113.72693519060135,0.12615131250171005,525
65.85786251848094,0.17928775418221382,522
57.937027325707746,0.13497379414495106,527
102.8765294587796,0.06436995899371536,528
50.6940031517216,0.07885189213004559,529
66.78725908155315,0.09651965643651776,526
69.70833354932967,0.18899920579800103,531
83.21919756770876,0.11186264332826007,532
31.878527962260083,0.17360176185500223,533
79.70146447611579,0.08117944244713748,530
34.384121963763974,0.013185604897051334,535
70.7115258752541,0.08766630678562913,536
81.89166267044419,0.18062790077774307,537
122.25918748709907,0.09792908913082142,534
36.71247248803439,0.07539537455194027,539
79.5559121107035,0.168204268768087,540
64.35114792576977,0.1742960010080027,541
111.0745012579956,0.2333304486033491,538
121.23748797571275,0.2253146065541518,543
108.68966272809593,0.013737621441541337,544
99.96240519127288,0.1423615545680322,545
123.90585159862864,0.12293736354404783,542
85.611704077225,0.29065667965253356,547
63.95187168333676,0.20881716220766836,548
53.07465434964385,0.07679617038834041,549
101.99896989289915,0.04481167934879597,546
109.63411157270522,0.04901766649223066,551
118.73398825169527,0.1659162121553959,552
65.22675738524333,0.09305823401503219,553
118.09604796341,0.2582422519275099,550
103.7060675192077,0.1939122806584372,555
28.616407480977568,0.11783363420818758,556
44.78999303179451,0.15863226330642993,557
25.40588248124842,0.18725745705593916,554
48.16361385933795,0.06546327164647602,559
79.99117608936432,0.158770433114945,560
120.85801259213646,0.09375743069818548,561
67.14162733742195,0.17750561313282176,558
89.4972310506285,0.15418755394970948,563
41.939760782265544,0.03307363178489395,564
113.60415766802132,0.1551508056971974,565
47.69536313917764,0.08200403036961425,562
80.82282306302196,0.1391539267333047,567
120.77010430527534,0.057667865923519704,568
83.86570495567474,0.1106796368510709,569
75.40723377014771,0.06621747619130913,566
121.21305570117929,0.07575411196254113,571
65.60189715532134,0.09987569965467705,572
123.40773291391702,0.09473352676822477,573
47.83083341719097,0.27191302479389284,570
118.28225268327552,0.17040788757299585,575
110.20669616391798,0.07487532863205146,576
86.71751797700391,0.05189748045139536,577
66.95373267893348,0.12218228254356289,574
124.36781704809977,0.09688333348301222,579
87.77756763648071,0.0726194463946344,580
87.853710506329,0.06055929949170961,581
112.1222918070975,0.21623210215283512,578
74.93469889458629,0.11704015559001782,583
106.55706654853728,0.13709946574575824,584
116.33191440598084,0.09067735857602274,585
110.92886454904317,0.0808095315278006,582
26.750697189234828,0.13017391936038353,587
40.22498781654203,0.08562387782736697,588
33.86903050250749,0.13628675819227795,589
96.62974935921113,0.16078484200676435,586
103.182072156444,0.017255757613154774,591
119.67080320427227,0.042999761730126644,592
71.61325210753047,0.18286886956234563,593
110.06537607445452,0.06646652249203575,590
50.94481503363558,0.07233509132470954,595
41.6522186289245,0.13715188267259132,596
75.04600011687981,0.06352947183775691,597
122.37740543510058,0.11684027263354708,594
99.15871735860824,0.11579748620661652,599
26.940466535398233,0.025776588367482752,600
78.41402152015255,0.0804810086601202,601
36.703796552582766,0.04636218669512926,598
63.80427760136867,0.1732560502893483,603
26.098966967246962,0.2545731606286418,604
87.84243904551063,0.212994773105309,605
86.72805996760312,0.09084269446843178,602
71.77965378051252,0.33884247678312285,608
74.88454502638443,0.20388747092696569,607
64.17429570335955,0.11800344286538625,609
102.5205636334864,0.03010389475666063,606
119.88077624266118,0.13257316496016683,612
50.56277045221811,0.03129221150877735,611
81.45976848143663,0.0834604036309675,613
59.263636927859565,0.0916412087206228,610
82.54166058119299,0.01306532404107505,616
29.75593942071709,0.02854487978853648,615
65.95639587274368,0.13285319390775793,614
76.66184505882862,0.03158481815587324,617
116.52224640178837,0.3139731611471388,620
46.05485483205932,0.1761856577788584,619
91.0700531096729,0.07222430567820744,618
106.72755561181867,0.16415619913309049,624
72.80934449343286,0.11016182125037502,623
39.07437188935883,0.11190524569819649,622
60.48127526064005,0.0661109486701375,621
47.741813383568456,0.04806745951819642,628
88.64965182980157,0.14999214793912527,627
92.45630673005482,0.2040828833375334,625
113.89351341665235,0.17325398581539678,626
101.5009062966316,0.05631680637288749,632
56.44301618625694,0.0664879389282086,631
42.999340512328914,0.08668483920164693,629
62.48731806333214,0.20418664775694528,630
97.90807750464307,0.10341023176024722,636
48.46054408804294,0.04373322167070923,635
89.24426220666813,0.09802030666093761,633
40.432443889578394,0.039678287967705436,634
112.4969654460302,0.14232065899827226,640
39.63896702093452,0.08828921125934963,639
89.69832797881216,0.14824034578670264,637
41.5149909561532,0.14884099596570974,638
90.68961991683527,0.11308462364110827,643
116.90916618059083,0.06276073813835659,644
56.34404879083695,0.11611437369874232,641
68.36380506893558,0.13682226890637497,642
68.73871563885879,0.08928750330045153,647
83.0104465250669,0.10951873647958058,648
80.1721536775704,0.0781722897292627,645
85.02461580351414,0.08734733792270462,646
113.42108222471616,0.20425191019495187,651
54.386174043137714,0.18067329097067908,652
77.21666130815098,0.11636520507510734,649
116.08794915696991,0.18270697111558,650
99.50442023594074,0.10355185013578233,656
62.77934403628075,0.10787759834139757,655
35.557958105447355,0.1709182640627044,653
94.43274487061828,0.09012137512543351,654
86.99258939081665,0.18387727243448812,660
80.96347744842055,0.15390630279206477,659
33.851449997420524,0.0564019606144675,657
57.70420969810579,0.1936729394698315,658
87.89831821866362,0.10599574024832337,664
40.48840964314802,0.2753399118503711,663
105.10016916745514,0.2448397063155146,661
85.73710292318096,0.2108855055585017,662
66.11142086391973,0.14966359405921748,668
34.896670584198866,0.05546194591463025,667
84.62040555468991,0.1295606917912863,665
93.7815557436443,0.14443402870487224,666
73.41634432192345,0.11008866169827472,672
80.14125340951568,0.20618649025272912,671
43.44769970686452,0.08750993636323878,669
118.24680394764098,0.19556505437833588,670
68.8075819906916,0.08043771579753829,676
114.55917104808884,0.22517533795936534,675
94.84004491471042,0.07099546934339424,673
33.238397741070514,0.19277879657006702,674
31.279763490358768,0.2842537059597149,680
56.174137542519766,0.05823957276610642,679
50.01902460106308,0.22626993871372603,677
33.8165373488787,0.1032351161177376,678
57.82107425913483,0.13364415713410346,684
47.725369985113,0.1056600542396613,683
61.85501518858851,0.12852932188968308,681
33.777593054422084,0.059480593113773385,688
52.041914456221235,0.1274620047036164,687
102.30176390093024,0.11194531889267145,685
95.71483711198255,0.07334002947164585,692
25.09637877527683,0.14733573322926602,691
102.17991635433815,0.1693562117284978,689
107.48761740849388,0.10584010152363638,696
62.61725848444989,0.09640265717693068,695
51.68128725716194,0.20873373552229732,693
110.56420236902275,0.11429142875437465,700
98.61219507080808,0.06342939347462372,699
56.50976336993018,0.05920731973015188,697
62.8004492827869,0.12025863240358188,704
53.808527534613745,0.13091618409499195,703
45.46234498157988,0.13377402963551752,701
28.239974875104025,0.1364224794099713,708
29.83401774253245,0.08392634225932127,707
80.61040858854679,0.1742304909600986,705
93.4803629772078,0.12020247265687423,682
102.29095697471443,0.1777099916928105,712
30.838436781726365,0.05605284153184136,711
35.14349143095744,0.11268036995813675,709
54.350631080013414,0.10860817000975981,686
110.46442233782875,0.20689026557755438,716
55.556698108487424,0.23308620390102164,715
25.45134362286837,0.1078828478451202,713
120.55435838127113,0.2896705567230692,690
30.20508086343251,0.1079102965798266,720
122.18509568645078,0.13801143058171372,719
88.82758745815906,0.00633631295232974,717
84.17834550878044,0.06841940672901463,694
77.1564294405193,0.10718542851445263,724
120.30676567825418,0.11684270997936633,723
76.57038499193027,0.04297956074797726,721
75.37089099503167,0.24936786682435216,698
46.63902352944585,0.0340485001730901,728
52.50354546637932,0.19571326318419838,727
62.03051037318408,0.18463370431159123,725
118.3241577755573,0.17692110402617295,702
73.17642859447449,0.13280042442076598,732
45.97003974483328,0.09570604023414589,731
62.989994287852994,0.17213176294102406,729
65.11427225551643,0.1427316264033702,706
124.778009870085,0.05788358772125858,736
105.23338348150665,0.09543583233369574,735
115.39230710052331,0.07981514459603845,733
41.584164469101324,0.25815450736221307,710
32.90081399558109,0.06486316581313,740
91.00469094983659,0.10297769067894472,739
92.82157580051316,0.18691899385942481,737
60.25619087758558,0.13446430737161968,744
117.86055674177801,0.09056314484211087,714
109.18282294475615,0.02511512490271241,743
54.270100962656464,0.14421334874544864,741
59.16507134644669,0.14195316529471647,748
121.4140320974548,0.02156534253612706,718
100.86165495509614,0.23018938742614503,747
98.12110227545766,0.026345322826454104,745
28.812675859528913,0.07725639487327807,752
33.33624746027064,0.17571893485597312,722
82.49666081183886,0.07064558491064248,751
61.66029880761927,0.10945630318639668,749
83.50852720741537,0.14164118886624474,756
43.67492736533903,0.10933291792848197,726
100.31852489524358,0.11367265222314141,755
84.86238934204778,0.05357768695591572,753
88.39549374898087,0.11170470184637585,760
49.29188052164477,0.06399497672227077,730
29.060585919384796,0.033750558813384776,759
71.88240420098535,0.13786249271622078,757
124.33669580286598,0.051903649691621825,764
112.96742504734594,0.035464220485309214,734
73.98477136359844,0.17525326830221474,763
114.43705693038041,0.1356483983348243,761
29.993451498210398,0.03294323584094559,768
48.25941240699696,0.15408880940264674,738
45.25906298031743,0.21576742178857677,767
93.7700186146185,0.3012439971445649,765
28.028655598127784,0.1698534684291658,772
69.63950451212261,0.15064634919664366,742
117.68449237780165,0.13725600466084834,771
52.93312943700289,0.1653920336109165,769
49.0480474775419,0.09273148483306837,776
110.7256410378059,0.07739445512078373,746
41.39568278440405,0.26309086287550437,775
87.09245410222468,0.17557132109996978,773
61.140379783037645,0.24742175781507011,780
27.80018139463514,0.12172503296797231,750
35.75936686354976,0.12411162510018181,779
123.24045849086934,0.04777341133818719,777
50.67721926051677,0.056310279045123174,784
54.94957845929879,0.04636733053360315,754
60.308897188228414,0.31821195446508743,783
116.11065840082267,0.04732588883308972,781
50.446831266872636,0.0819553852903538,788
59.31539757182067,0.09501049183993823,787
25.869650043487844,0.19409200203978094,758
54.82993785241452,0.3611410077631786,785
81.69708562657242,0.09441432174634536,792
77.09840346080455,0.21431704701957535,791
73.39803583032008,0.013404200383199378,762
124.66912708731634,0.14172037384533787,789
45.73710256178697,0.06888831714773534,796
118.26584566867776,0.03125093374075679,795
58.00832471651023,0.2358633178688935,766
100.07949091228586,0.06697015865393703,793
68.13755003319261,0.03594328615907377,799
90.93818905716525,0.19364941600259122,770
106.03813156898745,0.11624670973640333,797
43.37582242106029,0.05703842954128531,774
82.19128812881449,0.05332953376860377,778
84.4373478895129,0.23123313665696033,782
122.73085008054832,0.08400592014315329,786
61.31497870369721,0.17078398574884113,790
107.89885616764766,0.17726943164378828,794
108.46518173798074,0.2067880054866359,798
