10.304798688947555,0.08161672747799231,1
9.770998936249986,0.1291913515779785,3
10.390513481423048,0.09556108634734675,0
10.035787317135773,0.005706352563058954,2
10.256983637985204,0.25352286821589276,4
10.596152788300804,0.12045629927402979,7
10.362801900144985,0.02237815706131661,6
10.01805728569818,0.12545172569349836,5
10.702879028008214,0.2440096174248761,8
10.311619980413939,0.21014603048871783,11
10.685487984059064,0.17691565700789308,10
10.703503267477489,0.16710880099631212,9
10.181724401619014,0.04542040432671737,12
9.825004817308857,0.09272307065768572,15
10.712064639951162,0.07916762663093112,14
10.6114060394087,0.14069458846032962,13
10.423006776852933,0.08232805654716392,16
10.05710596565177,0.04235456618259692,19
9.817576998658334,0.029317923021120757,18
10.199091652680893,0.18792150054694962,17
9.815237450579557,0.060284896522616205,20
10.07543475442716,0.18903609454009923,23
10.362627560887493,0.08768077622133852,22
9.8745103044429,0.1058016660805694,21
10.07498319063009,0.09963017214414038,24
10.384328930838599,0.13531424033213607,27
10.368803361236605,0.2125264752265198,26
10.271565713247298,0.23779372341142846,25
10.170750995199834,0.14330455507730855,28
9.849995393341569,0.1288813109091069,31
9.828041580713945,0.08791882743328398,30
9.777327232552985,0.13079276033833512,29
9.816351321644001,0.11936293523299904,32
10.058546070409522,0.07988378152722375,35
9.990332156291569,0.09293224313643693,34
9.81135763744263,0.11918523213018031,33
10.634364589134616,0.14763859912054703,36
10.576686611785378,0.06295849921687169,39
10.728780612999184,0.1899888160702198,38
10.102929467482081,0.07518462789243481,37
10.667137551708432,0.08334365538137649,40
9.998300213686395,0.15223767911542496,43
10.288907029989076,0.16776550665544843,42
10.199617696345952,0.16686841269638647,41
10.583719834484791,0.02971363337474981,44
9.717389963177261,0.044193842402225854,47
10.553929871397134,0.16753808019925864,46
10.227256085544983,0.17700503367745468,45
10.850621607541548,0.11285940677061904,48
10.117729543692095,0.17072825063427,51
10.118764021147847,0.18741158798962387,50
10.132149081468345,0.10957544218764809,49
10.062932029998695,0.15322183575712126,52
9.993894799192994,0.16734831085279972,55
10.713717716664215,0.07913027001411671,54
10.796797845032287,0.028046573297921915,53
10.620414802032956,0.15168904181171394,56
10.497416712350779,0.2484641870734489,59
10.304536736034567,0.37346296271538126,58
10.654296712695851,0.09279532133370712,57
10.582515025036882,0.07821726458508065,60
10.038113994640911,0.039788979854291556,63
9.965831061513578,0.19127156723171765,62
9.84966170943649,0.1491528401602101,61
9.983692409926823,0.019832338358370005,64
9.798330022316158,0.18312689255153988,67
9.800527828448699,0.14840121090126598,66
10.099197724396685,0.12257745544612608,65
10.471592647404872,0.032323546896437856,71
10.234705485414212,0.09587618037705371,68
9.752775895231112,0.2118067122682016,70
10.72695350138501,0.02119923289042055,69
10.168431815442464,0.23328703008026191,75
9.840035280398341,0.07557966052074934,72
9.996141280908496,0.2070547210911059,74
10.272095842631481,0.1414440436444969,73
10.221114991496481,0.03128766936287956,79
10.464958393328944,0.09685057534816562,76
9.750802473448068,0.096748115095994,78
9.99893699856851,0.07280646007988327,77
10.083791957618017,0.13435024424120012,83
9.711816613828276,0.09481563730207593,80
10.289671132296862,0.09993670036541986,82
10.01314484121463,0.14783665237793098,81
10.337808929518605,0.05976726088974758,87
10.75617552414234,0.1350591529245366,84
9.861424484466347,0.06866975454534623,86
10.791256595633852,0.10548366329582218,85
10.58624627692303,0.13938700232517318,91
10.185175380293444,0.09923903637054232,88
10.168546505235156,0.10549749391323363,90
10.812373429510293,0.09661986381384924,89
10.697088761958094,0.2679855367201914,95
10.378136534084478,0.10113793015698952,92
10.122894938674067,0.1250110129231874,94
10.482531850658734,0.07534910047815423,93
10.756329966909396,0.10891500529394467,99
10.461426800649846,0.09206821251518438,96
10.582888972801708,0.1403263948818162,98
9.859337086513841,0.12915572090624214,97
10.157287647122162,0.05382647041449493,103
10.741373652612019,0.1300496854152633,100
10.310090301533467,0.16462289591822582,102
10.783593883720785,0.13297256646949332,101
10.521166256357512,0.09247165913055846,107
10.237174474147746,0.1119988432163382,104
9.997220897255104,0.06879759267262735,106
9.966230559797294,0.09706644601411821,105
10.80712803820205,0.19791733139931963,111
10.167374514894183,0.08462655418204491,108
9.772076668061839,0.23420413612968713,110
9.911812489660528,0.030943749537610366,109
10.228898972879628,0.0845074778757676,115
10.103764536916213,0.12803312729245378,112
9.911279632638903,0.10279048208378434,114
9.930009839432426,0.20146358685902382,113
10.294229201213035,0.19084681877850102,119
10.0375710282542,0.13112224687421534,116
10.351167962079302,0.1293358153196317,118
10.803586882566421,0.09256871568673082,117
10.295103371751704,0.0449644701390971,123
10.516762899092116,0.09421075643265087,120
10.239042128948123,0.08719308046482731,122
10.64968796417845,0.17267265027888365,121
10.369803670531978,0.06584356577599902,127
10.350700287215346,0.26529490200014044,124
10.200474423288776,0.25128836311988606,126
10.499243550931492,0.06216185883041954,125
10.026222044969215,0.05762150017577636,131
10.35904288484432,0.09858481952585185,128
9.821623144303512,0.1448055768255346,130
10.554543179687052,0.028059377721127085,129
10.22011978890006,0.05105210905303701,135
9.824805579086235,0.058316098762829366,132
10.096128250985403,0.21262914593907972,134
10.32696404807944,0.17166941514157597,133
10.610699210255545,0.115933466287731,139
9.924716912629895,0.07576608415865077,136
9.874253356856473,0.07372995060646731,138
9.719049660304703,0.060936863576880246,137
9.719890238369207,0.031275308235537064,143
10.810079473581677,0.1670913827390769,140
10.720711992149294,0.20155817434570378,142
10.539951402588143,0.22038730825353553,147
10.483933840337427,0.11453915375214828,141
10.088789846183664,0.2255036833938634,144
10.437053871692722,0.09463329657320911,146
10.0371740399363,0.04525513807227264,151
10.708667078228354,0.16586457668566848,145
9.883365075121217,0.1308228166223693,148
9.768158817192445,0.12024198155394646,150
10.736657075402226,0.10052022091853252,155
10.02644789932317,0.033410718150224394,149
9.718548665646123,0.030605060978135354,152
10.004215187440488,0.029441635504907616,154
9.937277938886202,0.11827951433098781,159
10.818923432297577,0.023836940692474683,153
10.43224976130398,0.1741979936893791,156
10.471797599742294,0.060622768708588584,158
10.66575779501989,0.2307529733000382,163
10.599165900976171,0.11755808040491973,157
10.359648240959958,0.06864661878501875,160
10.719838740722583,0.03552008654556788,162
10.721726572110356,0.08818102470009087,167
10.540455058384646,0.19674890940287326,161
10.454695078433982,0.14582282456375006,164
9.881813004449322,0.10341537429063777,166
10.565875200435507,0.0016822564837004354,171
10.47569167719262,0.19894093116731493,165
10.356738918589407,0.11989094303812012,168
9.938978664791938,0.08504073173124382,175
9.716155343981345,0.30546693504970246,170
10.690749552533278,0.06874625027703198,169
9.804693749856638,0.09405287080853401,172
9.961320132494198,0.01733737496875753,179
10.545270328795429,0.05115044546611458,173
9.71539499974419,0.26778390658747137,174
9.883551398373251,0.14284784460969735,176
10.485567558616706,0.09178245260506705,183
10.054148762547031,0.2850805089335248,177
9.777956087729429,0.17849108645558787,178
10.622643419439559,0.06498810480934092,180
9.785565428743384,0.031606164278361513,187
9.73257921446047,0.11642937574054175,181
9.898928933335705,0.19589607929613645,182
10.388254002978675,0.03456376859138696,184
10.199163265616733,0.11013942602198423,191
9.71132881352094,0.03135496821169947,185
10.607735430800673,0.11570725785388664,186
10.846599530726436,0.15012001576442746,188
10.346262439631294,0.09998936963849783,195
10.554650333384627,0.1721528611113449,189
10.443392215106925,0.053957979008495784,190
10.607251593120107,0.1752821034735762,192
10.779989494977588,0.13651978774494689,193
9.895773956782595,0.12142734568140566,199
10.09686404560846,0.2089794010408486,194
10.663174728783124,0.1499791362439329,196
10.442101616966594,0.18055122631202292,197
10.020907673713104,0.10331603912144052,203
10.779337060975337,0.17949542135303254,198
10.120644018087372,0.18034365041644868,200
9.717821953107808,0.1972607274536093,201
9.895877350963675,0.10912006898185422,207
10.74358703714296,0.13769554352015315,202
10.528546420708867,0.007801469572046979,204
10.441099591134392,0.23487073671528216,205
9.804102496727761,0.1233113637528564,211
10.352504747184756,0.1904188789387019,206
10.81199268729075,0.14830308395032296,208
10.261381034395965,0.10781074512013625,209
10.362201417272646,0.15964975649049312,215
10.248221908961744,0.10404397770027579,210
9.726045083638361,0.0879585041564293,212
10.84986986639232,0.10222514052070586,213
10.029456094869518,0.10280446545970012,219
10.644743993728584,0.07996567843846451,214
10.280694193336727,0.17106743896664026,216
10.4850620029685,0.11671246174560297,217
9.914941535970916,0.2904889064983238,223
10.213142077451549,0.06384010699139218,218
10.278808264317455,0.14156834158041792,220
9.944777454306557,0.02516551566284967,221
10.624722137227247,0.07419914926460124,227
10.423549600161138,0.11395902857387462,222
10.318532929276836,0.1686037818224052,224
10.287904307673292,0.09331962227799959,225
10.367422906461906,0.2615950013826959,231
10.033373465116508,0.02318555448060637,226
10.782351599622682,0.253175706171344,228
10.298916025317231,0.07810212075122207,229
10.293804703747872,0.010895499760235796,235
9.838805466277286,0.19699191466122806,230
9.976146812130308,0.0960890815278797,232
10.586848915333375,0.08399647793815207,233
10.729696874667944,0.21239822439563436,239
10.269811260726229,0.11996991331465715,234
10.423969050408742,0.20415317371043967,236
10.381529431573169,0.17125730797351388,237
10.58072945776943,0.12564996523173344,243
10.787201822802292,0.12075198370558703,238
9.774739871340124,0.04627980640433509,240
10.306899274198429,0.22963159128518715,241
10.614910546305532,0.05544808702888124,247
9.751811809910043,0.0568885416208961,242
10.274048735206973,0.07168764481096838,244
10.66810946243086,0.0179812989845934,245
10.05025272293635,0.1123382557097271,251
10.037609249098931,0.15835609939879197,246
9.8871868667579,0.25338775524458684,248
10.580479307112476,0.0879797329297687,249
10.519932451574869,0.11739482196119387,255
10.117774313183542,0.10885374186191332,250
10.417798279132628,0.1822511054899184,252
10.621861911640735,0.18016641199854908,253
10.329684834946098,0.06950068127025086,259
10.044579376915658,0.047022386661705995,254
10.176410916320641,0.14408453580003186,256
10.692425871540742,0.1123879981934291,257
10.046372727420005,0.1382722959964667,263
10.729741903907966,0.10146100436976964,258
9.74180750534403,0.09604323468822273,260
9.748111579823345,0.04792812174175959,261
10.839480236956572,0.17394874301409613,267
9.976713002177762,0.08605313148567757,262
10.275492486309117,0.18587897556594832,264
10.46779289066276,0.26642733781561356,265
10.196744999962446,0.2693731282896525,271
10.116706839957619,0.16232501162997015,266
10.333386031395797,0.10209805249749491,268
9.888133145931924,0.052500698404876305,269
9.756182813694505,0.007438386381039139,275
10.813491370148926,0.15922587778366604,272
10.541731565041069,0.18799527636576102,270
10.825435947010039,0.31349208595085576,273
9.828812283486405,0.07558113898519342,279
10.143361185053749,0.13124342613952264,276
10.660352276915974,0.11853803909349786,274
10.850983697096375,0.23152468805805368,277
10.563924154073352,0.22668792586111408,283
9.95960009092784,0.17715014697560308,280
9.838602547956166,0.1972068244790307,278
10.629405884859871,0.1060355400301547,281
10.424255029153217,0.10505861150810965,287
10.660910384440129,0.20205612772575887,284
10.674447529840199,0.14778937401951125,282
9.72574220492475,0.08043024480290638,285
9.853786150455857,0.12624198994851996,291
10.472315903953765,0.07040462549738165,288
10.131546473249596,0.07585413689599844,286
10.782937763062872,0.1401400645366563,289
10.21553974742745,0.0726467058703622,295
10.538674408550104,0.20287091853059677,292
9.975343471778746,0.03345851198636262,290
9.869087707531893,0.08501645397234148,293
10.220989747537677,0.08795124331414622,299
9.726608831605951,0.06037726642566377,296
9.75083217758559,0.1707593917672207,294
10.015814099812653,0.14728168863968008,297
10.49909889779695,0.10107119046364586,303
10.510614451814144,0.1597722460265386,300
10.322754238958781,0.11575158536945498,298
9.795234968021909,0.09100184922097676,301
10.62568548834684,0.13099209431280598,307
10.774421510743412,0.13244833544334275,304
10.457775360353894,0.08830630672204648,302
10.005666328663281,0.14897401622566173,305
10.523935687523139,0.11908882858491221,311
9.779376792262962,0.16904959692563348,308
10.258906111656524,0.1377901057040822,306
10.075410889243306,0.0618975384696152,309
10.462954560005919,0.10539568552000061,315
10.1131205863618,0.06533605265676831,312
9.860395695358111,0.24946677671709083,310
10.662379969645169,0.06289042202128178,313
10.47228079569239,0.10166654357995948,319
10.523365009878932,0.1339263751084969,316
9.9194002296669,0.06275721116372418,314
10.05185627906671,0.18603163152854318,317
10.200078872318473,0.08494856884885688,320
9.850355887998417,0.06565332283672387,323
10.355421550975406,0.1326241947012635,318
10.687684162982013,0.13985627783735438,321
9.740094739095282,0.06376870978620487,324
10.471327771346349,0.15298969542984878,327
9.901923599710631,0.024617107286709895,322
9.907972750972679,0.19143570039304125,325
10.150819792303263,0.13501290226808285,328
10.635063045893498,0.08396503039221284,331
10.466190580118864,0.0841933459943181,326
9.858259500608993,0.06950645807627047,329
10.10188410799794,0.133516678862814,332
10.276754934507018,0.07390629633044345,335
10.414171071869706,0.09345780945574947,330
10.748397794461106,0.11411850407167656,333
9.812642899976026,0.16679840568822157,336
10.188974221880615,0.18485727649389533,339
9.800913578740378,0.1914584513130459,334
10.80298001333923,0.26933193715182363,337
10.579146051210468,0.12072720323546847,340
10.738307865844853,0.13222831395784276,338
10.268001442192688,0.12234993828442037,343
10.216171684727623,0.12937626631186244,341
10.55907427762015,0.13180023130048146,344
10.814950977678846,0.1677853604089355,342
10.698754222373381,0.06929575169361041,347
10.519423514623114,0.06461753119648626,345
9.913056269692733,0.07595929697388294,348
9.913742719199083,0.01709865218118468,346
10.223425361192419,0.13492502400067616,349
9.717046659107021,0.05568608655184668,351
10.486069558777473,0.03513784963273076,352
10.109108616474998,0.04103365540891367,350
10.312676882413248,0.14822656180003982,353
10.754303103487072,0.11899937343586464,355
9.898933172154546,0.1416931231656846,356
9.84365228751872,0.12350013071261828,354
10.808105616421246,0.17612497404719138,357
10.345266878410538,0.17576338359464883,359
9.935923482939566,0.12198295454911541,360
10.009144902264016,0.1452484742775986,361
10.50716206453515,0.1634246241835037,358
10.221888585065695,0.14333009589692522,363
10.837667836285359,0.1895202779937375,364
10.130775438728534,0.058863573345462966,365
10.670074284065716,0.13342948112309366,362
9.925639426290239,0.06220065547270653,367
10.820079871191467,0.196338632424578,368
10.567502599184232,0.0946010528477168,369
10.751941574174113,0.11602993253865378,366
10.429849651543428,0.04424744542185036,371
10.410728660537302,0.20199823202370207,372
10.081744718475967,0.11707839242042926,373
9.85795633606999,0.09710293072856846,370
10.765142071343146,0.14891257180619938,375
9.8568031204824,0.2676054786632847,376
10.659168760401698,0.19328861051078017,377
10.671525037035874,0.1468542110708736,379
9.979149724182722,0.14969033168330956,374
10.791643271805599,0.1773285450225602,380
10.58188755818298,0.04604465700883347,381
10.094417844864221,0.1618481269449121,378
10.422891958269082,0.10597934554895927,383
10.581019047764837,0.1335274243384356,384
10.546554858588628,0.28582661120306485,385
10.347017405561797,0.14070295586116272,382
10.09811906380211,0.228627438671235,387
10.048647557860274,0.11369722535147264,388
10.637658256782691,0.12626965048298897,389
10.002563557371156,0.06013276668248299,386
10.241894330380655,0.09672957392886011,391
10.24827642440241,0.09314431934772026,392
10.599983074253425,0.16791887357598068,393
10.102242025484394,0.07703259880928356,390
10.489527087112233,0.15705770641478103,395
9.71221999720338,0.017624063895781507,396
10.382406588566468,0.02351006461654013,397
10.030764067072026,0.04932624441265001,394
10.650609398581631,0.15858030802044806,399
10.151216398752563,0.05419822441959269,400
10.186389888471194,0.12602732166435002,401
10.329111024438117,0.06177338385607526,398
9.958787875807122,0.04853977439385454,403
9.825355961398737,0.1179447274850301,404
9.826329402962246,0.2586974172672176,405
10.611096822582414,0.07657165275163541,402
10.811467634756948,0.08779780327951889,407
10.640990611703419,0.1568656931463923,408
10.642680879796712,0.07984469893326049,409
10.214633908336628,0.08619893468040386,406
10.253449305290914,0.11572910507374193,411
10.406782449720096,0.16813846817511838,412
10.408811675393816,0.14076931325553663,413
10.104388738021363,0.07593416381488084,410
9.862353831126258,0.08117896188656397,415
10.77781442877169,0.08261788949806709,416
9.96532320137294,0.06601976982700822,417
9.767719273939774,0.08349638953927098,414
9.903315572958473,0.0865520204317844,419
10.151511496079685,0.14445194685010307,418
10.365841364608407,0.24714070923090495,420
10.069769728867307,0.26716779231932947,423
10.077447756925435,0.10725771617924595,421
10.770560573602175,0.15042359471243455,422
10.477289538030549,0.09644597903903386,424
10.776416430774148,0.1714038278588228,427
10.31016367493478,0.09891560949382089,425
9.85027059247184,0.10929349620411724,426
10.370709039863476,0.15183414714349538,428
10.30366141585595,0.1867183509015717,431
10.151977360871165,0.18328088860519393,429
10.164798524084162,0.11645873118769699,430
10.557613661408917,0.07109712061914172,432
10.618096157847887,0.03109879875903423,435
9.956751604306902,0.04488256599720728,433
10.063637168422964,0.07499777563580283,436
10.151228381142616,0.2967742997638869,434
10.252587365696717,0.09610578897972866,439
10.704856138526958,0.24486622638953148,437
10.113181301420486,0.050276301611416954,440
9.98878996898243,0.06667360098938066,438
10.510395253001665,0.2380940653025498,443
10.81938761876261,0.15899222690506098,441
10.37438698975571,0.18878867651181533,444
10.690398767671,0.12619762351029007,442
10.446417982644702,0.03632154073680159,447
10.286487721347127,0.05032487799571166,445
10.5557243298808,0.09777643574406636,448
10.71570060158454,0.1724890119181618,446
9.950615581061939,0.10117083197061322,451
9.975980538716419,0.24301024038358082,449
9.928025469993935,0.3156060844734308,452
10.273490896506509,0.03790440883090571,450
10.705120323644556,0.05340265454256932,455
10.58448833923197,0.23063120302629858,453
10.115540802328585,0.0760656768480066,456
9.89117964627714,0.11517861776829352,454
10.69389093084867,0.09742227371567008,459
9.941434832777967,0.28203649830245986,457
10.721590718110905,0.06857702645369067,460
9.741419919456844,0.10178265056175557,458
10.434489622692732,0.14315880590644275,463
9.743279946671446,0.1812376505588372,461
10.03356550237494,0.12660324722522837,464
10.417894736285962,0.08476327028773739,462
10.23989379992292,0.1079818660074404,467
10.087790939887157,0.05616797537476335,465
10.28124556385417,0.20472455897093678,468
10.717291300352157,0.17544176563408168,466
9.963028038718878,0.1474182154814887,471
10.00748562957434,0.07833263928976585,469
10.488930298580026,0.04450717615094396,472
10.048733929810568,0.09665670182543586,470
10.344477751889327,0.06975183441623778,475
10.444637328316986,0.06683664407829963,473
10.750706648662474,0.07500141945636747,476
10.710761368144972,0.03505217274978582,474
10.295177748015137,0.15585432369769894,479
9.764218485823633,0.10399008376026089,477
10.712693526797743,0.12513200392369758,480
10.738150459909194,0.1281765893199803,478
9.860510829597787,0.008043217222248194,483
9.792395931143975,0.10567280213637459,481
9.735449695724977,0.10522203520280685,484
10.281139890179045,0.14882864530875897,482
10.614163762458618,0.05486834029433638,487
10.63401118308763,0.1853612115838682,485
10.361870234854793,0.08361671227944749,488
9.959932606936604,0.08946475436729635,486
9.78664746774061,0.2058923903802206,491
10.464483821938567,0.2003713558710345,489
10.413177924760216,0.15500280115682266,492
10.312968581795648,0.030451070711206774,490
10.798571467040421,0.06885061355569845,495
10.845444210308605,0.13787525007682544,493
10.325955444401787,0.028147569014968718,496
10.820182297101667,0.1438449496267241,494
9.98153392368784,0.12700928926107122,499
10.128716591205487,0.16031289990660474,497
9.88750522181723,0.12480514078987986,500
9.740851246636776,0.13438909551812955,498
10.526045089327303,0.07396002352583886,503
10.30993955182447,0.08121146868860565,504
10.769570695551039,0.051770784139095895,501
10.46605166727972,0.07799880914486629,502
10.253688033325089,0.21696418397920603,507
10.104623419067103,0.23787278254867186,508
10.335716461995213,0.08016935508805711,505
10.707969815390083,0.13301819103603346,506
10.273524720730343,0.08591759005680827,511
9.790789137383497,0.05576637835815425,512
10.34664372093217,0.15720730206103894,509
10.403988083540991,0.0943521489363609,515
10.161139523246877,0.05159082861474044,510
10.507574079021616,0.15615538077433955,516
10.153045274233909,0.05283117669061865,513
9.777348439042177,0.03531251029031341,519
9.981259483879972,0.17961449779090966,514
9.767173762089332,0.13763512384253052,520
10.598503239266046,0.08333811978850197,517
10.305593049987515,0.11858211256482576,523
9.764389239324643,0.1688319559914706,518
10.064422622570445,0.23068996122344113,524
10.577186984155048,0.2517093341431386,521
10.16015759567168,0.08320249642045444,527
9.726088580436354,0.12964908369859104,522
9.724337088179425,0.18327910174300396,528
10.317768546709134,0.1488084813529504,525
9.976169899150014,0.20332177031019036,531
9.843109807442662,0.13710810314428148,526
10.201300752125395,0.06574605554447749,532
10.550445398880193,0.07628406910313353,529
10.02143354876392,0.08279081950787387,535
10.795897548050293,0.08792636992856469,530
10.649321883051991,0.05593502890709198,536
10.548406356857587,0.16812409496701355,533
10.585101132812119,0.14221432224982083,539
10.399148627065017,0.18785519364130243,534
10.176497396592993,0.1298299367889234,540
10.84021473254801,0.14273871571505228,537
10.646620623846152,0.16783514950431186,543
10.475158810631497,0.1822875069146676,538
10.607316379417957,0.13799067816165858,544
10.298346824214303,0.1271927810517036,541
9.913615888028872,0.09677178083850456,547
10.30711177439594,0.2306090164735981,542
9.878331427086001,0.22043069290095746,548
10.182613108212191,0.20573131515735252,545
10.741507410552881,0.0335374220776745,551
9.712112720297439,0.03609679555781211,546
10.401224135996717,0.09001229199534884,552
10.301269742584084,0.04709684518256488,555
10.766596370986223,0.2649531667943383,549
10.815146981566805,0.11584334688156706,550
9.897162994177176,0.20171482414768513,556
9.808134374452287,0.17717919297528426,559
10.667230900443094,0.12533348064697772,553
9.926322695926272,0.13385105204650863,554
9.852186159885154,0.08591165544577241,560
10.065595864280281,0.07273684646987467,563
10.31301314650512,0.14662322692245336,557
10.511943810313404,0.13503599357420445,558
10.311920247204446,0.18858442510932702,564
9.8112619482381,0.15253943008693432,567
10.563547224169005,0.17534965235624866,561
10.250394501098885,0.16025587038715394,562
10.618781195320864,0.09954090766452617,568
10.135412817003747,0.1133752534764442,571
10.494818406612241,0.07838806244070763,565
10.531081753278315,0.11130929000656253,566
10.789557661268866,0.03320424674032923,572
10.253198324225812,0.19067411579593418,575
10.469464181152194,0.11529375209524723,569
9.988166333483077,0.09110761337306293,570
10.740908167775569,0.22086961182282125,576
10.050304422892053,0.2824946842806388,573
9.770847223469065,0.0342704949075183,579
9.978905028205597,0.10154653330501129,574
10.45062655090648,0.047869658957806635,580
10.288328448153235,0.08669219185201492,577
10.3364720744109,0.09962844892307302,583
10.526227539129275,0.22604005465326005,578
9.913106784968377,0.09379344551911323,584
9.80487371527911,0.15210211981784663,581
10.607214938851538,0.13118853649750808,587
9.719386266819473,0.1371358859940206,582
10.726052991835296,0.0018201746958502287,588
10.39609945044168,0.11974190403462198,585
10.43370035592194,0.1512971621594433,591
10.104085744047449,0.28009830039961753,586
9.72022002576165,0.1849758882555462,592
10.205887462263936,0.10802532103448054,589
10.618822973899924,0.11586244256934915,595
10.599561245244777,0.07416689231571155,590
10.17415821031055,0.08608819986596213,596
10.817040125064617,0.09145330231113778,593
10.572996807643603,0.15055522905197025,599
10.141708983312196,0.05224071742872325,594
10.81533634659225,0.12272146225016743,600
10.607378352434536,0.06677548032976137,603
10.84496303920954,0.03814781440119531,597
10.80765586987792,0.3119131953019397,598
10.00915255583059,0.038540023062452695,604
10.44678764464162,0.27758425621679983,607
10.258248265433119,0.1324218811944616,601
10.708959968131378,0.08684138728429175,602
10.701603057534589,0.19547205020767167,608
10.669376316261852,0.20335537407028312,611
10.634158720163281,0.16272182748662847,605
10.840912417087015,0.10891533062690946,606
10.797767800425957,0.20095421782503387,612
10.005716187243051,0.1417699192287442,615
10.295297235694735,0.1593949986923483,609
10.044712148879768,0.19288095068124733,610
10.54032070841021,0.16297808587637866,616
9.939624764006249,0.16317150205828354,619
10.153406277199782,0.03724374102177679,613
10.833113294921874,0.2865728836640907,614
9.748010592443947,0.082275522911151,620
10.194877384887521,0.11676517786105296,623
10.084287679284733,0.14072779902205781,617
10.182824581109111,0.08470295977323264,618
10.736155303517675,0.14269733364677858,624
9.728083424805025,0.07007200117612371,627
10.407256124861089,0.2292775370335241,621
10.49099601965964,0.09480894694622152,622
10.690204701286222,0.2610655483997108,628
10.243023271902594,0.17112091871903312,631
10.535430089376472,0.1895158671988679,625
10.646848146100169,0.1584624950180368,626
10.069611571083506,0.2455543783132045,632
9.856817964823176,0.11991255014125457,635
9.832724208273076,0.026822757366821787,629
9.983099575603802,0.12820980793116474,630
10.432172042588107,0.11686050035132811,636
10.008893953947078,0.15391015704116012,639
10.362208941496576,0.050645838575029814,633
10.373607950171921,0.10051698487690593,634
9.953487595778512,0.1508547228416547,640
10.364996430787082,0.05428345981098005,643
10.64266120050153,0.057078346430508256,637
10.492607454880783,0.12738897015462056,638
10.483007656092619,0.24530019300176448,644
10.843101078818478,0.11465809047649529,647
10.618626122933744,0.2635576673388359,642
10.436244453051767,0.07648367828589563,641
9.791035137474628,0.20647924150864838,651
10.307319501240839,0.15413070539620544,646
10.36409206811486,0.07553728104610447,648
9.8777255370439,0.29056268469875385,645
9.79956533591054,0.20440200967770283,655
9.717941804402564,0.21404450468254238,650
10.825491351127443,0.130560131321064,652
10.120728015507318,0.0810762818737293,649
10.707660096881291,0.05783118673968808,659
9.882616566899907,0.0644915782955869,654
10.490188173456163,0.07986091243849983,653
10.30851142178544,0.05816547998285759,656
10.654193506913334,0.08112454889904509,663
10.02192170805503,0.14508709345461604,658
10.779551639370496,0.014850134425269272,657
10.264033787113098,0.12687313458659952,667
10.711790524801216,0.07759440894691713,660
10.260909502459622,0.20436193626817076,661
10.565341685081753,0.0892361582010287,662
9.792492983278203,0.13309660792471542,671
10.018237521161042,0.18390171158753404,664
10.530379116084603,0.1948323740503158,665
10.12282924711487,0.10764248799855414,666
10.672680505033368,0.04654050392298029,675
10.643926784161474,0.03555197058283518,668
10.528234219224027,0.09197335072680445,669
9.890730483114933,0.21752016464187773,670
10.492885867073143,0.07477646563185292,679
10.660661566967537,0.19726406293243315,672
10.679391095756433,0.13299762653010916,673
10.828372979978678,0.07280619879182697,674
10.268643467461187,0.051805147943466,683
10.25806354468433,0.04169399382775894,676
10.13844215544377,0.13388080973442024,678
10.339378364088796,0.08646296412083564,677
10.10229087244162,0.17435991378206714,687
10.473906180979116,0.07588740288293112,680
10.566024186492735,0.05127719832527266,682
10.025782239594289,0.15857093837850308,681
10.761120418713386,0.1459812394138099,691
9.886481438247024,0.16711958713547959,684
10.148530921425571,0.06258725426930027,686
9.955237064047287,0.12409421060916537,685
10.002785634943118,0.10182941549613085,695
9.71334468193188,0.14279650462086454,688
10.17030646481967,0.013322260908462932,690
10.581929204465597,0.13367499728854024,689
10.634046243656204,0.15421851051455965,699
10.698182181177666,0.15574597824148706,692
9.994164431957481,0.1304646169884151,694
10.191157968649518,0.23226232537826574,693
9.871538900256896,0.15653867994806148,703
10.171334229754736,0.07211556261634174,696
10.015470636489443,0.07678883732547588,698
10.317246809763013,0.1924309885055278,697
10.064853241270654,0.10986558379307626,707
10.465152491296898,0.09581288680998488,700
10.667796329304625,0.20716155326778896,702
10.207081474624394,0.13105053215226756,711
10.38034703033049,0.05040315309697886,701
10.755405802589909,0.2110285558057597,704
10.392640089508818,0.05250086518576544,706
9.833516766411474,0.19909251524213312,715
10.204091347990449,0.043919138444364146,705
10.718958338791861,0.09763694387025411,708
10.846719483743431,0.07824897388843388,710
10.049200928086641,0.04998357518271994,719
9.890668100991494,0.27128542502419767,709
10.78623496515914,0.09352274039289361,712
10.019921371302367,0.03886477620920505,714
10.557866462613978,0.08646337341111038,723
10.833608384568421,0.12414024705945302,713
9.909178052258323,0.20579727688408145,716
10.842510086574723,0.14726964348232882,718
10.136147523041721,0.06960227561676235,727
10.630595515908235,0.12516864910513056,717
10.559084016889635,0.12456621560189374,720
9.869104647195565,0.11281650389924047,722
10.376017461187676,0.13476492205245774,731
10.639046942937131,0.15111610673666406,721
10.312253450065677,0.08960590297268792,724
10.57203165526785,0.13810902911194392,726
9.881734018303913,0.13813452157801862,735
10.532731547937676,0.12039878766658388,725
10.736416238575424,0.1353541923209064,728
9.850747571918648,0.17023752235093736,730
10.682813529842752,0.14553029331170433,739
10.003811420017005,0.1678830340183288,729
10.313462059131782,0.04924144270834115,732
10.225308642203611,0.06287217049402631,734
10.734188453563142,0.25025904678545313,743
10.731794117897776,0.2524517354085058,733
9.857374645143969,0.06974070264725923,736
10.447785005983672,0.10005628781404002,738
10.39471631755262,0.20166961323981397,747
9.883986061398305,0.3308584196222087,737
10.039359784012897,0.1769179810940758,740
10.032217608335907,0.051415850981930224,742
10.5900283215729,0.1772584015189875,751
10.108068690233058,0.22953277368586755,741
10.014306720747287,0.1463998758279154,744
10.814449846718484,0.0999514257250454,746
10.038186592106292,0.004530570517393429,755
9.842186914548853,0.07271311232538549,745
10.512262172581904,0.22297906602877152,748
9.740937268074775,0.14732408024563096,750
9.942220008919604,0.09686561918102705,759
10.832618896722817,0.03095652614273574,749
10.738896373090965,0.18851316764672157,752
9.867542689861224,0.12879129943794548,754
9.904268601815343,0.11084499327547118,763
10.318849819523727,0.13527111720650317,753
10.486711749229288,0.04818028249542185,756
10.573163186220103,0.15100468842145506,758
10.655181674345725,0.09520485862545192,767
10.643673899601943,0.14054777043344466,757
10.591831158938017,0.19599892487017298,760
10.361066322947336,0.14812441978613725,762
9.727284548204493,0.08517696541567815,771
10.571622515196898,0.07878012358802153,761
9.813482152412389,0.06366241712244007,764
10.08015844625498,0.011366248171987482,766
9.932142318000695,0.14373670558513088,775
10.08453589683445,0.12812865893258826,765
10.285603906290573,0.13414083488318057,768
10.847813724362565,0.08283143160410099,770
10.801636997077969,0.10479545790526995,779
10.309091724106567,0.07373825258491461,772
10.826826693842191,0.17442284678641531,769
10.470412457734135,0.12208274423573413,774
10.423307910723622,0.10814477744948306,783
10.845679001528802,0.09106134238273039,776
10.645380922341564,0.12591095498267665,773
9.764908498561569,0.11710184561561304,778
10.662643068238596,0.12014662483887184,787
10.425089275919268,0.1403664006756754,780
10.295270442336461,0.07913449702512977,782
10.148910795188137,0.04816123477018561,777
10.594225687309644,0.11571325791229976,791
9.775282568330935,0.05527064776207661,784
9.849206901641354,0.044549408765318224,786
10.25080602440633,0.12065121502963705,781
10.411273632029975,0.12398086497344117,795
10.713146597070478,0.1633935636034407,788
9.837174800725817,0.04317017200912143,785
10.37899400636357,0.15121635920930876,790
10.843408789978012,0.0961483001947932,799
10.486155452233358,0.27165064556578017,792
10.156677562072788,0.041595783747721465,789
9.876490166170912,0.2276502390516885,794
9.991681926063833,0.13438428799037322,796
10.276159115967603,0.1553264698497011,793
9.870669363502055,0.06707586198385286,798
10.517650827795675,0.13587239530077308,797
