110.00386648981132,0.11817557510789484,3
112.1568349677329,0.16602803125255264,1
109.94663576981729,0.1083549892603193,2
78.86750554947913,0.0785418759821049,0
50.11421345409466,0.06673697378422301,7
52.84105523788729,0.15546512638122104,4
35.08979884593637,0.25746451058812425,6
109.81875092711041,0.05839747174100251,5
58.772068120220176,0.06496535808821441,11
104.75855232418074,0.09464704163824779,10
75.88038406966757,0.2180547221623792,8
107.78681863646608,0.09077990191749992,9
93.59105582158817,0.07528355802998606,15
98.0207133307251,0.12271168544785958,14
117.55862977200782,0.015183540474821297,12
106.86502813717907,0.14459170593990378,13
115.56423358085475,0.2042316814097228,19
103.11163244785747,0.05845033991068708,18
101.53214095273661,0.18160467425348492,16
85.51802093199778,0.03552852021707128,17
122.05802510602585,0.26199938181377663,22
68.2092092430656,0.0847680439770985,23
117.7000551695415,0.13206317131197073,20
38.57631137348636,0.01857526429317264,21
107.65519006061633,0.16664642329609708,26
47.726429425413876,0.0890757816098916,27
47.34508602077434,0.060883653644846394,24
66.36422579142896,0.19698661603947631,25
77.718927291294,0.1987806219988626,30
115.79143358335142,0.05164129370772324,31
41.106054697038054,0.14307301218808618,28
47.00210591738172,0.14616397138475518,29
90.44694495679293,0.14189020323130638,34
33.00160488731591,0.07115809394831674,35
74.8732371813546,0.19579072285378132,32
73.74462627689701,0.16910478069371826,33
44.47687801293413,0.2197683112890154,38
102.37911853432081,0.25294691073102354,39
90.90224429923903,0.09568598500944603,36
67.95732926202044,0.1088838562597268,37
119.43109020177674,0.16585348216589502,42
52.42766203056858,0.07615402332146094,40
85.34187329245083,0.20413107383491058,43
47.31781586342715,0.2413092825008788,41
103.6158496234842,0.1503407904618738,46
98.77989418614382,0.06305908468951317,44
119.28948543221323,0.04091865635981235,47
74.18841391747657,0.1735701231815085,45
107.38277026072896,0.17214936371089987,50
48.539501378999915,0.10551968714044656,48
91.76179352780515,0.03828624769697964,51
103.23727262584381,0.1367210645561571,49
52.783696896268374,0.21211651835531886,52
123.73815022415093,0.09145180175009271,54
34.20986763773468,0.24953804147580502,55
106.69899569109418,0.018337479428105728,53
123.74993992351082,0.13971898556916665,56
105.55511584198545,0.1255465299627186,58
57.67081197483693,0.05272097302637946,59
26.689857848817343,0.12131641916232255,57
84.95675827282858,0.05675850701722375,60
76.36014933408836,0.07309008435575619,62
44.377534429026426,0.05101916283350473,63
120.92978933080938,0.22570588547822246,61
124.55068715907018,0.023020985814785542,64
59.91947041008058,0.027118156021067152,66
78.85518902255411,0.16024534370115912,67
117.03940338246971,0.08881371371425209,65
78.3388110228866,0.0567956527585622,68
116.32078579908443,0.14147029353882817,70
122.24478484860364,0.07547454140234042,71
113.06993852833199,0.24375056350274288,69
107.90610598500186,0.2232038052353524,72
70.59458088619138,0.06948912228658936,74
67.41649694100997,0.2063863231634014,75
44.15022039193721,0.11184399771478824,73
54.64360615464835,0.2105650644802963,76
75.47994950211341,0.04601009771997237,78
91.74096501048146,0.20966700430938878,79
102.70336695827797,0.14464235956280166,77
65.93676342876367,0.15559373284475403,80
110.47585880869251,0.16939933780093439,82
42.08705009379015,0.08981929108315104,83
56.6916597402664,0.1785376158941979,81
54.02509395704767,0.08536809954075375,84
42.08662826130433,0.1447124049630021,86
118.21169813579564,0.0674596059582766,87
32.498803199492,0.09107915933023246,85
73.23863516201314,0.11501231625602455,88
122.82990576392517,0.05193316589888174,90
103.87635445274204,0.22820233425398354,91
97.43000719340796,0.17001589204912237,89
80.60595275290163,0.01981041705871619,92
53.40697062209044,0.015366056789738253,94
103.04352805593375,0.1822569571206207,95
109.09773764924346,0.15996569860831267,93
60.84723123971729,0.13152792643539868,96
118.45688336478143,0.17672236741371045,98
40.562509349752006,0.2595630587291118,99
115.94458732043374,0.3081893407236962,97
91.23553984724195,0.20788692918960036,100
110.38745908707985,0.18235026420039147,102
27.931027144865496,0.08687233625999016,103
112.91618101333661,0.21194898811453775,101
40.5427983914619,0.08248474712175963,104
43.36980329564012,0.049748864253290045,106
106.27783044926034,0.10619091302036861,107
30.660926414631064,0.14564922068490568,105
25.567700388696935,0.008165039817303895,108
69.05917274622769,0.08308561258114262,110
69.83858271659143,0.24387662222525727,111
68.82480360887618,0.10538981221005235,109
114.90914944042876,0.15802435761587774,112
89.64409448688654,0.08076978171114875,114
27.220100014763137,0.15155144179209654,113
95.00309312371954,0.2099252354425723,115
121.35171045452371,0.04956745205479244,116
42.44682187980406,0.06825534499195844,118
64.6589695116582,0.05815304618216828,117
72.94037946698997,0.013819490072115173,119
60.68545880359058,0.10287715583701669,120
45.04613103845738,0.0912824175550685,122
104.73402157833165,0.04773339832322927,121
47.147253334206226,0.11841564316630976,123
78.4112343051116,0.02035520384393059,124
121.15080531844946,0.1766116170489489,126
116.53212847543494,0.1340045731302719,125
39.746338035546415,0.12322049662755495,127
67.55414144715041,0.1222418973225376,128
108.94737883841529,0.07145414585049616,130
29.378328893606653,0.15500242161817926,129
26.36417400200979,0.08752811335911397,132
108.39891050951842,0.026301703112848747,131
124.32938804787335,0.15407937943039407,133
80.34629496337166,0.101518912891108,134
56.08416153526109,0.12242705941268797,136
111.85009872987791,0.07353643491971311,137
108.7138364802797,0.1190204232335566,135
83.57306647563239,0.023933961492897157,138
45.361569293643335,0.15100496824981327,141
77.51782044564288,0.1252906969609035,139
46.051015409271386,0.063930358876862,140
58.190865260048206,0.05457425820342522,142
54.057229985178566,0.07642964729611362,145
50.37941547330449,0.10536140436279318,143
90.7791805766329,0.25396154652152186,144
50.97311288640306,0.13745395659893653,146
107.91973004910994,0.16669232493399674,149
124.85324148004388,0.03099239415698267,148
45.72829571372452,0.12829443748263117,150
90.0013600567793,0.09402480912998822,147
52.8386371934637,0.26261126977718274,153
118.48516925710004,0.09879200996788745,152
124.23373181023338,0.10844159168022441,154
82.33748876260213,0.11798396684151558,157
88.71597351588834,0.09752918222567541,151
50.623406134301774,0.0649619517348649,156
41.18909108561761,0.05883147098721712,158
88.76992837962354,0.06945166346611498,161
70.79624844437576,0.17774175174256532,160
124.91675943537429,0.13710333086062906,155
99.6879713226137,0.07043705557546931,162
110.07870829117672,0.15913869158221025,165
110.27366142096002,0.1929461290646448,164
82.68189204198536,0.15822795324405128,166
86.49606070113254,0.14105848790186712,169
102.17539022763825,0.032270732508006654,159
120.48043920765,0.14551396161717867,168
41.24174371318681,0.10669105283457403,170
39.47699575247382,0.15497881798689284,173
64.46566663935543,0.19275744557348135,163
101.72948821177081,0.2114069206944736,172
114.7759146517723,0.06504480259360756,174
108.85374735503373,0.17779299163430762,177
89.39969853515059,0.06181840174551494,167
94.65627841152649,0.012246268126552133,176
83.10707780364909,0.09501942498768685,181
90.7932179792473,0.09415430615161981,178
46.79392756324579,0.04014660348639942,180
34.3938440553992,0.0694041136512764,171
60.55260164814988,0.027820169837856342,185
30.57484507515302,0.0694579896879925,184
34.610782259732,0.13183461478685193,175
87.15969802126575,0.24248031430371456,182
86.36420568739021,0.10803450888791011,188
110.60246672855077,0.24466426007838116,179
53.57941554911867,0.11337559609090408,186
86.42137522653353,0.05629684569357986,189
99.7370143957147,0.11377965855652246,183
116.20917881171718,0.12806205732965525,192
56.68367379113638,0.15502775138467942,190
30.62226810929588,0.06877676721687817,187
41.57951588366436,0.1270581615389795,193
52.00766876093576,0.10538341839239868,196
67.50675113810746,0.11157293334278735,191
103.11283153553961,0.1919440361686891,194
48.43046047864217,0.0657128688514885,197
29.602918015379597,0.2291668909365893,200
104.19258526535668,0.0394812179444553,195
100.26168172861996,0.07692627740435364,198
83.96680644889777,0.16429837388676827,204
76.50489424407876,0.13509041104477124,199
110.760769314246,0.14111434882485135,201
90.78246951476608,0.17130994306819336,202
85.82341480633016,0.12678128608293657,208
92.04745532563773,0.20376591817474968,203
28.376322400433217,0.13868489723191613,205
74.21969650043067,0.28203706491079833,206
28.437941870671768,0.03310353045334654,212
45.46974729904475,0.14040966586443568,207
37.076873501507514,0.14393346466240706,209
88.91685328915142,0.1537635910314964,210
106.77735404343873,0.19164632323623035,216
106.56505095441598,0.2527953755969309,211
53.610146616951894,0.059901196850961874,213
81.82650843850205,0.083229496749412,214
48.27915941038133,0.04025474227054528,220
91.91336862933318,0.13908218550472626,217
91.30278051239138,0.17871401544553442,215
30.320131366036318,0.16981209597647995,218
72.6063883050248,0.058210779898668644,224
36.23872717777847,0.06380648329078234,221
38.38694650347213,0.24212145073015032,219
94.15432635236614,0.13308650939461,222
38.432628752863586,0.25760693741515955,228
87.50360020728209,0.13957572596840703,225
120.41786625446798,0.20626115697884037,223
95.38202720291964,0.09453440958004847,226
38.06624439486747,0.060768802777592085,232
49.76043917029834,0.0574308917368451,229
26.57230743395349,0.013164770871356611,227
92.67820628990674,0.09263467832811734,230
120.09696142317469,0.06723134700231631,236
68.71271678758987,0.052792974063525046,233
91.2647273571226,0.18837147392177384,231
39.71149336659007,0.09043542295984525,234
92.91706132096526,0.11199304552745802,240
116.7875805980201,0.03278939621847698,237
58.32085833079568,0.244502537116416,235
108.23887077768968,0.18142067032850537,238
67.53783576600682,0.022972568760004933,244
104.73381365443916,0.13275247205880747,241
124.56630754204943,0.11307311927574365,242
54.365246854223216,0.2550694971558194,239
67.36250759018537,0.038520724637709204,248
113.49176262323904,0.057633598135018727,245
91.33375306755637,0.1483215278816413,246
97.91765145517084,0.2151326499906813,252
100.56964555833277,0.09730113683109311,243
44.55755917133908,0.22112721974268879,249
60.92827420730204,0.17890207353203255,250
42.15093720572902,0.050785259316769006,256
82.55967793591351,0.12533137503885772,253
58.35971432921646,0.07725806309494522,247
37.858985085747335,0.08203992720787891,254
122.4139571532019,0.08297316774147286,260
64.1980841577788,0.1846187319253314,257
73.34309946128585,0.07447653659797474,251
47.505006330669644,0.201004689036637,258
69.30058163828245,0.0600868652905327,264
92.1842851980569,0.13607555366066384,261
50.54882148163421,0.035394625477812185,255
113.33060153482784,0.10972014418633068,262
26.23697465132102,0.19619661449854212,268
64.87145238298497,0.06392068501837715,265
30.481102271869943,0.054894922551821136,259
73.72776299734866,0.15034456385153466,266
63.862374083480255,0.0828936996074821,272
50.614581542515864,0.015432080911252147,269
25.426010010260203,0.08707340162313555,263
115.59508234637565,0.1566878983823122,270
73.52390053746765,0.13526345609397847,276
26.444922142889993,0.02037896225716022,273
89.72712057005224,0.02963664742707678,267
98.03725352684583,0.17154884517267155,274
94.28452098529392,0.27200016818760947,280
56.08994705308014,0.07790080955429292,277
88.05833106423407,0.1407191533301194,271
47.72183740259764,0.07195036761034276,278
26.462659879134797,0.224978472209343,284
69.78891017968655,0.15242478346607974,281
84.78633061794903,0.06657659045714281,275
25.16883076921822,0.06586316155709483,282
98.42845866976154,0.024065722583375637,288
28.003361543825367,0.11643052776344927,285
89.92745651571369,0.13839983652865762,279
69.89181146349813,0.16099002844361843,292
90.42950119169879,0.07258839713595334,286
106.75542150404476,0.33215198280893876,289
49.96172201936899,0.11804852966650324,283
74.182516749215,0.1972038129536031,296
36.71500563102589,0.18865314369047542,290
58.561285422571665,0.09242448814396041,287
67.22878759684869,0.11100408688187297,293
56.070846320021474,0.06388919603691416,300
85.78517329994686,0.055788641667715216,294
43.45922741331627,0.09558412992595684,291
110.47613907194999,0.24015865807416092,297
83.25507853749886,0.12708808983635245,304
65.9330657926242,0.19550944831796976,298
26.78960027092041,0.07904148314404097,295
32.660895057639316,0.005422042100697119,301
29.075062471207623,0.09858055080025112,308
62.284954534936865,0.0698359483062623,302
80.21911239328415,0.055099137888206765,299
103.53370685207591,0.011826730225738298,305
124.92210372863113,0.10958202328752274,312
88.15701918852326,0.047814042198386336,303
71.80638621404312,0.1314758318207966,306
47.39395012126714,0.03219541343922807,309
27.149464490208686,0.270101037757872,307
51.9788285844817,0.1810778357685795,316
43.51698493342213,0.18192122698413216,310
100.3946152188219,0.07706264275378759,313
99.59434555251508,0.12639284368844303,311
109.69015679750504,0.19776425067783854,320
105.2458096914039,0.17953125004453538,317
109.48655388500737,0.18029841653703127,314
109.00089038517457,0.15896496594699094,315
92.51683972842963,0.06177285787644698,321
109.93777499705051,0.18042790247872142,324
52.32799820356489,0.040303629931741095,319
83.13742601551692,0.21877394612671788,325
57.90180084247159,0.1383449596298984,318
122.48019644837846,0.023070951453557222,323
118.73553503392323,0.043095710070834445,328
77.72290067628494,0.14748945209059958,327
75.2494397080735,0.1279231208615671,329
54.94808686763439,0.03682105675908319,322
37.18864997106085,0.06808480979092231,332
46.84315318905505,0.019848706956401434,331
77.22399747324283,0.11067517634065925,326
27.12384498591449,0.10356093317462803,333
69.60043986934842,0.13423392719284688,336
44.154909332790425,0.09851251526603788,330
99.02810169039202,0.10190767324354955,337
93.62964694675253,0.0704468484911963,335
76.69622376580875,0.07698442239989282,340
55.10896281444296,0.05867280955426754,341
77.1253712058323,0.09647256154273795,334
44.804477673632164,0.2063659641199334,339
96.89921025064685,0.1281215516696384,344
73.44641344171708,0.13872628754903515,345
84.44593351372049,0.08483477201832262,338
30.210484382547275,0.2472992868691137,343
63.847304726713276,0.19221444160881393,348
44.45465156345565,0.110714735772746,349
47.266474359981146,0.11031264287434782,342
81.41071202655594,0.10285599255758647,347
67.72193316499938,0.0952024223887464,352
107.63024499431694,0.07647925771831211,353
122.59394126500567,0.23816549468116377,346
26.484639085932038,0.17613293173537412,351
87.05340183613234,0.15260140853929827,356
51.00311996587959,0.10660148042030176,357
33.160865725132325,0.06421892846277137,350
113.36982167523169,0.10069768098027548,360
52.026927387769284,0.0362016180359204,355
108.94379260872003,0.09392171773456964,361
72.90881933633187,0.039889262452837165,354
68.0396477053699,0.17382842247425884,364
111.05655138304974,0.14795183032846487,359
96.53457228698468,0.10413174410206155,365
101.49720171594413,0.030664881340212332,358
71.44827864717303,0.12111868642409998,368
89.89333332319785,0.10957359415428465,363
93.10687427912765,0.08299277953891725,369
61.077523983021855,0.08383054644671578,362
78.96413081957394,0.023354456570027656,372
97.7963246673672,0.13759677907912707,367
91.60952838290474,0.07727046054513947,373
98.61318060527611,0.04040490894732194,366
122.9985616447018,0.08964639712969018,376
121.78110674203822,0.12220157188941422,371
42.574166812613356,0.0767299007275787,377
93.25255981579421,0.02556201485346138,370
25.503138111313806,0.15576412501581333,380
75.95180810435883,0.20932512052107902,375
100.08658852432937,0.18340275151407276,381
40.511878712428164,0.21048085688654813,374
26.14736454234383,0.2027193900536498,385
103.19654283371459,0.19285426538577186,384
26.860934529744462,0.07978645192849437,379
81.42887228764423,0.15276986184015337,378
54.25177796937429,0.1109629787499755,389
62.598279232494,0.12166366428202624,383
57.47741099678463,0.041792433650464623,388
79.63297146397653,0.05579628009874489,382
74.08148473477824,0.14985436373599448,393
117.12746479067388,0.009045689740323685,387
91.3292585020677,0.08726686943765027,392
57.25209014095586,0.07542506059173604,386
50.768270500734246,0.17247017338183562,397
80.05179008800786,0.024948705851780533,391
38.635697210091095,0.09419305472803131,396
109.69638377126026,0.13819083931187745,390
108.38421474985327,0.09584983058353866,401
118.16929789157354,0.01112298916442924,395
69.65246794930223,0.23516515642313834,400
121.31364300371271,0.14483046901617785,394
116.42884089283524,0.13750437284642852,405
120.38683257751502,0.09057215611678998,399
37.627881071981875,0.04571494267793788,404
119.30648772103194,0.19414351087421952,398
45.94857592789862,0.17586258043185474,409
118.13646911348788,0.136310241643506,403
69.16021971827891,0.10966103450001508,408
80.27051279907549,0.2608667102715012,402
60.748546771740365,0.12104726054910292,413
58.10808876363575,0.10888127398959391,412
25.14986730061769,0.1254951529789584,407
115.84001919286513,0.24680652147020435,406
32.49164192353653,0.10342010588902827,417
98.59841511523716,0.038699713464614593,416
46.13666687940318,0.2828167142145999,411
28.62104849380367,0.15062812612809973,410
96.3730089306548,0.05035906447885324,421
61.859569293318074,0.040531128641989544,420
25.616889715249158,0.18448614062289578,415
54.72341358432627,0.29543387248765296,414
104.5361979161019,0.1632968829923125,425
58.27677073764341,0.11727549743161184,424
120.61671298803991,0.11546764717140155,419
117.27385884250513,0.15991204682453847,418
33.02853666314627,0.2221730057127355,429
42.76321289470412,0.14152199324088408,428
116.90666383920045,0.08821436819599493,423
101.22118093850779,0.2151975118433237,422
43.62228458454932,0.13445096095112966,433
79.19309241986794,0.05698061208453316,432
96.6789498259724,0.017998839268984056,427
85.59356085061687,0.11607757203619061,426
55.03989760052022,0.07387648379083678,437
60.71489585903451,0.05598893030386092,436
95.77242640789292,0.05479381605111747,431
87.33405902222087,0.1558298185536678,430
90.26335968859655,0.1919021464430206,441
44.479080782534666,0.08181864297363627,440
34.80141030137802,0.14001476649663408,435
102.39792367588394,0.21453353884366747,434
46.0293583181908,0.17100268834439172,445
43.12222488504449,0.0953608785011242,444
117.90720717776365,0.1598963249700097,438
63.33098628769414,0.02404530181648923,449
109.61139629308742,0.19269650755811504,448
116.69185936353898,0.012097693060907746,439
73.50246518980339,0.20573181993491915,442
31.51142153430653,0.14007713096505844,453
88.96583218455044,0.039009062985267184,452
94.71700484015635,0.03314392223228501,443
65.32447954881192,0.07976176626533288,457
94.82776484883016,0.026508829167215277,456
34.50593139527991,0.04937303589298003,446
102.69540738722131,0.08482475682848326,461
100.98142875835478,0.04438210987560624,447
30.406617225200847,0.13096949682134126,460
47.41632848138939,0.09580269469566183,450
65.84057158124199,0.13653451836248073,465
44.32707680825395,0.07699067106745515,451
69.27653241340212,0.04201618547384617,464
40.38638047738354,0.10021843810236615,454
65.8956641886293,0.09025849407960235,469
108.7193241846141,0.04678969783633882,455
80.54407998780515,0.35771761420341713,468
114.27160087210724,0.07848553392928286,458
62.04493771812422,0.20362654639045347,473
61.76028006208188,0.25887811596469174,472
96.61944212965956,0.1847967690200054,462
75.62458240180086,0.1823042407775516,459
94.47637289989615,0.01690616684469497,477
94.29409722069036,0.05882339264992799,476
60.72338046110385,0.09905693921594536,463
101.12264958395724,0.08158358633423496,466
80.65399915542068,0.11921544594392748,481
76.24973752191048,0.23765873241155747,480
109.23279489538636,0.22942041409684735,467
69.87596030300728,0.07459137616473345,470
88.83328363392991,0.2482720339986508,485
64.02244212188938,0.13273663283616516,484
39.65394107125558,0.1585561694619596,471
39.67541946722941,0.051913609914549554,474
83.275569155988,0.21837971893331792,489
102.6108543890664,0.09906433471606732,475
73.96286672084196,0.09452979760486013,488
45.92637591091035,0.06641957128931678,478
79.89364429279752,0.18117928190187083,479
66.46777625199317,0.0414714939253652,492
104.36332595925373,0.2625526240427214,493
87.78406479195498,0.18119900350377846,483
38.27528476640799,0.059478320195928115,496
123.63607650988352,0.08391205176722662,482
103.19572540547694,0.15321688656637011,487
96.11635248112245,0.08570619356878614,497
101.97074661288984,0.1712767320907095,500
76.57876625576192,0.10448259738696618,491
41.433182219616285,0.14611849946157277,501
35.31260375947627,0.14027522419528557,486
107.46410290172538,0.18011895335000971,495
94.41204994450611,0.2162419660558971,504
98.41719426944744,0.16610974473823847,505
91.24206488721899,0.0975085194128586,490
39.22210099359158,0.11928160075550816,499
106.98088461228603,0.1226599955674828,508
73.64805183161133,0.17022579976640176,503
76.38164065788283,0.08096412255571936,509
47.5282665863908,0.17256036895030705,494
93.93893812257426,0.13286624378438885,507
107.1019172220515,0.06698259633411338,513
89.12429711336824,0.154881247047658,511
74.14648113326348,0.02470040240565384,498
95.18712013667479,0.15590093861187718,512
73.4927281606472,0.2410573240975009,517
79.00031441526713,0.07326456034747006,502
51.5415842894854,0.167241389539001,515
115.95400462172184,0.13061200122995612,516
28.93410763949651,0.16019548875236875,521
54.708592774197456,0.2009387745879707,506
42.19151575300148,0.14908062781702364,520
109.94680389356886,0.05913537804222301,519
111.99329609308234,0.14002958368454435,525
47.19958002909015,0.12040683224892182,524
107.9783172821139,0.15045786114802326,510
119.09880790134896,0.180908050720818,523
80.0621665077936,0.21567347497261205,529
91.79138610991741,0.2228122333804358,528
72.15176929954364,0.15657149185653554,514
40.177219240170416,0.09378237101062013,527
115.09740887614306,0.13525003723522108,533
34.84346002261547,0.16336009860116407,532
48.426354251937695,0.0803618087830731,518
56.67354487268228,0.11716365096754938,531
119.09497819328467,0.15647861428468512,537
82.94717025963271,0.13657592829826054,536
70.83675275573938,0.008903464820280847,522
86.3481002830782,0.05866956786833885,541
74.05487529265773,0.17410032122117525,535
103.4522121967529,0.12670352648188,540
108.28705127348432,0.12704207147992558,526
29.638483535958315,0.2663972897201194,545
91.63202219196187,0.13115216254882356,539
119.32300394880906,0.054094837624810946,544
40.89108471979157,0.09876273238942429,530
60.225037338748876,0.04035098605092152,549
62.26600636659394,0.22088386350281397,543
97.42814946679923,0.027472662236166463,548
37.99194259243322,0.11616326443775865,534
103.09581309240149,0.16582055305936613,553
76.15226940800345,0.0574218174328212,552
58.9231764143114,0.10295634844695983,547
66.46140991190009,0.23681551976350096,538
76.8776256326805,0.009922986205529198,557
92.386503181275,0.22944700542767033,556
79.07003653093673,0.2818748594163487,551
92.37691469020007,0.0811324947638506,542
110.66374662639369,0.08394079215000827,561
98.66188298331802,0.17992047091297197,560
88.32848789443852,0.2128537914907397,555
30.020976902090545,0.1327539504537492,546
59.42420532489788,0.0673355235338201,565
26.01391370937308,0.15965810933115787,564
25.637119824909117,0.17387279595175245,559
40.170203066657926,0.07996528723013609,550
118.60525628736886,0.09558499796615089,569
41.62601995359224,0.08566404350230886,568
59.134607139742535,0.09180195490046811,563
31.866912252445346,0.14535004706506927,554
78.71105090567895,0.08338213544340847,573
104.3031048820001,0.11798930673664171,572
122.11027444086976,0.13771484545137422,567
100.95899067644487,0.14901691712163645,558
96.03604976042138,0.12917255784510373,577
48.77059091384265,0.04231983683263557,576
87.36508798782411,0.06196320945483039,571
61.31716285427737,0.03522522967652441,562
70.54518412460018,0.1781164228888429,581
103.64376085061227,0.11204154408362499,580
30.42615303311893,0.08943551576374709,575
48.563951089313775,0.1477871632479302,566
30.63613112687151,0.18126385140673892,585
94.98306080619055,0.027939865135478782,584
58.452438052905784,0.06715193021702003,579
91.34619068771936,0.23140751403767967,570
119.38645814871907,0.2425749935257586,589
90.220898692653,0.047428103860142734,588
86.60563042671274,0.17412283940937312,583
48.82259489725092,0.1428166139035683,574
75.54586566263856,0.10894000323803742,593
53.03352747073773,0.0711478599795757,592
98.27051514013635,0.12341844452849574,587
115.56496812013575,0.21358655905199475,578
28.913818419519565,0.17704854682544358,597
70.2037011487789,0.0887654299608943,596
55.805212887445556,0.12160294878703154,582
35.86883483706724,0.17877793720564292,601
79.40643104421139,0.247006447733849,591
36.00655232340152,0.06421336568907113,600
59.62872713499344,0.13699639561184873,586
41.22444673014293,0.14011132088403982,605
58.455025523067114,0.17005444594806624,604
107.54214461845275,0.09311955080862956,609
91.38745895654193,0.012620728749809166,595
27.17119436010027,0.10181212897904438,590
105.74963678096164,0.20124238576216158,608
38.577842165194575,0.1228309066298319,613
50.51505022670082,0.10135809641084202,594
101.9977263415467,0.1029753808282476,612
103.3827772504101,0.18391835484073837,599
78.94223928828457,0.09202112344637475,617
69.88739681316075,0.08320886274469579,598
79.11406627901654,0.0512132771956226,616
99.13327645276689,0.14858463873291292,621
74.69464007100038,0.13830938202233675,603
90.05136568099704,0.22673502678037646,602
104.34585162936091,0.08110793741617636,620
38.26654109100743,0.15590303251755644,607
110.04934897261826,0.05214533411048771,625
74.830281975616,0.19926753986459234,606
48.87263841152401,0.1738521731149661,624
114.30629747389416,0.2081552563654664,611
124.93266420308248,0.14420443571766034,629
53.5208493542628,0.15669412152978293,610
86.92785643118908,0.0968242566135318,628
83.6075791793135,0.045581262774545855,615
32.23548505225927,0.15568678630752852,614
50.42475410232642,0.10017310656762156,632
53.39771495486943,0.050034079293426306,619
94.89568760691365,0.0926495654223631,633
81.78615757623184,0.09019566321471621,618
27.109825296252943,0.09542622878286507,636
28.14526361497037,0.010801638257904818,623
110.50618655465115,0.16711918088921496,622
91.02236606260644,0.11733579099312762,637
55.058580358957244,0.17814611309164907,626
64.29032673844272,0.10440474645140592,627
90.42143253280398,0.15576482607763875,641
121.40850403015202,0.08457231774686638,631
53.56836877706629,0.10305926669101668,630
35.86676832286243,0.10772464239275988,635
57.20790200371698,0.18337162140321864,645
114.59648156544992,0.08447464523647608,634
92.94477111734844,0.07193791332332891,640
28.277522269347145,0.15225222799281474,639
31.623469670961512,0.1491327068994764,649
41.089834873552476,0.10413365087566191,638
49.145266142004814,0.08730735400595921,644
64.24625824097149,0.07777749233136771,643
101.66567595693216,0.11647691872635052,653
27.474871745779716,0.08485742463134882,642
52.10645547071616,0.1557970761244577,648
52.49574288833399,0.03912752171681174,647
58.51463184850236,0.16750353784786334,657
67.92714956354507,0.046814185379274044,646
87.75442700897524,0.23052062860175765,652
58.36011581950428,0.18768163341089267,651
107.17474426585858,0.1631364814357513,661
43.80256376809385,0.1222290544482843,656
86.90565353889139,0.14317698094483577,650
47.71856283952398,0.10525514323114651,655
47.74195858713452,0.11251401787729808,665
57.667998722537575,0.15404117841936724,660
58.25821604663426,0.18594347355944021,654
99.001724316524,0.14666739576594942,659
44.671813707633,0.22764794948840594,669
89.50436974070591,0.10015826205300225,664
120.82250679278822,0.047519177628670826,658
30.164437091678884,0.2667782425887099,663
41.59788590623218,0.16755089700693465,673
102.26534588091667,0.11285905755899964,668
89.80042949194016,0.060371677581951735,662
111.93415426562837,0.08140238974670204,667
28.682258625866087,0.2408598577000739,677
92.79964696068681,0.03219713087918618,672
48.394229518276816,0.21556379446693075,666
116.67296407994017,0.1191369098352866,671
122.5562792767859,0.06991341485023389,681
77.41168990718346,0.09423667680325522,676
114.89765737485632,0.1889704486935667,675
111.03414209145095,0.07157171138762089,670
77.05079327404778,0.08240141781071497,685
101.1064829626488,0.14098261335065654,680
52.35535793194845,0.12223859625026197,679
51.42239805224855,0.02433630094269929,674
119.27925965230453,0.12617245436534624,689
106.8942056044011,0.05801023915185996,684
121.48134286782332,0.16658168422828395,683
98.91670548557855,0.2383474093305291,678
91.95518420511416,0.14075359657652556,693
96.38438702655887,0.09791451335689312,688
107.40485873636906,0.06820705758500531,687
117.87396719807003,0.04732155155781407,682
102.01084132220521,0.09407648352996087,697
37.005942556450144,0.11168970726507797,692
57.99619296561755,0.1626639074872115,686
53.05924015995631,0.032764778394236985,691
81.11299954430798,0.16308761436584873,701
120.24430386617858,0.04141255715796599,696
67.27032814655396,0.087517965852032,690
80.50855975248359,0.03097104713023276,705
37.37999760677945,0.16746321625191452,695
55.54710907549973,0.009192614754915595,694
76.0966580964506,0.026369755823151094,700
89.07751076936002,0.021091765118068113,709
115.81153777477907,0.03347794456352931,699
54.316396897613686,0.04796260246445078,713
104.27882571264563,0.14955657105603834,698
62.62424832910764,0.09432164225151916,704
95.42929000752201,0.07989333343734341,703
82.70949019075955,0.17523320107765114,717
32.156181665772635,0.12576207793716487,702
106.88764853237079,0.048959882367451565,707
115.1671217445842,0.061131714430877004,708
52.33352064188145,0.20878106351442446,706
43.0822236973738,0.10750340256071655,711
65.18466815013196,0.11096565654877032,721
61.77531237207897,0.10760001309911425,710
57.487702405771344,0.2558217135341067,715
89.62569827583404,0.03554038725928854,725
25.640993625304766,0.21000599935663652,712
68.54729248723878,0.08004142970460235,714
79.03936066445672,0.2256188856281793,729
76.20189299484893,0.23372450274392043,716
122.29948304180338,0.011571655233677147,719
117.15720779967353,0.1747602172028094,718
79.85468554628443,0.2404055119365586,733
39.421633075098754,0.09208082266687695,720
79.66440458876875,0.13556574431736354,723
116.49711618783894,0.01416821101187147,722
48.83078466930628,0.11565034334622,737
52.94399464052101,0.27024080686585067,724
32.46692581819395,0.06408400095670273,726
87.05923278316749,0.0919535215730228,741
58.55970181830188,0.055147613176599636,727
53.63136534204899,0.03708180866603079,728
47.133721209622266,0.08532108269649925,730
99.95463493607531,0.09463933371724192,745
66.35413502205063,0.16143611220422321,732
73.43401767561525,0.2538220314854966,731
114.97584412436774,0.21467588408317445,734
122.45265417361423,0.22941847541826974,749
26.131910419029182,0.10406021063699425,736
70.96632890684592,0.11901653068682183,738
67.0355416831926,0.07918185774646636,753
122.14931441999653,0.16301920716485524,735
115.43662039281705,0.1445755142869403,740
68.42665051756569,0.10406928491019281,739
87.33571422249256,0.15214757905022397,757
121.32453144501294,0.045836088909713905,742
111.4273186249716,0.20135879072651655,744
44.44596265169268,0.2016810949191291,761
55.70837080354025,0.12264262942172716,743
98.51360348471717,0.1588194129787183,746
119.85566547250177,0.17263339112032416,748
72.32041234852807,0.2444145629304705,765
123.66991257952091,0.10004511566128349,750
104.00013293434839,0.32615732513433926,747
26.722246705748965,0.04867386980844345,769
33.037067971697844,0.2407086368381348,752
92.91750664076149,0.07027724629893721,751
36.241590166524006,0.16229950662396303,773
68.13796024193174,0.18986796817944915,754
68.98996344285285,0.2172878632625547,777
48.385583787275166,0.22139555452214355,756
61.59997588294874,0.2680029407925921,755
32.14410475668734,0.2564132460248881,758
45.66744906206428,0.029214363679673602,781
69.12799759569981,0.10735199756702773,759
36.64407292180324,0.1617874046706311,762
71.60878666602336,0.23711076019187854,785
25.022880070035015,0.056584974799932734,760
76.51766913251205,0.03902202588888753,763
87.50576375583547,0.06327168701003355,789
112.23242986465485,0.209922141525425,766
46.347044197685065,0.030941806714189904,764
106.31065586187539,0.106879119090291,793
96.77945737608073,0.14514662330699288,767
34.020456629975484,0.0984354808697638,770
82.54268002865822,0.23145926204289138,797
63.94191842902831,0.06445203583962568,768
43.44816343046038,0.1450873979017212,771
57.00553885043435,0.03732351033449546,774
102.15980529450329,0.1714363308131383,772
111.40422078415911,0.1384970374156085,775
111.23987150675013,0.19397654419287746,778
51.035548481764266,0.06928584746815195,776
116.6680619500299,0.18438529795667402,779
47.06385378146305,0.12003128162835915,780
78.27567950455983,0.09828801831423586,782
99.43379116707072,0.09394603940083164,784
39.01244947315544,0.04617497805103634,786
94.41050644215808,0.0851217473210903,783
62.995952056422155,0.1787071048786325,790
60.016824869254414,0.04039793357174187,788
34.27176099618604,0.2397664188391024,787
45.16100108205635,0.19186690922529373,792
48.73420778044543,0.08471232298918707,791
48.612776289620044,0.16235183450742963,794
78.86451087571183,0.17567479177107742,795
107.37285569919334,0.3211474251786654,798
38.23434122208714,0.27442728054456095,796
57.141814694782646,0.08155788629870828,799
