9.832329306204075,0.1554929838124838,1
10.908288071115072,0.07610983168673163,0
10.076358000076103,0.0533606544967509,2
9.937510851899917,0.16354910511900012,3
9.767212768768491,0.11746233002645384,6
10.641471937167303,0.154383453266974,5
10.059780959820888,0.20856788340916457,7
9.737393619149998,0.16291882160286458,9
10.812162547902249,0.06488994164199456,11
9.731753369992333,0.11218915477395233,4
10.92966367296502,0.18491626231912398,10
10.982174193786765,0.04935807251234984,8
10.881260846974959,0.06595525591843467,14
9.967342976717664,0.14335357356630724,12
9.683744454069444,0.2148161957619501,18
10.070711119139368,0.15769438491189722,16
9.907290311983953,0.16634681017693603,22
10.19788745651359,0.07415525227580799,13
10.274973887667189,0.07529064665092129,15
10.43738599860415,0.2301422085369199,20
11.04835008892385,0.09329834550664634,26
9.989407045512182,0.17780989889724721,17
10.80592172225325,0.15165410530771417,19
9.833394950479343,0.06326632844068823,24
10.900004081145402,0.09683974658124717,30
10.707164336376765,0.10596473704842238,21
10.313231572360417,0.16259094509134572,23
10.63511961836752,0.13149766483728823,25
10.8537671599417,0.10759993623826919,27
10.331518739798694,0.0867285548922487,29
10.978665741574858,0.14981170136955357,31
10.550349966522267,0.08717785039330558,33
9.70031449111415,0.012161404867970342,35
9.778948990429448,0.16027291916134404,37
9.995675757237288,0.05882456614398111,28
9.82970372958326,0.04885562212223343,34
10.153252758536153,0.3117767842325433,39
9.761666734774069,0.08787485634358894,41
11.004257340566863,0.10967654399154791,32
10.115829691813833,0.14815599569381846,38
10.240222509081113,0.1461968901344509,43
10.967580542082226,0.058241432059797885,45
9.712161964839714,0.3205778129614612,36
10.86491598918716,0.10617287889069714,49
10.291280095270142,0.08115270140053842,40
10.352249661613968,0.2051987709456026,53
10.473631527961516,0.11308766811163636,44
10.224642546015495,0.17454298571493412,57
10.473598208839348,0.018577851402720166,48
10.955367851960807,0.09392710813678401,42
9.950533833334651,0.07786467039922243,61
10.061054129707692,0.0986283180132625,47
10.82171935975745,0.0818159838031522,46
10.85654007846011,0.19657664208109402,65
9.82099563478534,0.09414840145931952,51
10.499818185993359,0.08589952333211592,50
10.56572413268615,0.16095344047034954,69
10.83695501852672,0.16199482956608763,55
10.12316583017156,0.18621976184947833,59
9.683285194019703,0.050359664380553316,63
10.063446051567475,0.1417719673858119,52
10.77373521101772,0.0992625327822359,67
9.832824331040852,0.015956102943061264,56
10.793355993860937,0.17536243415987152,71
10.021412417691264,0.14728625356840847,60
9.788692169539654,0.21695788009634553,73
10.505479086134574,0.0883090985725112,54
10.925086789929274,0.11123760360197871,75
10.684478935186513,0.03772202616058912,64
10.627782693076753,0.06360480210165632,58
10.969663080146445,0.040571206281539034,77
9.833409550892856,0.17666183546027406,79
10.0349587295347,0.12148987848559037,68
10.757378085287097,0.1618724693932334,62
11.000725937545017,0.16809228930498352,81
10.255178688209625,0.12322076133044356,66
10.109044529819677,0.1357821146990028,85
11.0092591941073,0.1594536140133426,70
10.55556912145647,0.09608395438818551,89
10.853794495651776,0.10222445472818589,74
9.917829782866598,0.07242401347353707,93
10.588240313592884,0.0344328718247225,97
10.940911104419909,0.06505067213949835,83
10.294008168237768,0.2927268785098544,78
9.840611023871883,0.029702194609709767,72
10.911478105096327,0.17464037843467342,101
10.15921188340935,0.0996726455547841,87
11.027882477026017,0.12768450027189487,82
10.751906715722264,0.0574163284685837,76
10.46208263497252,0.05683265043148546,105
9.79127950453982,0.06078932733437962,91
9.79950818416992,0.04534226687469699,86
10.466360445160987,0.09214837356489165,80
10.737131092735247,0.13773819620837974,109
10.063026016032923,0.18457737474498426,95
10.20812063465078,0.1354835071430714,90
10.250177048450809,0.09059720579352099,113
9.79812252325543,0.1216176405354305,84
10.289452399359586,0.05669627204235746,99
10.60810503122582,0.13214012648958795,94
9.896522438975897,0.05384334838660139,117
10.285039485761958,0.1681581217101472,88
9.684669548993618,0.10595225308476391,103
10.043120813199765,0.014909370529870403,98
10.127804786513684,0.13371152175714995,121
10.981214278645668,0.06334744978285688,92
10.95669798639912,0.13203286544171217,107
10.674678374518459,0.13810109063087428,125
10.558701509828438,0.11292726393660604,102
10.762639008430675,0.1470562111799709,96
9.856324567260822,0.12673058610323135,111
10.42600744555057,0.19612245492346536,129
10.132570363497644,0.08127871752287225,106
10.737172747389982,0.05542157667164097,100
10.889992411528656,0.04983171982077955,115
10.065928878448277,0.043194118729818105,133
10.337234570559987,0.0663749516797269,110
9.905620763551564,0.0960041428360739,104
10.07534446427836,0.1764315782992323,119
9.995154804779723,0.2919069688297297,137
10.862465299185404,0.2494585061374791,114
9.922135824045176,0.24871239084320915,108
10.76927836030189,0.12760892387422548,123
10.375154881745473,0.09265138444055131,141
10.672841741852874,0.03893674524512916,118
10.848846552561861,0.13897500725715778,112
10.41398288351416,0.1727418808505499,127
9.720219999355685,0.2363399876909989,145
9.80751384197076,0.16033909898600432,122
10.66530794354068,0.18998683652890574,116
10.87865854217391,0.12811777387817944,131
10.921947592734202,0.17277960257825997,149
10.952606828145619,0.2319856193980221,126
10.999604315655862,0.03142697562395815,120
9.858213725931762,0.16178115876971455,135
9.742795766110817,0.10821907917006919,153
10.365661438587182,0.31181886864870745,130
10.9580470798274,0.09514600233405156,124
11.052637083183122,0.18935238470429228,139
10.815835871133245,0.15975326577375867,157
10.279367776923065,0.21926347764857423,134
10.85213094130803,0.10274891876445957,128
9.814433098553252,0.07407559067672163,143
10.111100130879187,0.033430900564404245,161
10.896279467392066,0.17754954681439095,138
9.751031202497973,0.11473879939736326,132
10.307532792676131,0.08332646063071042,147
10.893747446363943,0.09137026499100474,165
9.986404405863306,0.06953998016504877,142
10.119070628955518,0.1960125028914069,136
10.911681065722515,0.20353430086239302,151
10.669723339002172,0.18621755510494034,169
10.225077285857335,0.18304510204691268,146
10.1669851886161,0.3179788782123842,140
10.85090852980962,0.057904043040118564,155
10.582860597644167,0.10086322827182828,173
10.98254264918518,0.12140661032073295,150
10.260207891204788,0.03245923485610419,144
9.761841300393185,0.2032407995165486,159
10.937249124010803,0.24770947289891576,177
10.619736509675821,0.0675673837317829,154
11.042333208071572,0.20026853137507206,148
10.961892491331966,0.04505218467481997,163
9.965420793427949,0.17899922567652904,181
10.5250923020838,0.08095404663490308,158
10.42095279985041,0.13500973863196594,152
10.347673849536687,0.1194550487387331,167
10.802182223289373,0.16905054764582483,185
9.831802648757323,0.18154898468405933,162
10.878153459776346,0.02929336200209557,156
10.599729595057985,0.11178229640903266,171
10.424389882797593,0.08423136144029587,189
11.01667682712855,0.05683013102478279,166
9.878129553629938,0.15760874223530352,160
9.976451279048224,0.10281322065293952,175
10.200468073346311,0.0757089880941514,193
10.80644921321251,0.05515759897251019,170
10.385142658573953,0.11544145147627181,164
9.946849108821107,0.16912357982777262,197
10.998975551657058,0.17352546109206266,179
10.662530597825654,0.08017006805775578,174
10.187211518936573,0.07029733015190613,168
10.777485869942002,0.20720571848280472,201
10.02608698937768,0.16623901586582282,183
11.058306899927619,0.0595032958017298,178
9.749982834432613,0.10370815376039576,172
10.485584620235288,0.07843908330061394,205
9.780127621816549,0.06546271159235202,187
10.255937796371333,0.13360969189964186,182
9.808751987106765,0.18609495916387161,176
10.396852714257554,0.13577685437933049,209
10.950376400936968,0.17240230840080506,191
11.049930588251067,0.18934598330075286,186
10.958468717051376,0.27337321210435633,180
9.845941470879218,0.13579664130931032,213
10.90075098303879,0.11150269713605257,195
11.029284327958402,0.1423718900175064,190
10.354239077577883,0.09175526503125549,184
10.120278949752642,0.11489251438813325,217
10.529590067729973,0.1907718611649938,199
10.712591228857058,0.19008758246888674,194
10.883027440851514,0.18551781941564888,188
10.100835147829176,0.10387314456793545,221
9.903720047827292,0.1727557387901281,203
11.02657886548025,0.09285441133873587,198
9.856694392261048,0.10384395634642281,192
10.043075888805403,0.1458748896176378,225
10.299556545054642,0.10497541976982866,207
9.986943256195275,0.03654447622161759,202
10.23788600065303,0.1798017728871225,196
9.939338466939116,0.20583999946198075,229
10.50549267670554,0.06310164189069367,211
10.582356894011026,0.09687303640130474,206
10.60096700279608,0.12377628573345145,200
10.627541118425986,0.08202182449961604,233
10.093130205068965,0.10601990327042297,215
10.856448816553035,0.05210793901144879,204
10.089395803994421,0.019312832325861957,210
9.86218757214059,0.1206030218617338,237
10.595436461617389,0.09859641685579172,219
10.347023272632583,0.170385334849321,208
10.030710126220697,0.07585098841307675,214
10.018388715617077,0.05717078306541721,241
9.680505345232843,0.15255445302759837,223
10.526944417513302,0.10023186429945544,218
10.035437098537287,0.13631737298509264,212
9.689439628542964,0.08162862526276507,245
10.72730516125857,0.30374615674626937,227
9.811757346810127,0.16820664074529404,222
10.668082756923141,0.14762272655586028,216
10.067500419308685,0.12928949161978776,249
9.879318031180675,0.11212445339085504,231
10.94090315489911,0.17191248383782276,226
9.86205695549113,0.06625155733538196,220
9.77742888367098,0.1050745423206647,253
10.369066507273997,0.130024409414896,235
10.073120708630894,0.024777317346635807,230
10.488458293518203,0.0454650507922831,224
10.566938475463177,0.09590311390835754,257
10.796038414530477,0.24056152416401036,239
10.04154124708757,0.09818412353116215,234
9.758847621768735,0.2153665215034903,228
9.741827826690958,0.16311120392492345,261
10.50933484340953,0.2708413608693139,243
10.93953212484335,0.07115647984377403,238
10.144468281508129,0.05931901254036616,232
10.537213190859141,0.1825121368942419,265
10.77811923751748,0.027780492840152222,247
10.169196800687585,0.06495185833534313,242
10.918830679051275,0.1257979287819246,236
10.006128058403359,0.05712903606886242,269
10.283550795300528,0.2197157773326066,251
9.75530242449937,0.09075424883418258,246
9.741495976986867,0.05956123876063472,240
10.153755295513442,0.15522552848936402,273
10.19324354934884,0.018402181739562425,255
10.142969154008519,0.21021203492855833,250
10.818491848283331,0.08524181799134663,244
10.357967848029034,0.20666044808304115,277
10.231560206336814,0.13563144671630187,259
10.580414042177553,0.09737749237125698,254
10.848618343608875,0.06781786804234535,248
10.913944388357585,0.15110192016832127,281
9.72172291466863,0.1612236712394601,263
10.477100038726862,0.07194403769781775,258
10.356823049390382,0.15324205972753008,252
10.856142190982423,0.08913351414726152,285
10.531217530070064,0.1817263418591036,267
10.503763502066473,0.10089431770087161,262
11.018725005034808,0.17130628927642555,256
10.712309924261234,0.05435767355191787,289
10.785007744430333,0.03865472354096169,271
9.774863306271241,0.2982906648615468,266
10.95200613300255,0.17580631999243415,260
10.489736002161727,0.19381052407433563,293
10.922437416160864,0.13219471403517127,275
10.006193620490146,0.06208930769277019,264
10.743679140269464,0.08027323589954524,270
10.763488199928979,0.026445504835638164,297
10.469932363408342,0.20087565980617944,279
10.227406409552746,0.09478550737481534,268
11.010236146757478,0.05905602169840867,274
10.813560971654633,0.11525090726297016,301
10.316485024055844,0.10066644465488017,278
10.629578411025761,0.103944735473396,305
10.665212622656716,0.0665221824040844,282
11.01917243512708,0.12986749502287448,309
10.186421505094268,0.08147721868582988,286
9.698880397457664,0.020562116481572898,313
10.073487608915935,0.12273212829927188,272
10.130554149642217,0.029781086436145424,283
10.321092637206151,0.1136072266348167,290
10.909486896581187,0.11713997894209503,276
10.496962573215683,0.15637079005763252,287
10.637110889284092,0.09958816559273499,317
9.736198036332645,0.04406416595837525,294
10.076572985181405,0.21658030358774588,280
10.297498364321799,0.13466304307447133,291
10.761818628373874,0.10196111162420185,321
10.052792682185755,0.20962881203082825,295
9.77500785961855,0.035116339753851034,325
10.470061945262678,0.07302376147973721,299
10.362844598355542,0.024857542394364256,329
10.713123068439014,0.1429303366933423,303
9.926762560429491,0.22334863808705097,333
10.120370912053053,0.0948895225204257,337
10.49285963058155,0.12000095196652252,307
9.693182170545708,0.12024150141078452,298
10.251208064032348,0.34869191563549706,284
10.294521628025912,0.18937647131765808,341
10.910250446386579,0.055020497191472145,302
10.00525988716939,0.16391503885894804,311
10.37143201891713,0.05658165742170419,288
10.741877530231061,0.013579227789699617,345
9.994361338508552,0.06011192360963798,306
9.873152844732846,0.08808815471045395,349
10.994298498345026,0.11739519255170548,310
10.99441225822115,0.18368380748125435,353
10.551896494617386,0.12727425315450766,314
10.529580498167544,0.14040754153641755,357
10.935044349654078,0.030978821742129244,318
10.249191813977783,0.13549294188694538,315
10.430458092597473,0.15159217515633702,292
10.941547906636604,0.08370433125141243,361
10.226583306091179,0.0556700309025909,322
10.885034132763225,0.16637192169169887,319
10.773865597628403,0.06776157604765394,296
10.303991928329419,0.0579104879581778,326
9.942174679935595,0.12319775929257443,365
10.038609832707698,0.14614149710247074,323
10.864965992435343,0.043886850494908224,300
10.510238903353038,0.15913136279014872,330
10.088440494484244,0.06975983653512259,327
10.811983948810994,0.20801806210539203,334
9.716504864686915,0.19964662212542628,369
9.928225465744854,0.14116131030877926,304
10.771853014995537,0.020193423824355957,331
10.262018009085118,0.1781152091122147,373
10.58744826405853,0.1278868966945764,338
10.231970276552483,0.08375498325975197,308
10.260296015564153,0.05560912149622963,377
10.724559522522567,0.18992416132150736,335
10.360979908562634,0.06645014006668203,342
10.13303697865386,0.17871434529718094,381
10.805374095910135,0.14993973218037898,312
10.603476858844747,0.15571049852031094,339
10.458296782703473,0.04448354343624534,346
9.91117705143771,0.023731138343568117,385
10.361451840769597,0.2010475243756249,343
10.288242556971964,0.12329557872091235,350
10.372887761554505,0.13033953133530612,316
10.357767286666586,0.08584996257614129,347
9.877335120264236,0.20726078351890928,389
10.605168520367965,0.25171349222098943,354
9.909745070388848,0.1016477836583894,320
10.239206254859868,0.2779543618044366,324
10.327087510399068,0.1243667555354937,358
9.798033179800296,0.11256833786688454,362
10.924198340402025,0.1351073946176345,351
10.434957974306172,0.03750921867738634,393
11.062221711069002,0.10027522580941339,328
9.828043662997946,0.13452679609272852,366
11.057799067104884,0.11443195295102924,397
10.357865407533978,0.13097289656088063,332
9.907601728905593,0.1883166247363968,355
10.392013638709905,0.03255424519837955,359
10.742088301087383,0.047863743523474195,370
9.853233406931803,0.1339953447136132,401
10.75030470972098,0.15142068768362513,363
10.511192885235394,0.05453647604578198,336
10.136954227743377,0.2437708269293728,374
9.698889956790675,0.1356335770607693,405
10.470140779719832,0.108469996635151,340
10.737794689853159,0.15948934429126196,367
9.885494440023926,0.01343373010033811,378
10.800137700505408,0.04831089515572045,382
10.957993298972497,0.074664134062821,371
9.835004516576868,0.04821820078145728,409
10.354047175142359,0.09689609820408829,344
10.22067964520108,0.13149593791538108,386
9.774839677584565,0.13083544949485568,375
10.095940897173122,0.038354309630473066,348
10.66558963825302,0.2202519733889215,413
10.40843568823463,0.028561515627842756,390
10.207970007639435,0.13833950252177254,352
10.963314102233957,0.25386028800144017,379
10.468827693465954,0.02801516848104694,417
10.833766421125071,0.14892646895172607,394
10.731369593519005,0.014197830987081266,383
10.46593627815719,0.16279584560308089,421
9.966261969116083,0.11417665546074188,356
10.310168312370113,0.08713790882372852,398
9.857972646675057,0.17170674743256387,387
10.590280160028342,0.20016555832998473,425
10.630434896766234,0.17934475351543364,360
10.96088476281402,0.03945899210845094,391
10.343646437857425,0.12362333407215723,402
10.314107705702797,0.0642535017239982,364
9.762061618325719,0.02002694546424308,429
10.210563556544278,0.19448359622741038,406
10.763884195404197,0.20257511002514034,395
9.995105383762832,0.09314627026046489,368
9.706988207494184,0.06787041117500152,433
10.63131396748711,0.07175546075400746,372
10.275073300534368,0.1460002523669894,437
10.758956484950003,0.1110712054465311,376
10.747748999424232,0.16982089325401983,441
10.223923132439534,0.20132705756096408,380
9.998087662776822,0.11703969082981391,445
10.101733096982102,0.15850386592236082,399
9.75071034173108,0.020557137976584927,384
10.847730196088984,0.05189500019046394,449
10.743116964603388,0.1353382728494064,410
10.223437380718964,0.09120150948503447,453
9.770761620817007,0.05269767828422165,403
10.47601859924152,0.19744629523837665,414
9.969597903015881,0.04831823952446409,388
9.767137293088313,0.02367120939001622,457
10.214711622259232,0.062221013779351256,407
10.504675278024953,0.09917170813997245,418
10.908131183015087,0.08867889188716384,392
9.73591555114987,0.17211270048673066,411
10.308359926596323,0.2896326021866836,461
9.773118284299343,0.17426160237578167,422
9.77986882197992,0.11169458666080215,396
10.983662834032355,0.22274162562689606,415
10.66179111706541,0.04508420910583611,426
10.78728995095685,0.13868388809140553,465
10.615464200791962,0.10159471470816223,400
10.09086471448293,0.11514500029920632,469
10.53937281092535,0.2433620284788293,419
9.976638120642068,0.04945380500104418,404
10.065836332054209,0.17482334683790712,473
9.695522993052505,0.11082633762404306,430
10.71579362105046,0.24512097909038477,408
10.81985866490844,0.10533611789851177,423
10.490502707689174,0.03163516657656767,477
10.366370147435033,0.18580529750219676,434
10.024292232067518,0.091286924530941,481
9.873276086516162,0.09646273515357501,412
10.214816918600178,0.07092723731858971,438
10.32533039535,0.13694142992646494,485
10.815000487585714,0.04122948102440848,427
10.944042796959986,0.10754807831153906,416
10.356886095892863,0.20480471723864496,489
10.312946072656384,0.17400762945616188,442
9.731777870819327,0.10373085417498729,420
10.810918071671146,0.15732805338461847,431
9.84818787815773,0.12380778373036966,446
9.884164027112552,0.20563157815125704,493
9.815095004317545,0.03602831677654166,435
11.041598142943304,0.10881055309876986,424
10.337536457472808,0.070513582510966,497
10.848466619053134,0.0576586864832479,450
9.992689967701715,0.179671978251774,501
10.047420832235996,0.2096648321511368,439
10.813361939506386,0.11224342758898685,454
10.841055521554402,0.06941806104647126,428
10.854541339092869,0.16759210229498506,458
10.112071900032353,0.10082570259371358,505
9.958218760873303,0.060776646780002976,443
10.360689861354357,0.04571639653779798,432
9.843561946111091,0.03405775112785628,462
9.939540224947441,0.1923007592345629,509
10.785441042261045,0.10439157619425928,436
10.237088890252252,0.07918850183232207,447
9.912131638546613,0.1395564272302172,513
10.63539774137822,0.19001058327093012,517
10.818861375135915,0.11291260018536703,451
10.769410788987212,0.047173259550265634,521
9.844740087207018,0.16742499123966872,466
10.815124872925498,0.21832022235242704,440
9.97335610760533,0.055097174643412954,455
10.117728206959256,0.06846749531036599,525
9.90241563212281,0.22691339300651225,470
9.942711490901903,0.14562340404366678,529
10.905449772260997,0.14362903242805633,474
11.057792691533814,0.0948381731717422,533
10.55235351487296,0.10043259746421968,478
10.420524329950346,0.0429786306353612,537
11.036077014634936,0.08665973860548486,459
10.58281150658469,0.0873490424830588,444
9.698313942293996,0.12759426199267335,482
9.748938876031731,0.0667808839882192,463
9.730162478650918,0.25612036449653325,486
9.936355293480723,0.19070094531446508,541
10.141020496068572,0.03236506116852493,448
10.487456984817461,0.10373159586163033,467
10.18790905407882,0.1001473544396941,490
11.051693299263686,0.13076311368813728,545
10.459789282728106,0.10353761455383281,452
10.430516411389911,0.1964938219542798,549
10.784770369873401,0.038222724714674944,456
10.527249289077123,0.14194536652816184,553
10.736112598251514,0.06619031006617015,460
10.052726826230405,0.06086667097128784,557
10.627647610294233,0.2606785082324998,464
10.648912662366948,0.05591154719685851,494
9.99469326651813,0.0919097474136431,471
11.018245611646927,0.10926445344694274,561
10.618035693620412,0.19100124216337652,468
9.785349174959824,0.2982688703902596,498
10.139342810236313,0.04275730939927892,475
10.926451585614085,0.11486345206310505,565
10.57329393759286,0.05613091628261366,472
10.641367088033142,0.19899422256584876,502
9.727781704614817,0.03746154035333377,479
10.125818876668617,0.08764857817613304,506
10.411301918622346,0.13993487405428057,483
10.504410735986108,0.10130294513783765,510
10.393899757853015,0.24270255368369395,487
10.530039400804974,0.2704330734151718,514
10.951890676472726,0.1125847678993405,491
10.256316313547416,0.150449173150511,569
10.557666613689351,0.012941243727391886,476
10.064180154250812,0.08755271153694708,495
10.41638995326724,0.018450710019201767,518
10.248661352369018,0.178836907776736,573
10.310026287986627,0.16194810456429098,480
10.078266564220066,0.05893543530876442,522
11.006806470140983,0.22505878780122393,577
10.893802431725938,0.12207102082055797,499
10.958391355410715,0.12021868585255593,484
10.83783073934016,0.101562975625965,526
11.010061280769477,0.16198863362480964,581
10.936240494239877,0.0913587838792496,503
10.623518554281603,0.13362357232518196,488
10.176793025494463,0.08215807546284953,530
10.115232717761883,0.09055913400199814,507
10.128005673851149,0.10249471117579712,492
9.994487549906898,0.11676668153723946,534
10.58228295336413,0.16603103436931166,585
10.173596853251512,0.11286485750729905,511
9.86958214651724,0.22283959137549073,496
10.799739767084333,0.04771617795504271,538
10.5656255668821,0.14003079531665913,589
10.414539267547308,0.09374027080684821,515
10.89061982477149,0.03864517215602417,500
10.887283895329029,0.18502312270668098,542
10.212784033691486,0.12904270398300127,593
10.876953811937863,0.13482081537737736,519
10.386661184453336,0.04639636793911413,504
10.29976981963775,0.17177571420501925,597
10.705936239285185,0.09236583266605501,546
11.035630185905813,0.07273783914238084,523
10.155495737192991,0.12767891546967386,508
9.795140122616104,0.11486229693839262,601
10.121836076437162,0.12591904966200992,550
9.99679001722377,0.1308959480220184,527
9.69288534883871,0.16950782948998935,512
10.2084189087662,0.18844062944176782,605
10.419055052998003,0.14698659728163227,554
10.714485004790184,0.17423139105545368,531
10.322669979162553,0.285720876089994,516
10.746066901794812,0.13611205631315015,609
10.453022182980316,0.13567053285473024,558
9.833843897499527,0.09549542745835138,535
10.766913340547243,0.09992518443829239,539
10.815333376324777,0.015625094392959095,613
9.777991352044129,0.04826169308751747,562
10.025034651726699,0.07979690768108523,543
9.824055539017667,0.07404514327876043,617
9.93287988044721,0.14672814192795178,566
10.090746537920925,0.20192876028626086,547
10.734926856005325,0.11430994851336876,621
9.83026742780128,0.1366532627756459,570
10.365034082281433,0.12464062195526755,551
10.609995099065978,0.09148279893569441,625
9.83696997665599,0.2652427516859699,574
10.987434932625186,0.07745505443959805,555
10.969212373873068,0.06615646715769304,629
11.036595134093467,0.05230694104833303,520
10.419183029449691,0.1040569565829998,578
10.709408866493735,0.10660567777618146,633
10.094389311945537,0.10127998008617566,582
9.894559783213936,0.13389871883073154,637
10.909927385606737,0.24274692937968792,586
10.302106559346623,0.13186255905554517,641
10.49392990437244,0.1812198332262787,590
10.269652542704156,0.08224658037473802,645
10.415483844394267,0.11653156027161189,524
10.233947896686235,0.08671080628923111,559
10.30956890962257,0.07908926393207061,594
10.435295260611264,0.2148199722470955,649
10.596613293365841,0.04673217322644507,528
10.451791452765844,0.12066046117636944,563
10.44188301880536,0.05960095887027991,598
10.769332055921854,0.1018532256376552,653
10.775402864260705,0.2021558145687147,567
9.768405392227798,0.085457407401827,532
9.829397153590719,0.26727658349377525,602
10.657046639928726,0.07497528672146264,571
10.760380173271777,0.10061368277583105,536
9.81642245913696,0.14385009045221253,606
10.107856615844009,0.10989541956659205,575
10.426972883289283,0.07068952159677032,540
10.997024799650294,0.08977707763263523,610
9.881019796518187,0.0485085566065254,579
10.682691804713293,0.14403060886706104,544
10.762855023251067,0.2611436462371692,614
10.71702755740516,0.1524828122226656,583
10.20839432045779,0.27807120845938055,548
9.887116410671247,0.1535570824551517,618
9.864691982519671,0.07348117293194088,587
10.712359286214681,0.15851696648875793,552
10.835167981625192,0.11966838766494808,622
10.668272249141854,0.23338481086472893,591
10.146964946483035,0.07635776977810754,556
10.593902230587371,0.27178383269816986,626
10.756825806507914,0.11364798837392605,595
10.060846140516393,0.18386181231039725,657
10.295622836628207,0.1473634551856754,560
10.247427903625184,0.056453483118431895,630
10.758139673427692,0.06831261183899105,661
10.229849431959344,0.1348730702854123,599
9.739374298855923,0.1621790022610829,564
10.407832280890236,0.14628720860471192,634
10.481703722101738,0.008849505803870415,665
10.518557571318372,0.17154188586627298,603
10.076509582823366,0.1259155207699472,568
9.748933190647788,0.07095820936083046,638
10.649206357022527,0.04752708499272167,669
10.822735597353038,0.05931641663139534,607
10.923586858738267,0.040934892895173214,572
10.921734597802882,0.05197736406019348,642
11.00812777748088,0.14830120058022989,673
10.450274354113917,0.04271310124075367,611
10.485778504552842,0.16493407485311842,576
9.932835071836864,0.17917708148909928,646
9.83109424508567,0.07753890446364893,677
10.620971377807379,0.007380409136354295,615
10.921307021469538,0.13716074262985298,580
10.444994785438826,0.14804455178335194,650
9.788914665977108,0.1906630829968965,681
10.612863818407485,0.2390568486960128,619
9.726841858535387,0.17973235622186848,584
10.111580236194763,0.026484494694690743,654
10.550286625233404,0.0761593236739419,623
10.345060115402413,0.07641384300447113,588
10.005201337908783,0.3403409223110039,658
10.551105420206762,0.19910685181664894,627
9.849652631819458,0.19491181434068505,592
10.152099446897163,0.10382941063418855,662
10.9375408446687,0.06871963695253122,631
10.828828296744257,0.09764072634644722,596
9.825310407882979,0.2133763663483806,666
10.155043378239618,0.060039128192484706,635
10.443322493779133,0.1939452894293166,600
10.033659356963808,0.13840683878873572,670
10.932804998468104,0.05505608871514942,639
10.636758956339374,0.05924011062747636,604
11.055203590247327,0.17796659093097114,674
10.618564414905633,0.10177940468329505,643
10.680569940273744,0.09818893714697491,608
10.979357095132121,0.25179839375977986,678
10.463612344647489,0.1317949938764791,685
9.83277547592652,0.17632627402578938,647
9.774001064253536,0.07931539035175458,612
10.001856081782828,0.015259307588595006,682
10.04863445449209,0.07379454154958696,689
10.143163457910402,0.0835848536768027,686
10.976856768169025,0.07743954887052135,616
10.463537205637033,0.10990771796085133,693
10.660285094129994,0.09358894240627354,651
9.9851345109525,0.11984295307187971,690
9.78320683178707,0.05734164020168056,620
10.077891992347956,0.1550515208378852,697
9.808807727746153,0.1037327531898048,655
10.331168568705007,0.06139906859347354,624
10.215685473535018,0.05899513935559101,701
9.960951596044398,0.27105217657455477,628
10.821286111967082,0.05527222171028874,705
10.89334080030234,0.14793780974512474,632
10.466276456080225,0.05147913715829832,709
10.463971922117619,0.12072299247673438,636
10.158987007124466,0.10522133701329028,713
9.815756645763505,0.09419898325625818,640
9.767278297364172,0.13627950225460228,717
10.511517843574754,0.0640088116808689,644
11.044507548380558,0.16394698303476624,721
9.815189702657747,0.16538752329674927,648
10.291816226075582,0.04287668999319778,725
10.350942424030709,0.11010775055493845,694
10.22849650610185,0.0977592194166425,652
9.711015808708936,0.11412792683821704,729
9.68070761157119,0.14298261815874788,698
10.522610840666056,0.11547996237130942,659
10.43850676916152,0.1575642387572257,656
9.683308061931038,0.16461484901018786,733
9.994669917742508,0.1315437545645644,702
10.567518246472863,0.08950071153570423,663
10.06616117782002,0.11023910984125194,660
9.863444954008829,0.08707763738832047,737
10.012102284514965,0.08425634025316714,706
9.691942891193857,0.17462898100619542,667
10.389591852759745,0.13707720014470562,664
10.423072656528012,0.17629820370147412,741
10.286838477050459,0.052995325579215394,710
10.866234295999945,0.12118386588059085,671
10.669735752847307,0.06588734461591428,668
10.163028603727593,0.1230280483260208,745
10.726899792878829,0.08023174453232668,714
10.384112929501127,0.154929889981548,675
10.554351156359676,0.10012016734453073,672
9.919668200658593,0.1682076188958616,749
10.561449572890504,0.114312758166726,718
10.527029044000628,0.14728065260825596,679
10.197539736196585,0.05354488489980677,676
10.834984228887908,0.04738195689403351,753
10.044434836775565,0.1981986064172826,683
10.505757207974991,0.2901070477609284,757
9.700757824216367,0.10069645147220108,687
10.478200499227654,0.18754106148476846,761
10.635444773903558,0.08666661623259267,691
10.509601742795258,0.14238742312856129,765
11.021892949267503,0.10436555664494654,695
9.959796519484593,0.1346851121416882,769
10.52533186522474,0.012604809886664837,699
10.689926185518742,0.08717482969579156,773
10.101996110303109,0.12306415041691408,703
10.01187650936252,0.19299296356834106,777
10.025252435524232,0.0986596205390104,707
10.439435385366004,0.28602440624796016,781
10.494319368605536,0.15231603184159165,680
10.907571747695567,0.11973517700279608,722
10.318110124380791,0.07766287915428764,711
9.888621865687398,0.04388666731300976,785
10.4784543660878,0.16406814086993135,684
10.109144745880558,0.1387080320330432,726
10.637470289569462,0.20275417192596598,715
10.036180329021144,0.24167410760775412,789
10.188771018299276,0.18206968866655698,688
9.876899580320929,0.06989357370429246,730
10.20830610384963,0.10188655101109352,793
9.854845860946138,0.06913695430747178,719
9.976427583679758,0.14650150188370517,734
10.899956278325622,0.06754526652070313,797
9.699875487071107,0.20400613270111176,723
10.89393395224526,0.0671394424294566,738
9.683015299396512,0.23195045486020308,692
10.587298030150675,0.1640761660700194,742
10.892244614476114,0.11354673554857178,696
10.98506607675198,0.20945373431594408,746
10.620439310826278,0.0941914431256096,700
10.207469211196289,0.15679309902282387,750
10.02470346879829,0.07519216550576568,704
10.097850725528417,0.13395529020997396,754
10.425279201208191,0.06005143076832386,708
10.534809765785873,0.13412374558313261,758
10.39465141590357,0.18725277292451734,712
9.918997008032422,0.1779032470506004,762
9.753513086907029,0.17579644975160436,716
9.729272358076074,0.1398098419168596,727
10.430200123525598,0.0876912047904796,766
10.994663165124399,0.02752585386862314,720
10.176752262164369,0.07662773755765029,731
10.930524469486349,0.235226570682597,724
11.029452512116716,0.17938261855564347,735
10.60093189980678,0.03354939752971093,770
10.433632386683737,0.13393858521539112,728
9.923700449957916,0.14904616995449266,774
10.728213348628957,0.10387615402256573,739
10.859945004477954,0.09590371738669884,732
10.176808607096405,0.22631542401434102,778
10.178668973677015,0.031415626721970055,743
11.026566705483097,0.05300824765040399,782
9.852040180964437,0.0492195925149632,736
9.94311813545935,0.10727315279137273,747
10.608110173010477,0.06428380623772176,740
10.765147981886637,0.06435098884651476,786
10.402324947487319,0.09933499706060095,751
10.62812686086862,0.0996951488827636,744
9.829704814961868,0.25382860746982766,755
9.851952833943965,0.10983237290978996,790
10.809970660190281,0.07340452916555552,748
10.536843413181073,0.060474500024432644,759
9.906346178933081,0.11358395959800552,794
10.128706226584212,0.05112726717624047,752
10.539080211438057,0.09950261885929994,763
10.029033587479818,0.17510427182913388,798
9.708729169043314,0.2900590201054325,767
9.749194740206697,0.3510151599029192,771
10.75084027055386,0.11752870322936754,775
10.831028291293464,0.11819710280428364,779
10.219385605546735,0.1693007465136809,783
10.206348044222386,0.15878255867343513,787
10.02675078280924,0.30265689513530947,791
10.865784800926699,0.057894270025767816,756
10.618010363367118,0.27015439241322253,795
9.761846449828536,0.027856221838187895,760
10.885931176003481,0.1239606774428453,799
10.639194965206968,0.048935164631500626,764
10.089479464049372,0.14024975538623094,768
10.108038254960912,0.15979588657730548,772
9.798124426332645,0.2150846621402224,776
10.469687371111913,0.08262697597495336,780
10.461907191471408,0.090771876056537,784
10.310644598756326,0.23177721526512413,788
10.63947192868229,0.044037419138565743,792
10.637575551304934,0.25558480204047035,796
