38.08425542488179,0.07826980386193566,2
33.00942762621416,0.15900272695105896,1
36.1144917945268,0.07212292026918547,0
55.50951102546142,0.12748602522726624,3
37.745293983455966,0.26120564382587463,6
40.774892453732406,0.047185332647741086,4
19.372369861016843,0.12557998136953327,5
54.45967043450243,0.18785956500811596,7
31.972549851027825,0.0872679753267798,10
40.1131057920189,0.18701386986552498,9
15.298225740007293,0.04518361745134011,11
49.59874315390222,0.05017201089488518,8
46.262336313533694,0.12170490174650023,14
33.56747882530169,0.19210372897444503,13
22.150076862382193,0.17433257083731657,15
46.1100287454569,0.03071893094578392,12
32.96333366166167,0.1189749274424625,18
33.23999902179834,0.034949232785157575,17
43.01587410412499,0.11117051565796349,16
26.114118066529247,0.207317484808971,19
50.75430716443498,0.24274428534184775,22
42.300753618629784,0.1417870776323628,20
22.89952959925833,0.1502038551994908,21
44.037889998708366,0.142900862975632,23
29.453710597010488,0.2159536916964945,26
22.28362672151769,0.19690649881140646,24
47.291439896113154,0.1006368809098953,25
49.704202458395415,0.10797265213205993,27
72.19035804083501,0.08820425249845709,30
54.71836746907752,0.08397794790428295,29
63.631347049371044,0.1031659136278677,31
25.856935361758378,0.17428432491863194,34
25.751878220978142,0.14950352300305933,28
47.47122594637006,0.11578909672040771,33
41.71919799496597,0.162131065166139,35
54.339932240066595,0.19995902846569513,38
72.65680196039973,0.11441697587451588,32
29.18840193412979,0.1893963367029996,37
64.38320313015751,0.07598706472695362,39
25.881260319935336,0.1101666026002349,42
15.391940938168451,0.2585060051094984,36
43.17710248328936,0.11035570103929411,41
61.186462491584926,0.1872715408225275,43
15.67982514954591,0.06638654795785175,40
40.00770845081989,0.1225960104591976,46
32.29549794798902,0.10188752371895538,45
33.81313753000461,0.014978203803486554,47
74.6102062173585,0.04275487461731665,50
51.92485790618365,0.07832649302818276,51
29.667892764766982,0.10282332135280221,44
26.1738159946299,0.10557086648041303,49
63.97962638174973,0.12988598939284246,54
52.52213908280119,0.039287940826435136,55
73.14570999407243,0.14483462550364826,48
36.173555769090726,0.228968798111072,53
40.04374125848422,0.09072678992267642,58
39.53025567240794,0.15284429676812678,59
64.4778233502681,0.26923494258271224,57
73.8179281242729,0.1033813263539773,52
24.15807783210753,0.05522006879046503,62
33.13429758862655,0.13493308296424977,63
29.045008453493338,0.11881814320786979,61
49.834408686064144,0.12217865587286617,56
30.896189616372183,0.12647353189971747,66
37.08989522230286,0.22095542265156498,67
15.695328545538185,0.06289416076456869,65
57.563317799528996,0.09482635068206388,60
32.23141738224245,0.12147928450347285,70
58.15571415858041,0.09210344063280627,64
54.45076061061346,0.21080139605433135,69
60.464126885995654,0.0920750247723615,71
17.550007451069153,0.1541638894809172,74
35.73915469201643,0.34267072254953423,68
20.672732757812728,0.163509830149714,78
63.49363059441308,0.10628574971098595,73
15.893583711814179,0.06968090247522478,75
29.784112971868524,0.06472014940448928,72
27.12076409958224,0.10946489160317104,82
15.40229575282661,0.2188452349275147,77
73.58444193156052,0.1065815492733855,76
41.47577632841994,0.10709609521958241,86
47.587053117093646,0.20893107068018485,79
36.32183389928076,0.13605077987128053,81
36.19056456050785,0.16347818297960004,80
37.79658198244656,0.10839816642100537,90
67.61101569483088,0.06873987784845526,85
59.257781548928094,0.21224656433463568,83
32.856548605850804,0.120227651052058,84
30.18059701577392,0.1576308480120765,89
32.195697545913156,0.08842102961214045,87
67.65487791718974,0.07257734999679029,94
61.4498672653937,0.13870902338122268,88
57.83963309952224,0.0847581540681872,93
29.105791252205726,0.053803165691998014,91
53.07197104969677,0.051201943643737494,92
15.492485144490313,0.11139288851913574,98
21.098380909567062,0.03441064610864336,97
51.42809074723539,0.1467613855361179,95
20.41683979032625,0.10189754646805385,96
46.87571988447873,0.17473971386344866,101
62.293006499809884,0.02171943956805091,102
59.43509874726327,0.054575479371074265,99
20.31001733666435,0.2166711171889154,100
49.93843317514895,0.16202797493717358,105
44.73322756024562,0.07314793226146539,106
65.90482357435033,0.1377479376597842,103
15.427712923784027,0.05051268228250444,109
60.206981457569505,0.25095215690307504,110
68.06097159382409,0.1245198336891233,107
28.83857794026979,0.10588444381130294,104
55.53069780958024,0.0774558785513545,113
42.5382661449523,0.0733410015066833,114
35.22404307084396,0.18125868435173415,111
21.848954187542844,0.21233509554526753,108
61.76432384044366,0.16182727999705726,117
32.291637766636825,0.10172422831462764,112
20.614366199838372,0.0735441606201186,115
23.905435047870366,0.0461591729987906,118
69.20593898458173,0.17485685029301878,121
21.627226055921472,0.23030652978362515,119
56.5941778530098,0.14984791146645648,122
37.45095122359722,0.10115178593683419,116
16.4381511039783,0.14976055804808314,125
36.863668491423695,0.10853721923847787,126
20.456617523864942,0.2071274989072467,123
49.15789788257402,0.12973279186617134,120
22.631797110447746,0.1030417256872967,130
73.91777217209855,0.03358622968354442,127
41.373788857721074,0.2092448285765529,129
24.685073444854144,0.05792885657519134,131
29.073535235824856,0.1502253764967942,124
16.404560529502792,0.09387328726509857,133
41.24149619403957,0.02654263274583195,134
61.557264105127594,0.2738342205875434,135
34.69814854630575,0.20220272325572566,128
27.616037526011702,0.02809254501928567,137
68.50810458161833,0.21124244464849765,138
73.06131880953347,0.16496972331296017,139
62.52614390738773,0.1246966475015723,132
21.829046638369455,0.059573147860989786,141
19.92374110465822,0.21775226211773707,142
48.17604886260018,0.07620645517512437,136
54.54030500867393,0.028059201690774402,145
52.73098044644931,0.19726343104054922,146
48.720307085890305,0.1387611548819829,143
17.683750056282395,0.1243546848335942,140
27.819019283078866,0.05784434633615361,150
59.87730691301127,0.1886196833478455,147
41.62257747228614,0.23832615243726024,144
58.03421110457111,0.2046957570205697,154
39.53326977286329,0.15526389319829753,151
51.83792754053973,0.08152288711378856,148
19.975599061296954,0.023839238334818574,149
18.8538111903109,0.262097589489884,158
46.59148858510059,0.08740621146265526,155
35.72475017532744,0.23445687642722834,152
19.6027195902745,0.09734141080824527,153
74.47618041027735,0.138425388991725,162
54.98755483016466,0.10735879982981072,159
35.44541983587195,0.11127285788890838,157
42.24687256886157,0.24640286532223202,156
39.23316434175386,0.13416387236435345,166
39.45699483360839,0.12390540091256277,163
35.256192886939054,0.1401769110924009,161
23.683310596533676,0.32983340809672507,160
39.90976902894552,0.13155563360939637,170
33.08419909296796,0.1096095688134185,167
40.47125253210247,0.1001054185835934,165
54.92406711256919,0.12561071500389723,164
70.07834058837841,0.2529702802235451,169
57.61272545910071,0.14248318581977565,171
30.727724089679015,0.2556373481147351,174
22.30267534602059,0.13096944947634787,168
22.52000804508718,0.18747285584675155,173
20.451407781422084,0.08718248874665403,175
70.68890776378046,0.11280087240295499,172
24.9006135182534,0.13691644476388512,178
16.189870653996408,0.1923184220318623,177
24.322593879647325,0.07703667238192886,179
38.52155289217725,0.06978287274548763,176
29.27662363512804,0.08933960987294931,182
47.461081456872144,0.06776438613092903,181
29.063677572409922,0.10704594797527794,183
71.42953622347824,0.10078817807456496,180
24.438817690415352,0.08478623218695368,186
40.45232507525853,0.06397921563734646,185
55.62491115251167,0.08235805688178982,187
62.13943644445105,0.0715741272487869,184
49.227458610050235,0.051946495790550454,190
30.347647830692758,0.07276676005365647,189
17.52271555099672,0.17732834176052328,191
46.40204993335158,0.1901752665537933,188
38.661551866538105,0.039019441632494045,194
32.61130337464857,0.1715641292896681,193
38.435121091038255,0.08057439474979576,195
57.40846236242566,0.17914284525019328,192
63.70165102837403,0.09732145123754526,198
66.84256541443793,0.07061531594450172,197
36.06086922509613,0.1496853395586075,196
36.03121820910914,0.08167317133968624,199
41.88669192539712,0.07464450911726254,202
64.08628914727485,0.04909720007220003,200
38.73310099007157,0.14029708484930226,201
26.849729959153457,0.13873298978220275,203
41.46071666349407,0.19730678279909775,206
58.739168331274996,0.2850964796528546,204
69.83937120591503,0.10490173012476223,205
42.400400165774414,0.15817567353604411,207
29.86897030173065,0.1777916291747037,210
37.82989186211916,0.12789270764131186,208
42.9398240986428,0.19380474600015285,211
66.1719972072071,0.05970983647270709,209
50.35932216808529,0.09074079158147128,214
48.61314534039154,0.05210803613612208,212
21.747200157424253,0.05429241592498024,215
64.82951287478097,0.13840856717537436,213
61.87983473337585,0.231346914240974,218
17.295473173653125,0.10055702632162361,216
31.177061838478654,0.15009078961180847,219
22.488437450362063,0.2694165516661082,222
52.81635217440415,0.12202004719260467,217
57.3437132479829,0.1274013589225863,220
69.96959614555682,0.17581199660737443,223
38.60677736809239,0.05903095407319793,226
74.48951782807208,0.11687541272822084,221
25.765305986789873,0.08289229307326162,224
45.01103957608145,0.24454419729969445,227
55.158801793652735,0.1060384634314008,225
41.67372599636023,0.09021620521771373,230
65.98956609768082,0.06773792741736973,228
66.17979258494708,0.021098343475802653,231
25.04630924130486,0.13009302435423628,234
40.87351310256137,0.09976628869166276,229
45.37835722631783,0.17785394831006943,232
21.35883575226635,0.10739136392959187,235
68.79581242527809,0.15979402999712072,238
20.56765180962752,0.18408465298466414,233
25.765428457830108,0.16499421582314946,236
72.31087356339043,0.14715121086341923,242
48.52390148742986,0.10303273837681642,239
66.55352695605802,0.09957230870992428,237
71.783644531247,0.10564927223487575,240
50.79479547631644,0.16874177460455578,243
66.25009306840283,0.0205641214307427,241
62.020641242530324,0.1717419897934644,246
51.70921507579321,0.24494508783437158,244
50.92065883070644,0.19580827788653657,247
28.039414670143458,0.12086192356842351,245
15.595484050603188,0.07037794514618674,250
23.07870362849344,0.11015986416256592,248
50.95825609381148,0.09935438410315238,251
35.196598709531315,0.16040535772831446,249
43.7885680087101,0.3605597286206329,252
38.61994219337173,0.06737827732693674,254
66.29532167762011,0.18332134058923608,255
20.311190344849877,0.15422682994373513,253
41.720326314784444,0.04429753714642884,256
28.920590871440943,0.06630541750169826,258
64.92258569577683,0.0514806427933863,257
66.54014788088159,0.12484013279211766,260
46.375032782230235,0.2314939988465341,262
55.64833333825834,0.09026903241823214,264
41.821049861501244,0.2584268954467516,259
68.71806753872181,0.09875130095524601,261
50.38270468773226,0.05384872355152581,266
30.14334569603714,0.13944834351366683,268
63.78215448993109,0.06786121852907066,263
70.26949871332587,0.07777724077407697,265
68.0900040123999,0.14657340337834932,270
50.71227433588574,0.04275507195869038,272
73.10232602356629,0.28563853186397575,267
25.41324642973068,0.19075935031526867,269
48.90928316962218,0.006776340986055171,274
66.97287300983125,0.1889846668734568,271
60.42872371700846,0.22039541973384824,276
40.66304468895693,0.07388741700540669,273
63.599122924284934,0.11040661467787974,278
73.34666778972553,0.11756147007165181,275
16.422817473992396,0.15558238336989935,277
69.35169649513071,0.11892856155186292,282
73.02624252130033,0.1213053095035479,279
20.2196477504374,0.18348163042884894,280
57.94403275873312,0.07564652628892102,281
67.22004184023953,0.0855916325319997,286
70.77255636951772,0.09309606337840469,285
63.80221233030326,0.03242134158140082,283
62.493537873959,0.08776157111538385,284
67.09008157228159,0.12032286562182709,290
32.47835591000622,0.1246807520076273,289
21.707576463106882,0.06151814511062609,287
35.45156131077866,0.13536129851779996,288
18.77635065040926,0.10051284542150739,294
61.53362015681592,0.199565813915346,293
55.540558119727734,0.1006689594161943,291
41.625867835463396,0.09182217348634569,292
27.385992260791415,0.07287525995096178,298
48.93160820739818,0.19598366335664844,297
34.79936071361616,0.10794042385881929,295
38.5570771111975,0.10517014647188955,296
52.70080845648018,0.059348560738991966,302
33.81785471063189,0.24136576206092986,301
20.1645825455782,0.157220272059862,300
47.77916048920068,0.15028856550657738,299
73.8929979175947,0.0986701019242338,306
54.28868004962383,0.15572919345643557,305
22.97244368128336,0.06732009629967799,304
51.49210234332772,0.03984460186980816,303
63.75356755824635,0.031813535590447355,309
61.387233396915015,0.08288121186392872,310
73.88376424216227,0.04677601979325349,308
18.095758496023375,0.13818537522140492,307
70.53586763183534,0.07683474085642088,313
57.66542625022811,0.09095649843678218,314
68.62727098405833,0.1747059190742759,312
57.942341419895484,0.04112002999014996,311
58.4296391004133,0.22940117866203089,317
62.080540473372174,0.10455456252660421,318
33.84322873128538,0.1699791088004885,316
46.29160951123958,0.17189125005169287,315
38.007650967386624,0.07621384932583526,322
50.029201588823916,0.12607048680616595,320
74.45559252748484,0.183374177696089,319
19.770389010924394,0.26742889618686,321
56.305563635041324,0.01564886401187666,326
34.19392771940905,0.012065094060745822,324
28.030375558596553,0.10453408272579152,323
40.310880813355816,0.09714275005640483,325
58.088602165392246,0.13182150693506134,328
22.02638077783547,0.0843601059290848,330
27.43050635295709,0.07046251645906214,327
67.77921873749591,0.34387091611075016,329
17.237170725925004,0.09305043299754708,332
35.83504701990583,0.2040764210022642,334
36.06402842215181,0.10017912289393652,331
45.42371073550075,0.09754613322389617,333
59.41213124926804,0.10322053030348709,336
59.19532929547022,0.05732432095056455,338
71.42505263358025,0.03471384267303467,335
63.284265699836254,0.08800323536865219,337
65.32237275653794,0.18234687138107925,340
28.26003554753124,0.09303634450904735,342
47.651167376667885,0.11424725425985179,339
47.92292653810894,0.03850261424257673,346
63.05839851190269,0.0682640618246926,341
56.280459246611144,0.17221164966677527,343
49.14693414504046,0.1179822841933496,344
65.29175801381525,0.17791160656471444,350
59.84137324031405,0.004216594482856782,345
65.58780107588166,0.13179742534332198,347
72.64365287388671,0.022826463936854616,348
45.988271391847285,0.15419016017230175,354
47.62505978500403,0.07948511582889206,349
53.22137205159716,0.07918632946844989,351
72.77537157715291,0.030657156962001043,352
43.78619037556241,0.07448786139739258,353
38.737280483995775,0.08462325226652598,358
27.36692797972257,0.04665371091060497,355
32.5584067107925,0.14781216298479885,356
37.47437962412744,0.06323516020439655,362
68.03145616014419,0.09298099319212311,357
74.908089760582,0.1777638378934345,359
52.77735193297632,0.0510394912686482,360
48.385188476159115,0.1597465555051939,366
32.49781755461555,0.22278104215350997,363
57.08209183666276,0.050755799578690475,361
38.108082046366675,0.0509657560882166,364
15.34764437232135,0.12115008900743268,367
15.541921392214594,0.20030884192657955,370
48.28101410748461,0.16142508288754856,365
36.26885497549064,0.2086872977810751,371
18.84584869397809,0.13589244246251972,368
52.81830955284674,0.03903709565865407,374
40.59536436972224,0.19607878441347806,369
25.009066166810726,0.10705243291379954,375
62.52136570435748,0.11230310584184092,378
34.63220615200261,0.07114051064567892,373
73.11379220623914,0.2064105727949972,379
51.10469320168368,0.13605416495731487,382
31.229012653090813,0.0609305874021209,372
74.31542569055247,0.12699835440447813,377
37.682218073692226,0.019674315229102523,383
40.97380006714427,0.14323870407428957,386
57.73264952591166,0.21908794134703224,387
24.195182686252505,0.2321232856959337,381
56.85545360196249,0.08826398333911298,390
40.26730646083233,0.07566268663643391,391
61.114596314970356,0.2204336764007936,385
28.871096018457237,0.04733280138913166,394
50.196531993073755,0.17543647647732397,395
44.469328256580454,0.0974235567338098,389
39.250365205844126,0.07853482714743935,398
40.912146885349195,0.21600444266993657,399
68.49134737319673,0.05892012101597552,393
21.286484492371155,0.07519960450532813,402
42.0892182068389,0.09163942057205066,376
35.55159391305481,0.039101865577521024,403
20.73510435874673,0.01793751113672587,406
59.172666508924735,0.21843665853280161,380
48.52372513462335,0.07861860695686773,397
61.84743580730094,0.1608893508489898,410
30.033261327837174,0.19498588049498555,401
62.05846807240513,0.16828260409185683,384
70.143987325181,0.03311209089568817,414
34.37163281774987,0.092996532737336,405
36.69236543064585,0.07872315566995046,388
19.703200505561398,0.10331046329014454,418
60.98525066971317,0.18606904231300103,409
53.6303480882528,0.177341330114344,392
68.71595470894847,0.07076601433532302,422
45.70877316424769,0.04247025128831402,413
48.41994297022115,0.07775765074880114,396
26.071294690261087,0.1340891751342775,407
53.62488520209437,0.13741626396546391,417
19.13423535996994,0.25111557452105965,400
59.17235630340935,0.0873103392349287,426
51.84002038460725,0.12809843174701394,411
28.962817619305532,0.24409384436898712,421
45.75993361872996,0.09149195796908456,404
48.70406423661143,0.010121327621377739,430
56.41625466998824,0.09510451291586548,415
44.359628093939705,0.17172796397136791,425
44.92311409365091,0.1048756370524731,408
45.50093635394991,0.08878987854977238,434
25.80434500294842,0.10965599088035581,429
69.7088499446543,0.20566722773233806,412
61.488542141795435,0.192130535884437,438
24.77677202678082,0.21100261955510305,433
64.86389744613491,0.17631364246248452,416
64.82207705900736,0.11230911132057314,442
62.43951328899917,0.13539497389996943,446
16.798877312236527,0.10010637188129684,419
28.996199740240186,0.10013800119075905,420
69.99765770888789,0.1439189986103933,437
42.69928894594772,0.050860750763454476,450
43.41748255594017,0.19552096964684948,423
39.58535361887826,0.13476712538172958,441
61.837534547466866,0.12215677219767929,424
43.13455435293668,0.16068927802556388,427
48.0723419196465,0.056877033412248326,445
18.657916019490962,0.045564466420381006,454
22.289251953573164,0.2291061025626594,428
57.831089796098766,0.1369132559237076,431
21.414683599137668,0.07343820536998719,449
39.79280627000167,0.09355297046375839,458
58.390866948826556,0.11569429512595218,432
19.05301399793185,0.08351787287913741,435
56.82521108772697,0.04251614554468304,453
60.74130702072182,0.06335059718691632,439
37.47836265346725,0.1851374170138043,436
65.34189185867942,0.1025376007201315,462
21.457071458093864,0.16886683282369197,457
40.62824919167233,0.10534747111003465,443
72.43286177316511,0.14029768172897805,440
49.65603168039854,0.19000464395646544,466
27.674115630221348,0.2068888820634591,447
39.679360947313604,0.13528612235070167,444
63.737199453232556,0.07080735920959545,470
48.89269894340585,0.16225919899730376,448
46.67055676484004,0.07471301109723294,451
42.67533593057263,0.16853899169219352,474
64.67050983021349,0.21816759708192196,452
41.701730383769586,0.020892875858013426,455
30.990162291714597,0.17979556294436505,478
69.26486516410164,0.09987085905618745,456
20.77279372714095,0.1428729503307898,459
57.066186998584534,0.07091863140218839,482
42.162352089126756,0.187682059814169,460
35.544410924649476,0.17154307393274626,461
40.80199521865149,0.0886610770645298,463
51.40735236724211,0.07866618237743314,486
28.691466920599108,0.21709178104783447,464
49.626672940431305,0.20911943353121987,467
16.340055304642572,0.11101098569872794,465
31.452764428107407,0.23191133707566158,490
55.87715265346979,0.13646496661918903,468
39.96239098178867,0.05324778426820248,469
37.30151863663632,0.03857649035928166,471
21.880963993423908,0.05201442706124685,494
65.16812890140775,0.13243310391605287,472
18.652863762008163,0.03470292652096811,473
70.3339638463485,0.07330570446120367,475
48.93404865055488,0.14508236847575395,498
29.908666188091907,0.050297085613414075,476
53.616994783181745,0.2057782976106408,477
59.397695872698634,0.2125370589381555,502
49.355603745173255,0.13166103546949645,480
30.36643365415356,0.14100024802793867,481
42.62172887623191,0.10085584561368628,479
15.748353950498174,0.030933867680020922,506
65.47855824923496,0.16818863197137174,484
70.83810505205031,0.05176464659086491,485
34.27835518507189,0.14921053538159015,483
53.832779925485106,0.1390439689229956,510
20.362149388940708,0.11289786595393891,488
50.221395766382265,0.132456639518189,489
34.074651657160004,0.05046758459230467,487
62.247854080315875,0.17349686962388702,514
27.871181648023544,0.17646795110083352,491
66.27039711358861,0.09484084657369762,518
50.51183822108332,0.09545104594678756,495
65.48191375744965,0.04295671207740152,522
24.584011458330835,0.24080915435412154,499
50.41927901576203,0.13519771846267312,526
40.102247487305455,0.14258107546656681,493
40.111147800507496,0.2438191164265845,492
49.21135633917646,0.060522950003226585,503
70.0626443948483,0.17704068873448897,530
51.754282872272285,0.181296986078995,507
20.306056977653668,0.18240730664683327,497
33.48975910081684,0.2892926477185555,534
28.66072017646308,0.10466860112935893,496
71.39182035966293,0.0427125855978488,511
25.485529218030187,0.024348155480516595,501
22.084474292490807,0.0931696563412252,538
67.18623490397462,0.2527683517212179,500
58.75095861755,0.1224215948612941,515
43.91026779375417,0.0628047349142965,542
41.595297312340044,0.14039209130713268,505
22.8677177408842,0.14037333165602126,504
62.27326116283064,0.08669873238292225,519
68.19323948737106,0.15025252612329992,546
58.86652030226064,0.18636690466000455,509
29.296866762694297,0.1757766251411516,508
51.57153414003047,0.08768523499009429,513
44.77333129413954,0.08033424548407668,550
38.39991697176074,0.10885028864687074,523
69.63785924816113,0.24655600340474942,512
54.57309127067947,0.13970718917972255,517
27.32440520680016,0.04064825142754645,554
24.279989880804255,0.022438447289715502,527
18.98517112057476,0.11857492968877033,516
63.868732391510505,0.16172369924711397,521
51.0361876775937,0.12411661502388352,558
66.64656887988184,0.07627140453300554,531
35.52615804417873,0.207757381429851,520
74.35868086969882,0.24141661473832832,525
25.089143865898826,0.035747107063307935,562
36.1368742722522,0.18397080585784276,535
35.28579234988486,0.15277700572303443,524
60.924370695700354,0.11653195525132837,539
37.8923554984915,0.18010468202624091,529
40.35935330714957,0.23229441196225908,566
68.13689311619484,0.06287366857634409,528
56.49914517756587,0.10944745704068462,543
31.51616363886607,0.17503422540609226,533
24.690792484865085,0.10583318921714302,570
73.8914733932705,0.09408596621294915,532
70.56830578663678,0.06342709519047292,547
25.193500274458742,0.13464822547562583,537
28.716350228681137,0.10004100144554968,536
44.81239859428173,0.1062280766721162,574
16.905172617959416,0.10497387959913139,551
69.67917664986973,0.18862862184250156,541
53.71796098597146,0.1330284357198751,540
26.7409661901468,0.10016385016569095,578
18.508953867886152,0.2722610733597473,555
41.43805001514039,0.22168207956808034,545
28.044384180594253,0.2500649772295717,544
24.94084549827061,0.03386521434249614,582
40.6065249083551,0.0738457604035364,559
54.50749129465616,0.14639805049257976,549
39.50656592873273,0.18670729735911157,548
29.403343576412468,0.08707342660303653,586
21.707036395448615,0.09095325931314226,563
26.223688261075935,0.36447080615979327,553
39.16995720976884,0.044462837641851057,552
43.518970960394185,0.04117693774164233,590
58.23405001577855,0.05945064965151166,567
37.790168507776585,0.04654771946629987,557
27.967705046076112,0.07767394153769541,556
51.91756657289485,0.12098550039358408,571
56.0749755192567,0.10774787422908601,561
37.36942301786086,0.14466108859380905,594
59.94718694461481,0.16379288959099678,560
37.63230962654069,0.22320314881112419,575
55.997293257905575,0.1063466690308703,565
37.799330881956905,0.031106441217057502,598
56.90664848598537,0.04257748610451594,564
31.016688914257703,0.04684919928549051,579
68.50245139922087,0.18539811197953576,569
59.66841609294544,0.08527188237413544,602
66.34440318041628,0.11338804300935723,568
20.529310852866153,0.21621186168521056,583
18.155981479179935,0.08214925244157556,573
58.665103450624606,0.10187863497874478,606
38.211076873517584,0.13353718278529314,572
60.43886871493195,0.061541797614079255,587
73.9273826290428,0.15792286758730906,610
47.25843730542564,0.19350838934525125,576
63.05617343570075,0.12174686254715582,577
42.10343220442442,0.15159296811062642,591
57.08443171741748,0.20312304083050792,614
39.19072330165565,0.03764971724924162,580
65.23570198330563,0.09666953499873147,581
20.28223100219747,0.21984715758200124,618
73.82925619639323,0.06994189552724817,595
40.67573291510724,0.08297766617976787,584
41.83402537274917,0.13921401190322977,585
26.905200011591788,0.20911640810685955,622
37.93210474363035,0.0699111052437797,599
53.7032905803869,0.08667953364058886,588
72.19229532111527,0.09515953811693147,589
71.34225013531614,0.058306593543349355,626
20.07062077441542,0.14842969350326513,603
42.03534884660341,0.06599432733489566,593
31.80299733288432,0.09571656517668473,630
26.792222182354315,0.09854179318940418,592
29.0141743935275,0.13720719682049387,607
70.90761167644845,0.039703526435710276,597
38.25658104014103,0.08790503047893741,634
34.100444472878905,0.11325575675789441,596
48.113639210711845,0.09770245757661801,611
72.35954706533778,0.15293697954614915,601
49.24862466578606,0.09435599810480318,638
36.272836669935884,0.11690151237464382,600
36.65790718425882,0.14232820587431766,615
67.71600086678986,0.137749357196279,605
21.936056820889256,0.04470835384043794,642
26.061932561809297,0.11304688443543834,604
36.74020441153978,0.029098564042139737,619
47.25153013388634,0.1489626584847413,609
34.97253816739311,0.0786374883996237,646
18.4458980561654,0.16055751044434638,623
42.06264940969048,0.057611558163970095,608
44.31886578766987,0.1689219023057614,613
24.483044604502172,0.01366828483507045,650
32.9479389551086,0.088096315677662,627
51.742542133804236,0.17480820713099926,612
48.772815136341045,0.08392640992869663,617
74.20608504586912,0.1410753840740271,654
17.169747633523336,0.18477863758728022,631
66.02437687222901,0.10224200728561257,621
28.357156063170887,0.056388821808333545,616
58.921612567868074,0.1625309778852282,658
31.185355399636556,0.10939736257548777,635
36.422501303914174,0.10263134836119091,620
52.41141007652173,0.12457019011314317,625
60.52020825755993,0.06139435641686724,639
68.60669484845053,0.06285612406496327,662
34.80776677019106,0.07230169539056906,624
41.734817878690876,0.15790787531778588,629
60.29386202487711,0.054368483606195596,666
61.97338060034461,0.04991893612509613,643
62.181193379803766,0.10081363667332732,628
50.481771950718866,0.1487340985923947,633
44.91239054730684,0.07655786500462568,670
23.063531832123246,0.13038213261909617,647
28.444198579587052,0.12240924081713776,632
55.93145421743963,0.17210611570882473,651
53.00826462853104,0.094823167356277,636
56.621682370475654,0.19491955957341012,674
47.169108176194,0.27888679333807065,655
51.785075874637755,0.05830503183816402,640
17.905197984092553,0.13500159438344916,678
71.7447391792237,0.07127798893987224,659
42.19106840500089,0.16198463134034274,644
46.873262011508686,0.04359172680859627,682
73.14178361664865,0.2021833731547135,637
28.697654703725558,0.1310171753099075,663
24.754442311573833,0.14470072616802546,648
17.239024440437202,0.03126881434658516,686
60.7983540392277,0.20286141847818773,641
43.29258115651328,0.1508940971110828,667
26.210563675088068,0.11858405944574711,652
52.013411782137766,0.06625506240090503,690
26.923567777205513,0.11423036074291343,645
35.73595171649161,0.04233525946305225,671
16.708691868160862,0.07179642331817192,656
17.024489622381555,0.27048537817659263,694
70.0162696154128,0.06751104321998579,675
36.66966956121057,0.15592734609418574,649
71.39784294832147,0.057530703125232285,660
47.55117513327538,0.24790465048671095,698
39.27159477103949,0.16677893655960993,679
30.67499676520721,0.20437066469155193,653
63.590630329320774,0.04247578409942051,664
69.84173852967236,0.06832251614473296,702
48.78733481607282,0.18740007208300727,683
67.20039085624853,0.20347828261546097,657
34.86413464740287,0.039847968237461354,668
53.85153042047229,0.11387533311106064,706
48.74724952541123,0.11804291716712441,687
36.12309325028663,0.12570560136201925,710
48.313599152663045,0.08022254670627495,661
27.272372832322475,0.09443612410938089,691
40.745898140558324,0.18474173991166823,672
24.60175874619219,0.10888649906494517,714
68.71710738354668,0.09537284530436912,695
49.36478209190477,0.031128960507909288,676
62.70710859576339,0.04684591824079047,665
31.577851783950333,0.1146822281798118,718
71.52760026203836,0.14741462502985841,699
63.57312757557002,0.2136186237813733,680
55.047552738729564,0.013963242025234919,669
44.65827401343631,0.15445198250443334,722
33.13001258700226,0.1136430439686398,703
19.591625204519097,0.19403812115194985,684
54.29996405728661,0.1495806444865903,673
62.878778353877756,0.14920042988187748,726
29.759503231181284,0.09489615296521686,707
62.91753381071235,0.14897270054250233,688
71.6562204406663,0.09926290801883142,677
26.41162847021576,0.032189701757381985,730
42.7367552417679,0.06591328036011819,711
33.29511716271546,0.09216467121217212,692
56.583722959382364,0.09180037932798571,681
49.19365977847297,0.11733198905735216,734
24.41216949612292,0.06724777766752438,696
29.84969886332238,0.1491916056823844,715
32.231791274254505,0.04617538965681049,685
59.77028661994445,0.1825592107563407,738
68.45907527696176,0.05285551610986117,700
72.61407861212821,0.16065086013565363,719
73.54140140739895,0.1133561837788582,689
64.45182758976601,0.1422659259516061,742
17.69255063141033,0.11465095721640811,704
34.918729742889525,0.059636404700879976,723
55.25709720841041,0.04304220606732261,746
36.84424214042397,0.025274091779472305,708
30.658425137187066,0.17666708958440747,727
74.30574048929357,0.10000327433728061,693
20.85343810737212,0.11303815557455275,750
53.28134820604361,0.25392438119948063,712
21.175235720045322,0.15605122931569573,731
41.444399159397,0.12329326333586542,697
34.845913690000174,0.21676821092729381,754
22.76209956834304,0.06747880083172628,716
43.47775309555435,0.11060851601438518,735
51.48958827936182,0.11919288935842054,701
50.097107630456506,0.047395870973533955,758
54.18956836441301,0.1712638391316528,720
53.73434224135005,0.04580075790505962,739
60.6529311442373,0.11184213832584011,705
66.50986832985643,0.06683140717462734,762
35.561481826491104,0.057943092808294606,724
22.59765499449653,0.044833302941869754,743
65.37080401500698,0.05700354621913195,728
35.8396474684027,0.13682120605438888,766
63.4072105939679,0.16015925289940225,709
31.010953585655002,0.08351813046370904,747
50.03921085884403,0.13262901889355386,732
66.67838608697471,0.14015341733974304,770
35.98531021037617,0.06007827639903747,713
44.91768120168827,0.1384233538472732,751
30.836624852201453,0.12909491686380148,736
31.390332063936242,0.08685250009958818,774
63.10315878407147,0.09384019018758502,717
53.7226522921706,0.15305249661977954,755
67.85655215329187,0.13743385397470817,740
18.368788685329072,0.07253121999468039,778
62.05871050517435,0.05907309427158106,721
59.44620737050424,0.1634084818566969,759
29.04500370244056,0.038865189150422357,744
61.88979476350031,0.21426602332511774,782
39.24433132394083,0.16581439756584584,725
45.066648943930275,0.13357434311410185,763
57.72803906351284,0.14476608805977284,748
36.2038052610645,0.19293748271192723,786
51.11883446732522,0.21754630128724975,729
18.198419985259292,0.10014532948868451,767
66.12933769455132,0.15900899630926943,752
70.47442741504254,0.08414261515392824,790
26.817748933500205,0.06280678035823616,733
66.49032805119808,0.0870562000318662,771
15.965272507118637,0.18927360508586027,794
22.840947378391228,0.2523889812732902,737
52.44592482670661,0.07112763518752228,798
42.20729753206143,0.2358762289045695,775
26.507995176574354,0.16341964679525872,741
24.527082849784016,0.22470265020930946,756
45.612721415568004,0.19741682063848617,745
40.15494958605248,0.18286156186417082,779
47.00927420881109,0.08316666045717144,760
46.32751186971285,0.1397226135906683,783
47.78944756470224,0.0273732892640159,749
58.91366177943917,0.18741912771766434,764
59.48905542474741,0.05050062800078989,787
41.46276547238155,0.0886085911611101,753
53.526059469671324,0.13655286531582433,768
37.89850486845605,0.27103806051063833,791
65.63032225128657,0.11825159209372976,757
58.134330317365496,0.05443643479205902,772
49.44755951374648,0.1778742341558925,795
18.88211241349914,0.040847579080048,761
29.874074058803934,0.26727016711590723,776
20.57180144191957,0.1286923918384519,799
16.537637543008657,0.16793991837295832,765
26.751034616160464,0.16984720632864989,780
53.52711446479255,0.17105098815882275,769
31.437606056530303,0.11902248228185185,784
68.59741020872872,0.12420644162956784,773
48.923567614564014,0.11927207594670464,788
43.22562731860389,0.1463893484969465,777
54.916203815928654,0.173251363711164,792
50.61861434672411,0.10503372105956732,781
53.12930928231305,0.09062241872566484,796
73.11651967594189,0.035203400118024857,785
21.18332224188123,0.0351481907239247,789
32.46612606446834,0.11827158752999903,793
62.08517331819452,0.09908800198228628,797
