6.422534749843043,0.13090591488774286,3
20.363721728791973,0.03614496591773494,1
12.736978040967003,0.1627897533376793,2
8.816905411382516,0.02756536277517746,0
22.497036903853402,0.06401275483663439,7
12.03412066305803,0.19227601787516038,4
18.212074866325615,0.0735575486004752,6
15.049621709687228,0.1597658441854123,5
7.90043914743981,0.10413596280678872,11
5.480598115180517,0.10127793168557603,8
20.031769284525172,0.2248202733569777,10
21.036915658364784,0.0875801848663377,9
5.700818343548153,0.1132967329895259,15
22.978606320792984,0.04565903216351776,12
21.31418352393062,0.06678996028439055,14
13.211001926000218,0.1749004037818833,13
5.446577850504548,0.03175326627853242,19
13.134872608101702,0.17097085735331602,16
9.42655039900268,0.13665860544236472,18
14.215780730997896,0.060335185753667454,23
19.370007669269157,0.18019714483056293,17
21.600835902909733,0.13940305460568136,20
24.100028442978353,0.10421666269081126,22
16.94406388566015,0.03246589030328654,27
22.388396657928276,0.08904245007526503,21
15.664729523497272,0.06909080806417882,24
14.361663858523194,0.09635158444198734,26
17.935363444390553,0.04957727691826805,31
5.8444373981023245,0.15451387212532622,25
19.37144545296602,0.099727944285702,28
22.489846138314807,0.07234120475995603,30
17.07690842972962,0.09158221419225061,35
22.766740535836863,0.0331705746712499,29
12.534727370073746,0.08698998702813711,32
15.2751885475275,0.07131406345488626,34
7.775879792044604,0.20096506043615944,39
20.264977065142226,0.11774893786064594,33
12.309443293278088,0.12781249317179505,36
20.436550364432506,0.13995894645916146,38
8.093533185179124,0.12937221004823318,43
11.860217026973848,0.006241925759052682,37
13.547844297551837,0.1868267176626937,40
6.755548753157436,0.18068878376889444,42
16.269577867367776,0.12416888173552032,47
9.861452441087033,0.03970944962815154,41
24.882079468049913,0.11004030380749519,44
22.288820744175972,0.18681565453954935,46
13.93885469839143,0.04441845624401295,51
9.077925952762895,0.08324885034526545,45
13.63322953690215,0.21475677103431445,48
22.432525170780607,0.10818358114798693,50
21.39645922996273,0.12174277521113275,55
6.455849068092929,0.1329135537247149,49
7.989797854718987,0.0992274485053743,52
20.454496642864967,0.10707431427934092,54
15.964490849650709,0.14187645884692593,59
11.730566180394407,0.04889426470154212,53
12.015934028481038,0.12048270824581167,56
24.996972062821833,0.14603579936664224,58
24.364749519240267,0.09834930546838026,63
15.67665907904036,0.13927512599820316,60
9.58577559629742,0.10630318299133566,57
20.998192761398037,0.0853559174774588,62
12.859454036679235,0.1378187434558008,67
22.03687280056806,0.2649793620464711,64
16.797054662939626,0.11305902106436341,66
15.144106025006307,0.14994602870571705,61
18.2488902115151,0.0355095493856978,71
23.3819660916684,0.04190511091067678,68
21.594232823010994,0.19561959251233954,70
17.29138983140124,0.16301284575932706,65
24.393710679853843,0.09525616072173866,75
21.06433809905611,0.1697434681385251,72
13.868161153037256,0.1689547280869347,74
5.364197508554451,0.040278515344694954,69
7.584060607522069,0.09127177915145912,79
7.488291928142392,0.09845787822860433,76
10.594122169873144,0.1837821113293593,78
22.202681693963804,0.07147936686882393,73
9.22591649675754,0.21166881296777917,83
8.12227211641492,0.030824417780094163,80
11.539802380177147,0.039537161985963964,82
16.336328134283722,0.23972975657520645,77
12.133661647490051,0.2077386485120949,87
7.7980928840158565,0.18909050652882334,84
18.98544429052232,0.13845119314189167,86
15.054403391645614,0.09725202606134363,81
18.539008414705634,0.08537392331040011,91
6.703404319108291,0.048900225099905034,88
23.822607244395066,0.03183377255186256,90
11.952572883979194,0.09391661173226558,85
22.503326052369907,0.07131744137543698,95
14.864493951583013,0.07849673644216647,92
15.398522933370414,0.2947521870965515,94
19.9058437294975,0.14832395005506369,89
20.510804708263674,0.12261060919279099,99
5.142026952528306,0.12339659094750921,96
24.654434706950703,0.024524060411762572,98
11.976981303931222,0.010822046730419855,93
15.515977285683949,0.08970686553443635,103
18.945728495267375,0.10335961384847943,100
15.231486529932896,0.1728547636655782,97
18.84970746395528,0.17527226950784675,102
23.753743860132627,0.07681548442474719,107
14.452603733322615,0.016154342163973445,104
11.97165947651445,0.08440342894021799,106
18.406666966398667,0.2113121089290464,101
7.3723677784646675,0.17577165563235778,111
17.023451816799724,0.2036052886265417,108
17.520276673555877,0.08750444304953485,110
20.616397759493005,0.13589113794024155,105
20.73487754921235,0.22245746336612549,115
12.13152081550833,0.1921228258960026,112
14.3730457993301,0.12399014045354227,114
17.319347251845045,0.06253512986312802,109
8.697185827703189,0.1967693270734021,119
11.187308633117578,0.21298783813269578,116
17.168104227628895,0.2387046649499062,118
16.754623395282415,0.1252136899662871,113
6.539969431274595,0.0670548192216386,123
7.620280152569034,0.06233641832885606,120
14.190236215917079,0.08826033544643688,122
17.64201843402273,0.020979181035029503,117
13.60714552891934,0.1639691192968091,127
21.134573730136935,0.110678114211098,124
10.354290718139826,0.005839002359754384,126
14.872157242512436,0.18392772210921418,121
17.682113501509207,0.08150910100764437,131
15.767935762456355,0.16938990100349,128
12.259270448671751,0.08280385921350811,130
20.551362965088924,0.17481552398699798,125
17.192697299072595,0.2026971984450727,135
10.745443628204844,0.19221005915075612,132
18.362824914917795,0.1906040293053329,134
15.714451161123455,0.09304795063755031,129
5.151842368317636,0.08287511806834391,139
16.89156137340214,0.09407484123949987,136
24.012219567180054,0.10934074510927459,138
8.425295405919417,0.1585198645133053,133
22.26892099444007,0.1199839361064395,143
12.85037772034066,0.18689216692179575,140
17.05853429444077,0.21292140230537374,142
10.069249857668384,0.018285387289303203,137
23.068873141209917,0.05247330784025226,147
14.740716339544953,0.22850358678461677,144
22.007769680943987,0.10013501505659882,146
20.80559759771121,0.10728539229409942,141
8.183779227120091,0.17234349116989575,151
6.859749030954485,0.20535303943559985,150
5.444473525060191,0.08479345960721749,148
17.787122134293504,0.14762766354161647,145
10.174131235358555,0.05264478493974605,155
20.466891507441083,0.12327273436855367,154
24.59249723181576,0.013911705894771049,152
21.028086408202984,0.12993255971118536,149
7.3401970910182435,0.053253245871213266,159
22.211991877497802,0.10304224321287535,158
19.773927234822548,0.04561518311837424,156
9.883105844742314,0.18384048470203843,153
5.88439095253081,0.13353810227930943,163
19.806564808026675,0.1435019869448581,162
18.694213415190312,0.15269330480143206,160
23.403061116219874,0.1129804855785409,157
15.530256410789413,0.05926615251175191,167
19.02211095743524,0.1369119619693691,166
16.316749406985117,0.044699601264648475,164
16.75587200802901,0.11709782288140974,161
18.061143175813637,0.0843232499662403,171
14.25745809943644,0.053766328928298524,170
10.682537419604948,0.2149911138683569,165
12.004364596040901,0.1142122064094586,168
21.16258729043574,0.1498940503214253,175
5.3506872524656135,0.12016783746013293,174
7.192662884356944,0.1305464371686521,169
23.423076899282535,0.099847360875156,172
14.57402108628757,0.11856871838618355,179
19.69270954005232,0.12640494710512598,178
12.815069818189704,0.2701926573710988,173
23.554653856182394,0.08907870010714572,176
23.86940422276942,0.24027861537158315,183
18.242904777361396,0.10712882691163224,182
10.19842194825535,0.1017955083387748,177
8.253567272312186,0.19542530978524308,180
16.88200242115374,0.09921840600415532,187
20.69844982415601,0.1242312936925854,186
14.04785173655058,0.10053811689351677,181
24.80637756276101,0.11572864778007262,184
7.185127065560883,0.0769336325029517,191
16.093025484285057,0.2903498509846042,190
16.435456314699103,0.10779937788541438,185
7.289959019361742,0.09682112094810459,188
21.271867026889872,0.10399209292275224,195
18.16849625164476,0.19635276191761974,194
19.57422815537124,0.24549781395885822,189
7.512583697525212,0.044890191396192304,192
5.366941419221125,0.19858208503340946,199
15.909210336735464,0.10119314530264185,198
7.524325532878984,0.10521609660957032,193
7.8929295176465075,0.16934199678154194,196
22.258657873012965,0.0831015446965831,203
7.5871792219069984,0.08074810924292264,202
12.817816551070614,0.13200088714852218,197
16.254324752671582,0.1163430845164023,200
10.380978339831831,0.11223748863929445,207
18.573933045670252,0.07804914219713355,206
16.98539070808105,0.20477382046077697,201
17.43888773568873,0.16539123757346996,204
24.484085143352324,0.12180380640906122,211
12.812645128452733,0.2660696653000819,210
15.525564571652485,0.15124622506377816,205
8.768982400000429,0.23077373653763172,208
6.717012277670724,0.10280210519820619,215
10.356596078805104,0.13317860503536919,214
13.14201418360633,0.1258409520816294,209
22.61992811964822,0.012746103104678955,219
7.338667923109233,0.04748486761080738,212
6.7607268107232805,0.09643956715570182,218
23.598406186985606,0.013322338463178011,213
8.927494957836657,0.14748523333099098,223
15.892006564291012,0.15868064661211256,216
5.039638632362767,0.13928675062906934,222
5.32175721539391,0.192417960679967,217
9.831201004915094,0.196623415639943,227
5.734959386980307,0.10958520319231896,220
8.924696531528959,0.1903619976755159,221
10.63782362291712,0.02779060435594058,226
14.796782076648968,0.1961905503300488,231
22.56485539132327,0.12557114296139774,224
17.6436796437493,0.061531333993394326,225
24.317836353847373,0.11890472309810725,230
13.884357669164668,0.01653775658306565,235
8.808702422115546,0.06530194118497414,228
20.16985990708765,0.0840568470420514,229
16.865982583097484,0.2398750286022723,234
20.083600762190446,0.2438100137388576,239
5.929655181844884,0.0927374149498957,232
19.53407004537482,0.040441303427566584,233
20.654766759516022,0.16719429360698987,238
20.828230555330432,0.041745620659213195,243
20.885428366069654,0.11162824818851491,236
18.46847592002227,0.1669631744733071,237
18.62482136134886,0.0887748291789529,242
22.686949822457247,0.1351447108092809,247
15.522065032144166,0.33069565706742365,240
13.457064319041931,0.19268848419114967,241
14.670481052432562,0.06527466125076428,246
9.936026162406344,0.0371132912684304,251
15.82944482976574,0.09662030623717033,244
5.483876067665028,0.15967738681901855,245
23.439542829090122,0.1788801960575685,250
15.173160736381144,0.16231967537726172,255
20.31095275486482,0.08267870766063534,248
19.90910556245146,0.11009774394752964,249
14.110031581149354,0.1014333333596941,254
13.827712382852603,0.18195632696119826,259
7.732923490783099,0.06919888717428005,252
11.333985813356396,0.09440186706371306,253
6.715322415380487,0.060565297667806876,258
15.279407160649551,0.25570794598448987,263
6.226963682311364,0.18304786338001114,256
16.679091524704027,0.06591870838457285,257
8.126005047883877,0.15460309477688652,262
6.27005788276395,0.09948969105353689,267
9.542385094050658,0.02714679150741796,260
20.364018264572543,0.05984077313720179,261
12.523542452504046,0.13077984854109814,266
12.371283009892075,0.17327448434437925,271
12.498499360936927,0.1942599560760231,264
7.198055439498794,0.1672195661755258,265
22.2346736971314,0.07775793457589973,270
15.28819219560791,0.11906397012736752,275
14.077065909584796,0.25523473423941234,268
19.38007805592108,0.17354050342522498,269
23.75434761001602,0.04600058366261402,274
14.07303475607896,0.18714820319994008,279
8.208387174719405,0.09878405763524609,272
23.0728113350341,0.08223816263474165,273
6.31519736968523,0.08294774209253951,278
6.806736809435867,0.10880865883823364,283
18.444037367078415,0.0899795297923594,276
18.975336812970113,0.0992156473298588,277
10.619711187484581,0.08627207167495404,282
16.63131689493365,0.069385055739402,287
5.258043793689742,0.07710976668592943,280
15.130311479113418,0.020227932263193513,281
24.251822771507143,0.19806938433314558,286
23.728684913874176,0.16604483596810635,291
17.557630055352103,0.14200693676018478,284
9.055441516218979,0.1121566415262654,285
8.124759147183573,0.1313836953913958,290
19.00040670196913,0.0642661976498823,295
8.806335168656386,0.3298956409219016,288
24.7523543146124,0.08385506258852621,289
13.28635857525594,0.22286430647384084,294
5.785154552572507,0.10261507664152361,299
21.49271991467643,0.19202331236835424,292
15.588182251353604,0.15375541141721372,293
5.75116458319682,0.13031754659600003,298
23.427543953162715,0.18136730041790672,303
12.49818148241248,0.17278457887429516,296
11.843946952045378,0.27364831073575846,297
23.27786768459602,0.10202576512454381,302
14.76058175797444,0.10121594176560322,307
16.73841304466681,0.18262929414693885,300
6.742098870059852,0.11446429769457363,301
13.426578280769,0.10681505675035419,306
7.937352749632954,0.09020441930314307,304
19.35947496033706,0.163387276780008,311
14.909991769543993,0.1441181073729268,305
14.269166905606154,0.0786307165273042,310
13.121321534208557,0.06454533836189022,315
14.729504343758613,0.15542231636846748,308
15.919251859516518,0.12183893697801595,309
17.634850422917655,0.0779183542220424,314
24.807574560704634,0.0634276299695792,319
22.902733654091808,0.22509745128226993,312
22.015140132636994,0.15301907828527234,313
7.751171173237115,0.05712589332207716,318
20.922923557167017,0.07469223547545442,316
6.542246490800778,0.12380687082487725,323
9.600500133754426,0.2107793840841008,317
7.825112135217793,0.19250802158494262,322
15.429084425871968,0.06980798025063283,320
7.757159725877447,0.2797756657198121,327
7.779988936858954,0.13665584633491085,326
16.322570017211767,0.1554029553347117,321
15.156755634162531,0.14156579083835394,324
13.316302466362163,0.10474667375242502,331
11.363084972113999,0.2213355125912184,330
8.448414284242752,0.06342110137906119,325
21.170801645159962,0.16469544239708805,328
9.51452020981309,0.051719641440120645,335
24.09779120982411,0.1966867043557199,334
12.703845410235495,0.1033075155687072,329
15.927389377815897,0.18051342711798468,332
7.61611652617254,0.05116381736931874,339
20.200429845079988,0.17201652262592912,338
5.069136914306627,0.16175816952816105,333
24.640488480880766,0.03942720901656268,336
17.830738411446223,0.1641078952154077,343
20.491237587318405,0.12023197074405939,342
14.641116247918005,0.161744987587137,337
10.370597663067791,0.1741902794974398,340
9.839058223237663,0.09283709559793486,347
21.00511910159616,0.33960439157054384,346
20.03744589797306,0.03983915282266322,341
6.397762706813149,0.03619403496084852,344
5.868075585269505,0.08385950713373572,351
16.996383187669053,0.09184767681852224,350
15.604654569087678,0.18131865000084446,345
12.79712156332006,0.13064623013203497,348
12.812974816113362,0.0972563997686269,355
5.449204534073417,0.09986237138258981,354
12.480460210348012,0.10089815477334196,349
12.194368044908671,0.1438655137987439,352
11.745888512935672,0.26189171538735695,359
9.02583172256994,0.15115066992230883,358
6.481012223565439,0.027852132305518085,353
21.040291406661574,0.12052465375187925,356
8.927347933868546,0.10421923391364754,363
13.489119640360459,0.1212315752186962,362
23.55579890907989,0.25210380554345785,357
17.28514698966816,0.10171356593620964,360
21.574988881493322,0.10158735030121818,367
20.154542487100763,0.03964493719631143,366
18.412993218742983,0.11149349799642738,361
14.854871265535143,0.06214502801379005,364
19.176328090955007,0.03566502829350204,371
20.834627764833492,0.10708429816121719,370
6.929823118189063,0.3253349944779314,365
8.596193836841648,0.2578401314680434,368
7.120717582033342,0.10488592464665492,375
22.219576799157846,0.20581696294862528,374
18.563653392379774,0.24614607110759046,369
23.460702684239465,0.11784187598366092,372
9.47262371293365,0.11531512394047057,379
16.52680414512721,0.12327151756647721,378
8.844575331388931,0.017866131375027693,373
22.823438985082806,0.07959505906424819,376
5.025256647580583,0.03394423381230613,383
9.021261233937597,0.09609866751348725,382
13.78114327471468,0.11183100646964317,377
8.410311505832793,0.07240593834085533,380
16.13903348233209,0.11739492371252014,387
7.659502104754974,0.2040864767253849,386
14.54028115214866,0.0359125699781031,381
7.374137556555622,0.06327315828962123,384
9.645718562018914,0.23185536900095916,391
8.024964987729902,0.10319062161421343,390
15.989860382958536,0.07533932866550457,385
12.739686679403938,0.17991246808442174,388
9.434075858907915,0.039926958775592235,395
23.30913989085845,0.14642725450845537,394
22.706742327630124,0.13822816197673116,389
21.357592599505605,0.057379135559585605,392
18.510797706798662,0.18119044443161866,399
16.241674222324995,0.03299400316074871,398
22.820393028991184,0.2989790826958258,393
16.169593397204196,0.09076958315257133,396
6.376513413561618,0.09497380095752311,403
15.711130752549163,0.0970226891156525,402
18.352200542091772,0.05728327725243076,397
21.233113490498297,0.08387306443112012,400
5.594187466087193,0.04576596007795927,407
17.588934086011484,0.12013342320468375,406
17.93284047431172,0.07027375436833942,401
11.451067393443761,0.1741924694716153,404
8.136152311806262,0.17682707858568525,411
22.5839312949909,0.07456844392565158,410
18.167186401719714,0.18983831461092904,405
15.930023546072718,0.1104754480821558,408
6.790900801843365,0.13112128885724258,415
7.2868756439359705,0.13234181491997862,414
15.293007976472426,0.15148644875139528,409
15.092764640537816,0.0671767458284545,412
12.771379626346484,0.1480153311075073,419
10.004648528239482,0.09762154953487691,418
15.968117580672615,0.20476015318748858,413
10.446263116626529,0.1181344105484406,416
11.813983420733752,0.12434716164009746,423
9.832379175637435,0.11467952085139584,422
9.087132182939541,0.14878079606813066,417
18.48255558480081,0.12335788381531301,420
15.751871542173827,0.09631175599950575,427
13.617199959663655,0.04784698035103735,426
9.050498426792267,0.05422043348406076,421
18.93825780973711,0.05600571522661907,424
14.518562791867524,0.14765695764585404,431
11.677105921036786,0.08899632990706356,430
6.960861414460542,0.16401635049548807,425
21.953334006517334,0.25790766494530787,428
11.905110567522483,0.31579367524791385,435
20.068652525125586,0.08613663793342548,434
5.543924159068558,0.12980317757119098,429
17.366234698743902,0.20069712292644382,432
12.744486751024322,0.17956061427620865,439
12.689747854821658,0.2680468377811026,438
8.27547285294804,0.0877576261387234,433
20.72528310952511,0.007147956491878386,436
9.968554528769236,0.18457945938838,442
7.525344163169612,0.17239623146521796,443
8.892373401440505,0.19218093084156923,437
22.87173809226216,0.09619637447700656,440
18.770162923352444,0.11726569890723533,446
8.07424697610953,0.18507946473164716,447
5.047270696920377,0.09689220467449688,441
7.29208473819277,0.2509431568314636,444
24.884667432318015,0.08499159336095896,450
7.859285380058909,0.21730173775677408,451
7.960914361200602,0.19838848048781055,448
15.316860038510399,0.08990368730212565,445
17.70870627197216,0.05774243020943394,454
19.93954222440172,0.11426255793916192,455
13.305873524141616,0.3405260896859662,452
22.0931593875431,0.1318902851998606,449
8.257914712593408,0.08410453535159267,458
22.170181229673453,0.04969222463281449,459
18.948286923183062,0.143622378445565,456
22.585234197702814,0.061066467827609716,453
6.098710300167305,0.055043526878678355,462
13.302199221516506,0.10877099113105615,463
21.82708190624822,0.05472777350255419,460
22.256600944567143,0.0701432029393883,457
22.661663127530115,0.24756685782438703,466
19.544972360567385,0.07576293747071443,467
14.781989150841406,0.10155648155639951,464
11.566054878161916,0.09704950301868823,461
21.73134761175044,0.09227312049279149,470
11.63124478481038,0.18505926605679834,471
13.329177176553097,0.140491281519181,468
13.480655657957882,0.06336652517724291,465
19.41904840746679,0.22774012637266194,474
23.184555408645224,0.14436884635436742,475
19.302640439808524,0.0758399925597073,472
21.98505102865987,0.26268761776601063,469
9.546426041785283,0.08399991486014007,478
8.509605585070103,0.0286977614034104,479
15.936591876130436,0.10661354191760608,476
7.649244818670013,0.10696447874112931,473
11.078313285561421,0.22272810623412398,482
23.84118534967287,0.13775501742675617,483
20.384838437190336,0.06023076433607434,480
11.632569176184223,0.188729430637241,477
16.666873294972998,0.13168575269047464,486
14.978783539213776,0.04946487937974853,487
17.32963742846983,0.0771275470327417,484
23.7315879000308,0.17759432616416124,481
9.379716417043651,0.14392950648480035,490
14.752783408326298,0.028962238302907846,491
6.733032696252634,0.1542165922552446,488
10.090896827045388,0.039952383263883756,485
17.323855681961078,0.15213282497995972,494
12.713281423168022,0.11186825609879117,495
12.296304509179345,0.2311622191240589,492
24.113517535923346,0.1915809252442323,489
6.133504964452561,0.23148722204517835,499
20.765874841283583,0.10502893865092051,498
7.966756422572743,0.12709174102059723,496
7.093437628313685,0.10149694479755811,493
24.595958484802352,0.25285641768446115,503
24.89397247217758,0.07221944878282652,502
16.476982314551133,0.07645571430083621,500
23.07330932845121,0.10964827910903432,497
22.103326598243424,0.11701480046092938,507
6.676039219614918,0.10415399142979426,504
20.829639487666803,0.28930323445069894,506
23.419169612358964,0.09857431800740175,501
9.023305115325584,0.11591865409152934,511
24.615304659546183,0.05041728078512804,508
13.40221704349089,0.06676105182964924,510
24.53248278819296,0.03903190454982779,505
19.62251554956938,0.10283030841490447,515
8.14289126872282,0.16395030271211916,512
22.886834913935814,0.10946181497666968,514
24.85491805519007,0.09198587678351532,509
23.436467612461747,0.12539222311906234,519
22.30403833246926,0.16659203392103708,516
16.477707625248286,0.11309723912064243,513
9.47064685262773,0.06841150322397976,518
22.116010039260726,0.2730286221391966,523
23.7841202488583,0.18068834440379214,520
23.874754082770437,0.1173969779337603,517
18.63263025972604,0.14873670442604467,522
19.58305908764719,0.15353172095852968,527
13.813917171285885,0.1290539627294718,524
18.6609417226362,0.08259560845708998,521
5.692197604695107,0.20910598406992975,526
6.416305036685697,0.14076069589894513,531
15.480553400619328,0.26849095554104535,525
13.652225930380888,0.0756240031969356,528
22.745504868339882,0.1986881950552231,530
19.293013903802667,0.19715027536386273,535
7.690039030153106,0.07604967514106879,529
12.051593837609111,0.15272038177743463,532
8.715358897163272,0.13556710415281129,534
18.337252224792053,0.0828239559087835,539
5.942947572755668,0.15902156830440228,533
5.568713483816126,0.053817112917231194,536
7.820509426843561,0.16110159894064624,538
16.470911779608002,0.11864700331943188,543
14.410969132808493,0.07857398930301146,537
17.43208461644923,0.07292911586146207,542
9.280732565756152,0.18522223415125635,540
14.559054900510652,0.026093378085699843,547
9.49714109228183,0.18966218674429244,541
12.17572344533744,0.1328081412363155,546
18.813562936088367,0.14948824391059443,544
14.036005905652607,0.11092466584537924,551
14.084358070533705,0.07746633275009993,545
20.477151519829683,0.102916733920284,550
5.841754164043267,0.125073488805768,548
14.910246465646683,0.07314074726769106,555
15.87848842908835,0.15295397147637255,549
12.234077151552809,0.12659077508575295,554
12.145347460425217,0.09156206502119413,552
18.899611818855128,0.10973018498208797,559
23.968713505997822,0.08996954631154264,553
14.729892009933838,0.19491195975262832,558
9.577585603882593,0.0651201224315565,556
20.54410369844745,0.17098578827947059,563
7.089989090183204,0.1383606883559961,557
11.572524429673805,0.08360543636829423,562
24.507195855321232,0.09917104757736457,560
12.99155369096363,0.21806949788196037,567
21.65403528682281,0.1008241385021357,561
9.628867843459792,0.15405709092468592,566
10.320657715710322,0.12626297840793804,564
18.089959936297717,0.10633842012291482,571
20.154531288676772,0.24734073792565275,565
10.125688461144957,0.13580848061374887,570
7.621838319290612,0.07110029914096347,575
20.242206963432857,0.2150226302201419,568
10.209874024750164,0.1556020934816743,569
7.5781663867526845,0.04825979057538129,574
18.274005787827377,0.23058875776473553,579
9.67158299525851,0.0854941484889576,572
9.19000345841223,0.027292669753003575,573
16.091082220164445,0.09268917709659531,578
24.629104235803837,0.0983315609400571,583
20.304104022043177,0.11768100066192129,576
19.948098692497886,0.18020020951445548,577
22.420411166972816,0.1530409181051855,582
11.400882017114583,0.1320746756453934,587
14.018605254206056,0.21057963185458717,580
12.803740767132656,0.07153683000439394,581
12.94470029458173,0.3059320829320331,586
20.24595133192062,0.04698386244074873,591
17.643311978843016,0.21749027055053902,584
22.961039752947965,0.12323995275151317,585
14.813879685706201,0.14346594019425293,590
18.17586860808767,0.19107281746667476,595
14.336501185269979,0.18118814122570642,588
10.543599969631147,0.06003048210175215,589
10.782563986988578,0.08937532641821053,594
19.872666850545336,0.18376777688469667,599
19.874389778580465,0.0548157641917352,592
7.556149841177586,0.27838151374196024,593
15.140682142812851,0.18995767388777918,598
21.40184438272516,0.21131279016695556,603
16.177784159427432,0.07897706251192653,596
8.396935210293963,0.16616401209458004,597
10.303824114025153,0.08748440545181968,602
21.727757603490872,0.06476505573319634,607
22.027407546969627,0.20011296290829322,600
19.19084192088328,0.10002454324253796,606
19.317514775001708,0.2135795245022265,601
19.38782368212659,0.1361474793092635,611
18.012543451621234,0.1653760652528091,604
7.303324240949321,0.1022241186020305,610
24.876425078565422,0.16338302065981444,605
15.359895225755555,0.09439085315630634,608
5.480262165624216,0.09467239810627967,615
20.39956816365521,0.16273815597530938,614
19.859720986959662,0.16777134083924117,609
7.4905268928142155,0.32399926081644553,612
14.815522561499726,0.18069056383427165,619
7.560771942123832,0.18340886645142243,618
15.820784091069012,0.25255528844295316,613
23.79969465217804,0.12967135956417128,616
10.591559995778761,0.13251503737221682,623
12.421803722302244,0.24887224677756495,622
23.444519032821667,0.11336485772370052,617
16.37044528452499,0.22739366691316493,620
5.875197245197736,0.08131915725036419,627
16.0574991926685,0.05084846395461114,626
23.457257288577523,0.13405905751486333,621
16.656930365114473,0.10412083253766147,624
18.611185208683352,0.06999340754984372,631
5.891619470633424,0.011530494897168318,630
11.747912276073249,0.10491061803371933,625
19.4437416361676,0.03529508789359876,628
7.848676665741943,0.28461458502448517,635
12.235215809953388,0.08698757519134442,634
20.072215970129854,0.09732736443379848,629
20.030497010188213,0.27710100252707476,632
7.523435525487199,0.11000610187733025,639
9.042696872128191,0.20382229133233076,638
6.555303342189511,0.11979608114841829,633
14.97756304360629,0.0807216832785734,636
15.681013266976457,0.17205030088685028,643
5.908257674568642,0.16693308451670277,642
12.787928068010226,0.08669141419655003,637
22.4040311839683,0.15078373930042419,640
15.010503648556075,0.0392779268913632,647
18.30794898564178,0.18149322998065393,646
15.25366415721183,0.24043701476491985,641
11.900710413539324,0.22123093190652035,644
7.545437234273935,0.2145893443590565,651
9.540708386514247,0.15621317560835618,650
23.686881406451455,0.09991291075454935,645
18.645318177820094,0.18230681914638103,648
6.868900102671733,0.1997976964905417,655
22.28571964359852,0.14689240733930667,654
21.35156232192611,0.06950198124200345,649
10.113819686984684,0.008730724655601629,652
10.022211857445399,0.12947147582338647,659
7.606289900297483,0.1492625237025047,658
13.880649410099796,0.1883356942181006,656
5.329120339196367,0.16889506007524907,653
19.01929280966196,0.2539183010683969,663
16.917959770649254,0.16281474187235445,662
10.441050289078264,0.062433693400714155,660
24.32562686110937,0.12296091726828676,657
16.53006590298577,0.10943605941995034,667
7.707648947764241,0.09744659277585377,666
12.645595460688446,0.20215024914067203,664
18.09099368024077,0.07089678989272544,661
11.809185704518963,0.19316307182581433,671
7.068095965879742,0.19266519494670978,670
19.337784666262174,0.13673301037164307,668
7.605523903610467,0.09694822638251561,665
18.95438071676115,0.11281005916242962,675
7.562835019358913,0.03656992153872289,674
22.1263017819111,0.13175595601930298,672
16.249533417179705,0.11078884580303039,669
19.00974269952885,0.07083966041768246,679
17.00239296089174,0.08857361052118974,678
14.079903749857788,0.08345374732795972,676
23.162346574059878,0.06035634748371212,673
24.414346474442596,0.10927462890587036,683
18.972523656236234,0.1647405673576586,682
15.436716209668706,0.07034434673748614,680
14.252345407954268,0.12496800229471863,677
23.736121998640158,0.19641407724302026,687
21.062398304261805,0.155139560332193,686
18.937397711082532,0.06311705248348994,684
19.64034013974141,0.036941159763504,681
13.63267688659452,0.11141374056722371,691
6.8423987835511575,0.1463789475018034,690
11.880570474222282,0.06233985424754841,688
12.233418776799168,0.056829674620910646,685
7.434220854139482,0.1565710986762255,695
16.178828801662213,0.05715321618247539,694
18.248033962695622,0.0290972792056177,692
11.067671193482852,0.12186659423056119,689
20.279206394395587,0.0652614220924063,699
20.236038201582573,0.018652255351002737,698
22.424643421020992,0.0344845834042608,696
8.634164526829398,0.11929088081303436,693
18.240049871290203,0.03176959762897884,703
22.65563435231854,0.18369638452289042,702
18.828131228415366,0.1304735583660827,700
22.66401226575919,0.2031379046270776,697
6.490205658552566,0.01900876374129032,707
9.750144098039119,0.10689968004180438,706
21.41681575463847,0.20443597312977557,704
16.383865278748104,0.05642678507980349,701
11.870409327042658,0.21464548698543792,711
15.48879752216723,0.20626401849079112,710
8.001941502805437,0.06344722840384276,708
22.758932293150718,0.11023381619967872,705
5.950257978377962,0.052431076946653145,715
9.957465866157895,0.11554857129332259,714
17.067024160732416,0.14211277925253282,712
16.72022692686079,0.15584414370101457,709
16.86925994594502,0.2736702969860468,719
24.776737736225453,0.12732030446386003,718
24.633386360525726,0.1060046730799338,716
16.290669258756825,0.11964191664579145,713
8.265807426718045,0.1702133000237779,723
11.923018780476351,0.16565753118467696,722
18.537845559881735,0.26655580361473197,720
7.257500388837355,0.16329824053700678,717
8.4212550236341,0.15340627001321905,726
10.731745325084896,0.15210931057794727,727
13.074008588795635,0.03438261249070664,724
8.54794608193437,0.25268394755427975,721
10.640204735229698,0.2043300431341181,730
6.64322790304807,0.2927945170325551,731
14.865304962004016,0.14036972401578104,728
15.263413785692986,0.20385058645142787,725
11.046975291146497,0.08399722916907584,734
22.493273201870668,0.14061314558964413,735
7.833512519532652,0.12316119589891415,732
18.678473536500512,0.10354068989025136,729
8.471479826270507,0.060495327690338455,738
13.60222259247616,0.01822617069963495,739
15.937715060826157,0.04692557938011694,736
22.18167508939352,0.09221155982751839,733
12.667614012550477,0.16980029976697905,742
8.769181419408188,0.2529631740020014,743
19.148781556955903,0.21504345533881036,740
5.949433553558228,0.024730867052175358,737
23.205186263273895,0.24919941787988079,746
9.158819255674302,0.1924711284142224,747
19.728802531253933,0.014766193981049603,744
11.217839545678652,0.119274490805039,741
16.831361435394975,0.2715058103712914,750
13.733072576193768,0.10481128468871029,751
8.825110600061452,0.2114996057369937,748
18.354277037141227,0.013667510223542984,745
14.147406736371707,0.10651279286244988,754
10.886855359167633,0.017334996580136767,755
23.081045358154707,0.20464328136532406,752
13.202722775923142,0.1417390135066862,749
22.65581257704127,0.09346086085534366,758
10.258204127297933,0.13252607883580997,756
15.525430839240888,0.051120941719796135,759
20.74892895171903,0.03495803386276852,753
12.40803143568346,0.17238575464654418,762
20.64490595125733,0.19320457237974897,760
21.978267656275328,0.14822563381372364,763
6.2132357158235285,0.019752013864572777,757
18.116602087456247,0.17512312814282519,766
11.413509865799318,0.06602751326363009,764
14.155355097544044,0.02073261554789895,767
11.359609310968377,0.024240218436205788,761
14.199474235645773,0.16277346722019237,770
10.329089114956782,0.09825428648329172,768
24.094591371841215,0.18666163193919805,771
10.637069905771227,0.3522648225857224,765
18.502235835623694,0.020684619020747978,774
21.545989336755593,0.05956826424658179,772
10.705897932086494,0.2525159459450185,775
24.100908887088263,0.17222457967457014,769
23.414776433539174,0.05641815022069674,778
21.056957621573396,0.11133025658338097,776
13.941448293172883,0.08265690128307683,779
11.049368925007418,0.15420395622265823,773
16.725273649548004,0.21474765849379068,782
6.814882768607595,0.2019294729983866,780
12.528161038100759,0.08536124710268149,783
18.115421446922838,0.18617690714258728,777
12.967979742523848,0.18844836432387446,786
16.668856993439178,0.07570433814854466,784
19.80236805084585,0.13313810146413985,787
11.6793558690112,0.06665297080730552,781
17.61712417120515,0.11241789351484094,790
7.75903900449308,0.10465489039036775,788
13.683046729873551,0.022384280348468653,791
24.01512024336201,0.231701760708089,785
24.193936046523433,0.13749882240032055,794
24.27973436953437,0.22748723270850332,792
7.905152866500873,0.17823924169683592,795
9.484980644044168,0.06155193318235718,789
21.757943145478553,0.1623343534395427,798
20.9680477656942,0.12484819443623914,796
13.478729892725541,0.19908553747606159,799
5.6494465791683,0.09656154227389216,793
17.07665390893624,0.08560346257527467,797
