13.28605830565687,0.14837649744588902,0
20.9056980765931,0.25306052581016764,2
10.284409262198954,0.11271885881252575,3
21.213801752655336,0.03881161234144509,1
12.174740789494399,0.21361205192677035,7
23.944564133761777,0.1354963306004666,4
7.3488195923739745,0.08200866867303191,5
5.1218598313823005,0.009867410714794784,6
13.088085369957627,0.08321978857394859,11
21.983660439682378,0.10523904032836967,8
22.66954716296948,0.24379268613333568,9
10.779880858019897,0.08383706736937968,10
21.25594096575216,0.24846434916006352,15
14.591176093212969,0.15447730793605255,12
5.076894094609836,0.09613303661798969,13
6.182015091048609,0.08927417836107665,14
18.793965534503773,0.14125128902418857,19
11.598981998446604,0.06909781842963558,16
14.336287532233086,0.10261382390355767,17
7.187196853013205,0.19017995198407678,18
15.56273225051319,0.03338010313994479,23
21.696951426863347,0.15567622263047887,20
14.033339351607761,0.13038184035096587,21
5.503310255173792,0.11466615759313004,22
13.299765796866204,0.158363732450031,27
9.196089179457607,0.11967284458141335,24
6.300094462891003,0.14319276020099456,25
15.65352934829541,0.09397001764753782,31
9.578825778887554,0.05381839855048094,28
19.21253449650097,0.04354917125045289,29
7.857248704161163,0.08282752193349148,35
14.03975327235895,0.026409664284561936,26
8.98333150465163,0.14436684250116336,32
16.393894904977508,0.10387144819524415,33
22.792530375305656,0.1135883297107829,39
15.153128579052002,0.12711599862578146,30
21.650162920818403,0.07299287892523436,36
13.237756679540059,0.05552523630551415,37
22.39286316121121,0.07965963093317652,43
22.227663603675587,0.21279781655165514,34
13.38646017972284,0.06905771894063345,40
21.390453554341573,0.17160991017290944,41
11.505473414830362,0.09215125100623267,47
14.641780153143527,0.019443874805951895,38
12.958664291386121,0.09640983217363952,44
11.860666385320442,0.23698064724897538,45
5.489293341175108,0.054863948009378716,51
14.014337455832122,0.058857415181409606,48
15.610377816500323,0.13479388488719657,42
12.493305361834617,0.13948170175728347,49
24.93112486468855,0.14484294648570126,52
18.19436837993876,0.10067558006046173,55
7.43930976879406,0.2275958852904898,46
9.975801051390452,0.13332418765604714,53
11.387099568695792,0.07791502162292673,56
14.675216382861912,0.03753623317867229,59
7.75957175735924,0.05854969996883336,50
20.624137112637186,0.06238886763169776,57
17.733457442424438,0.06829166932273308,60
14.302406572972243,0.18371043849163243,63
19.821350636630775,0.0838772854866033,54
10.885402700571527,0.11771023242565659,61
20.377566028536464,0.15151150621877618,64
21.39617660223138,0.09815208708019622,67
22.231485194418493,0.1711462672844106,58
19.773198169348554,0.11303148756920885,65
6.072898983037884,0.07344087751258525,68
18.325299422093696,0.1686336011523862,71
11.390791280566194,0.02911364002821544,62
9.841748280432839,0.19253995114057887,69
11.970851729952098,0.08799088656992902,72
10.39376488615736,0.07912425359622634,75
24.38188893509668,0.11139585953566794,66
16.185922261355394,0.18507570555771033,73
21.856883470832496,0.16949323612608602,76
15.249312862742542,0.11422038399914956,77
24.874440506258285,0.177365092528943,79
14.026158932754784,0.046278494578282564,70
6.521991466506596,0.1373182955596067,80
16.05706397100153,0.18592657411292193,81
10.006427808330056,0.0701343712960272,83
12.821703217620703,0.1517396796719116,74
24.404999120114002,0.19050215958333866,84
13.46873219528826,0.06995500422645022,85
17.053054561312557,0.040530022576522606,87
19.936917272656476,0.18151365884529566,78
17.298916288198722,0.10256581751674815,88
22.034627249382584,0.24412411065291556,91
8.704020659201765,0.12336490732210673,89
23.33351143507443,0.24156999026697257,82
22.166883487029722,0.07899563180519534,92
18.11401594930593,0.02265607906545474,95
18.143047728254,0.10501537369207906,93
10.139239475986745,0.17917484680772694,86
22.72749287960343,0.0517153186963834,96
9.262307997109422,0.2067336575560167,99
9.445282603632759,0.28803271226443306,97
23.256205787327954,0.07168710156061678,90
10.921975598739104,0.1987153071575738,100
8.74533954807269,0.10236474292240179,103
15.627219626037927,0.20624534863521662,101
14.857369054036436,0.08809888126346299,94
21.31856852710684,0.11105854150890843,104
7.655913213869359,0.09678156129916249,107
19.71847883806676,0.1787481599988885,105
23.380955280279533,0.109217497463955,98
20.14063415998121,0.13627714772040508,108
24.31119360805631,0.09190760893614934,111
11.82216119013315,0.11305689035662292,109
10.057916868114255,0.12900771513623752,102
11.736715952219983,0.20349906858430922,112
8.194149001351263,0.14234715344826993,115
16.116642686908214,0.08599383277697462,113
23.070561958030794,0.11995874817072077,106
16.368431928904986,0.14005806071364507,119
8.563857503125462,0.20531827499992938,116
17.5958318755446,0.08263997350378616,117
5.471269215700483,0.15041076642361048,110
24.711719360530815,0.13358201137788772,123
20.47211905581691,0.13001013674346948,120
9.332921893456065,0.22401118753641294,121
22.836456781061987,0.1759864108627455,114
6.19388012148387,0.04731918235235487,127
23.726732002170664,0.1716929174808724,124
9.081743858536262,0.019818578936173576,125
10.331201548415157,0.07928518725541069,118
20.164688873526526,0.05088383529495576,131
19.215177937405837,0.2060936879574804,128
7.984343699948311,0.06509965007832333,129
5.7499994801603265,0.18555600041369924,122
17.575183959592724,0.12436787475646663,135
23.96394020191775,0.1759437009110466,132
20.28856391551266,0.16578605755746204,133
22.308685656428292,0.08150346399460562,126
17.04787595099025,0.08083644393772212,139
6.787324927008129,0.17389861259315023,136
24.676678959423747,0.07554938236660497,137
6.340903336834039,0.17386191886355312,130
24.269851801199756,0.11095956037710362,143
10.131372654932989,0.17952125652875442,140
16.22895841582124,0.16860206430728406,141
22.083817917305527,0.14256137910315186,134
12.650236696607484,0.13455789197942455,147
5.943458852267183,0.0754424639767907,144
20.336158046178284,0.23999836424967774,145
15.07020238582835,0.0877749369651721,138
7.310551199687203,0.21083272464314895,151
19.754178130711608,0.2027772783089469,148
14.567145748290942,0.1940437349448717,149
15.088768375402289,0.07936508085744193,142
16.007546473773534,0.04986897254959449,155
16.8601917361933,0.2249222510375821,152
13.169689095770355,0.05344678188881444,153
16.520882154619052,0.0702921459357658,146
15.167980727655861,0.03461535159376785,159
20.305254692754197,0.08540832022302335,156
16.94362616906829,0.2313112593972714,157
10.615732651540071,0.1484004707426471,150
24.137043461436548,0.038507022572390276,163
19.373246868239928,0.2689675678733425,160
8.578638959333878,0.16163603654901648,161
11.896974944766841,0.09408605155782777,154
22.134942296604216,0.15819963100591183,164
14.861089633083672,0.10114496920106449,167
13.868041673530113,0.11457669250442576,165
11.488578005965104,0.1269485179753782,158
6.315991165493688,0.13365796845566738,171
19.990147020985916,0.07132975065737207,169
6.665522318786263,0.14540753129430836,162
14.84762978676876,0.07604915137720386,175
11.710813549454361,0.164796042811255,173
8.762855761258221,0.12631538237214107,179
10.682005753174082,0.12334926584564028,183
13.20136331310426,0.06190426990887343,187
10.41946556927102,0.2129670526407071,191
6.724134108416968,0.03746078735978532,195
9.368351871954479,0.0663846043934419,199
18.332369702434413,0.2265806456311082,166
17.62349971959626,0.12556998770781244,168
24.293388300242626,0.1634838485527018,170
14.26345219002525,0.2039521900671582,174
8.092928658732486,0.021590702623694905,178
10.211578701553412,0.11578658370580526,177
17.213269506797666,0.014605558690385266,182
9.249291861875895,0.15385695954696482,181
17.79976097211487,0.2220794697778318,203
10.005912057263025,0.2080731591926427,186
19.874832948928738,0.12117485047356769,207
11.612993019408883,0.06678430879159085,211
11.623630941925109,0.004780751293027392,215
21.973950910524223,0.06478691151649534,219
11.264787595044032,0.1602803799585684,172
8.142528481188736,0.06438128950451827,223
13.580402226335007,0.24089990495725264,176
16.938717231280144,0.08691096809613787,180
5.471905665708119,0.08758230148963493,190
12.394726704202562,0.08159292266181686,194
18.910532050518214,0.0709765321276454,198
24.766745130754785,0.07632323032417475,202
11.312951419477493,0.1699907019864794,206
13.658651677910605,0.20190582465237453,185
19.52598486658985,0.1350450109130472,210
13.391188011191721,0.2334512428531862,214
12.897445573436874,0.1571534990156315,184
9.5327100613705,0.06615411590941221,227
16.701405068037076,0.024178690062410302,188
11.02170526166744,0.28614762617645145,231
11.158035017711496,0.05238386464978859,192
7.870174909776885,0.11511855469321702,235
16.935328657434027,0.11426833260866343,196
14.190998246467295,0.19748419462058248,200
10.915867418664394,0.033904870230909455,218
24.386599472895494,0.003314200104919301,189
13.713329201277746,0.15230066362199193,222
7.330213438050199,0.10064622228154368,193
12.571989866058866,0.07361242954742217,226
6.902944672327804,0.04995616528567343,197
19.73397347046501,0.19135858012912077,230
12.535416316195626,0.20234911656061222,234
15.060409750428736,0.032831685804315405,239
8.359161737170716,0.1001892157025685,204
19.981986991932402,0.027279153875048357,243
18.0813396101822,0.07047013151439792,208
7.927147010824664,0.1154931614692071,201
11.820136388515474,0.1252189795919969,247
21.14688329825643,0.08245676778538365,212
8.830643893537623,0.19725534092904318,205
11.937907433467174,0.056725305738202864,216
13.514219534851154,0.0824011733952669,220
21.195632193518357,0.04519559544766594,224
20.382448077964735,0.1814773661412118,228
6.54742712385743,0.07576607488335013,232
20.278886424089073,0.1903827149863814,238
11.781355370843723,0.10316898202572065,251
15.429190346683603,0.04378895821802917,236
7.258065541257645,0.156017627076277,255
9.685608658149217,0.07923573087707644,259
24.18533447350789,0.2142776989471493,263
7.485702346748678,0.1661342490347938,267
12.399703428435046,0.06390593950092971,209
16.43193436492875,0.12766817544959352,271
16.949993901547366,0.11951027447246737,213
10.1481234864384,0.04421712987300455,217
14.797840568987779,0.0502694014575854,240
11.991692758058372,0.06341845850038547,242
24.717277988714766,0.154727671534179,244
21.90167128420208,0.06668059763327001,246
23.537398390242327,0.1478602742282785,248
21.715012806470483,0.08482411818383005,275
16.927616481263655,0.12719880045667017,250
15.133886848203069,0.040682771873191664,252
15.453808659948752,0.2154861777062363,254
10.414141717456397,0.13130022636301927,258
24.737959930809946,0.07711206496887038,262
16.944388960570038,0.10007991080805345,266
19.554757369155723,0.015729336205270856,221
10.063697779299615,0.11889969859889216,270
6.954284780700943,0.23457684810929616,225
9.712523555852536,0.06613642359786441,229
22.851783491581156,0.06277163922552179,256
11.432635996372106,0.1196164312490228,279
12.914717352040077,0.0965085477430001,260
11.591487279678843,0.17053373581158826,283
6.867697090340816,0.14106303058735126,264
5.1608334652746946,0.14530243460645983,287
20.012613343557998,0.05181819461430568,268
24.095633729851947,0.116681258956548,272
23.151704471265933,0.013070594467313668,274
17.367481766836047,0.0689154216856356,233
22.361476007140613,0.2835905612133664,278
9.433129016192739,0.06754864753464228,237
17.429654945408558,0.219810919630261,276
12.32840735053276,0.06113406787410987,282
16.222450657951946,0.17789550244427893,241
21.796855620379365,0.10603244616283838,280
5.539945918062896,0.09103835071223582,245
13.986838396335168,0.10339013919630098,249
22.16740709089378,0.1762085161274015,291
12.235080670973966,0.1998243314898217,253
17.2831244456817,0.1544492961398165,295
9.389631696045132,0.1075513008140179,257
15.359863110903202,0.11589682467512288,299
13.452569553020272,0.044664716148295376,303
24.907049225394868,0.040881759796113075,286
17.158510816591217,0.1568224175598258,284
21.055564546791846,0.20696730585582315,290
9.848453671051274,0.0904975015084653,288
9.773548844741548,0.03366661267370859,294
17.596219137960485,0.17492857153423153,261
18.740617141664323,0.0792975418084503,292
5.534555095058269,0.19311953660700124,298
21.870387907660984,0.12008783204791394,296
14.145760889851875,0.17480560422376684,300
14.884520679854065,0.22855519536199995,304
15.444241217987777,0.10752962359356902,308
16.319798789173483,0.025608729183927904,307
20.229909271746383,0.3558854255745663,312
14.096342227179077,0.22549643867702884,311
16.1587327610136,0.053871474641801136,315
8.98037796243612,0.014317741546421106,265
5.581368271492173,0.08195791918597764,269
11.729861725962511,0.12676266800668554,273
12.39943037357094,0.15094339926601463,302
17.74950308093801,0.04446227076442066,277
16.155094153461377,0.2406603188401329,306
5.251754747664146,0.12444476566306534,281
24.27378879250001,0.11642206243875049,316
6.884537731454774,0.12749306681671957,285
6.109490821703192,0.16964290360212086,289
6.047417175184478,0.12025381051309288,293
13.299483848468567,0.10188738735910029,297
19.40406876511068,0.20910313095409802,319
8.441214043446568,0.15147431584880533,301
21.478936552490268,0.1433910756179239,323
17.42715017478947,0.20257125088258882,327
16.309557001877774,0.1403356351712284,331
8.286308457219256,0.10457604237884298,310
9.260965002674826,0.10451852868848258,305
23.412191365890017,0.04668650697349872,335
12.725922355895808,0.19872607622645985,309
14.100292946459705,0.12309854880937872,314
12.55803526989196,0.07074268881773531,320
19.646198032942884,0.12973464292467146,339
15.75153584889739,0.05621555272098681,318
9.145319637207372,0.06957804516646168,324
7.77257654738796,0.1502538427258414,322
6.934518226865056,0.08692693635512228,328
19.905413834719756,0.0817532264352493,326
11.446471041028337,0.10294181615569296,332
18.827175767036028,0.17031740995614433,330
9.865093949336677,0.13230541150733127,334
20.891284789118565,0.03010218678154792,343
17.351333551538715,0.23252767473788782,313
20.633130321034322,0.0657647081275747,347
16.847832256055227,0.1890813489368273,317
18.211761465651715,0.257393399152398,351
13.989318069068638,0.044462486687413684,321
12.317271501496382,0.19798702081618536,355
6.935305892905599,0.10767594306205641,359
24.809641083667174,0.14752932788440135,338
9.414122954171686,0.1447501465596821,336
22.663413725296678,0.03420401323186827,342
22.063825389789777,0.11681929994738807,340
12.693746953534395,0.05515088941791999,346
24.75735591340197,0.25562013335888356,344
19.567284898591968,0.12402675623691534,350
13.945589825182532,0.0940263479640166,363
15.574015957495714,0.2105763226556476,325
18.890104723063814,0.18360274702464352,354
18.37644495415053,0.01751271621866031,329
5.45623802345113,0.30299988319893295,358
8.057242898021295,0.1312830694366401,333
22.281325538412005,0.27260561560929947,362
24.080157613774766,0.05742204910424355,337
24.34162722395967,0.030602801221665088,341
14.264303007487095,0.07311996889398201,348
5.546222116318837,0.11786165884840694,352
11.9539693877554,0.15721326221797516,356
10.069915547071457,0.04077029892468047,360
15.922337589897882,0.2599973830223128,366
19.68683625417906,0.09000606137709066,364
5.9528744100332105,0.09240293799257354,370
5.744282373587229,0.0058213132019274754,374
8.079475343481237,0.17694729162269973,367
23.631028816066145,0.20791369314569164,345
10.49668212528924,0.16239678928229775,371
22.12228838286133,0.14020375145287609,349
18.844844361357104,0.13206908594693337,375
18.421538816925008,0.24151508118987408,353
23.272788944767644,0.10471320238809362,379
9.942224447024957,0.10380554201944221,383
20.925811611463537,0.11375407660410614,368
15.296206950868193,0.27485398057653093,372
17.665978759090194,0.07558161594852736,376
21.917999884378595,0.13375019362993795,378
11.706755275171606,0.0697337188141213,357
11.495810380006091,0.14804170797346897,380
19.383359607028957,0.06857310427276185,382
10.048267735679175,0.08365449703393266,361
17.63446214243617,0.17910715209453412,386
11.848209022244253,0.13258873011844874,390
12.963907043992647,0.024536392945779754,394
23.15622419369786,0.03555985873561667,398
20.507063959233953,0.057798894412525836,387
8.860558553088634,0.1853993764877275,402
6.402905382990887,0.14438002844021744,391
5.380784669270266,0.17812707575686082,395
19.452729694118517,0.06792675153804952,365
20.17513788007296,0.13737502508217872,384
22.441336802497737,0.10594102123471337,369
11.360757957331058,0.1946008596063621,388
5.320627855763663,0.07754702808254588,373
20.104261167867975,0.1289787343950433,392
11.124620529940174,0.04457238756842969,377
18.086290972244463,0.09817515745644108,399
24.51296522560381,0.12640657922984672,381
6.62657396645672,0.2370547270805839,385
6.618564809315228,0.2151553855970133,389
21.716020186584693,0.14400838565275736,393
9.537828622406208,0.05055240964859601,406
17.449610213668098,0.13025340599781263,397
22.10535903223652,0.09554296869323634,410
11.626897865739842,0.07964882068468082,414
6.0382220811493115,0.09559124271254149,403
24.76027004285847,0.013308028929470559,396
12.785007070502225,0.19734305462671686,407
14.902363876908511,0.0686888704310807,400
13.505950677449688,0.12366391454376907,411
21.04775800343512,0.13406581933874726,404
15.367947285239993,0.036031246176819604,415
23.855861033505576,0.11336629509162491,419
8.83046435216169,0.11210267648930375,401
9.27410434667525,0.12962945435189438,405
5.113668501930297,0.15993411911692165,409
5.863832733068173,0.08869793938610367,418
8.999046151789328,0.10937228018893944,413
10.91123775157991,0.06552170128889627,422
10.441814946488712,0.1943566037463454,417
6.96357893745402,0.11651679922386343,421
8.11273500597143,0.09629770840487795,408
16.47187667269715,0.18719550664458273,412
22.10204668521971,0.2355573015218715,423
5.4904152970749305,0.09786255407668372,416
20.85895510290174,0.10684544019998972,427
13.672021512044177,0.17177417931643024,420
7.924283856053236,0.28293970623432274,426
23.276323499181512,0.28899407433771407,425
7.469625687475901,0.13317443545740618,431
22.333475742539555,0.01278528802140149,430
14.674950109981362,0.09524838991741817,435
5.942419892091506,0.2547183449854368,439
7.342572851717626,0.1385455565730628,443
5.686772804584031,0.08902481183201727,434
14.423057811892072,0.14861258879573339,429
19.465537540898232,0.25772998778286044,424
8.079584625515391,0.18748908386553664,447
14.964836210397788,0.11440319038284735,438
20.27547491572403,0.24090143867142877,433
12.540694127591605,0.08828215744359491,428
8.416502908457602,0.1323157377059239,451
21.571198512280752,0.09054651598236753,437
21.949037854698012,0.03985622137714002,455
20.83391480428658,0.1907543996463663,441
7.903006977770792,0.05381921789486437,459
12.706706644717906,0.08467278119715911,445
15.733586568830777,0.08028072217736275,463
11.246998912317972,0.1855465087160967,467
22.8662657123477,0.10215210525050761,449
6.478724708213857,0.24824229490522157,442
19.091723914470155,0.029663405574149915,432
22.679063076970188,0.050967077535905785,453
5.317771617386202,0.0921941078485121,446
16.985098103531808,0.17714028638147883,436
23.920436636811125,0.07111618194688757,457
10.110914282258303,0.14162123084632483,450
11.901729327071726,0.10095547760520505,461
9.14373963969651,0.24756717123445582,465
17.649289273996416,0.0820899273038731,469
7.2744481208959,0.20174091649611478,471
9.05486415212226,0.12765273408209915,473
20.20719039379233,0.1568228826092484,475
20.072511898259364,0.1521275282647253,477
18.68010193593564,0.17985563525725076,454
14.732023702201168,0.12870807577259805,481
9.207291007451133,0.18668800580027411,485
17.976786739811722,0.15100146330989506,489
14.833457988819108,0.0815744975521025,493
5.859589159536198,0.1697217569597036,497
17.996628361274077,0.1280681209850064,440
22.099649570541825,0.17088150249140924,479
7.628519619947605,0.1746560719915197,501
5.7839418121112685,0.13477958019366088,483
24.81080332844054,0.24677429853162663,487
12.533065431535276,0.09945220686814926,491
8.031488383096818,0.09011792777906832,495
12.720947498739656,0.12859608857340132,458
19.5783696204437,0.13416070747393902,499
23.463336990341134,0.09004049008525572,462
6.947546768732269,0.01000544069928919,466
22.96634808903469,0.06457096683751717,505
22.10078076531142,0.17707584109232666,509
21.245602764423744,0.12107082544063728,513
5.470980909667285,0.0921729606340686,470
21.072660689043072,0.15923336293085727,444
24.029839969196477,0.0572224098005033,503
12.830517610559518,0.2536377582275959,517
8.203874643510298,0.10427094898699046,448
14.89761938561108,0.1826622202269591,521
9.384121103680396,0.16786295025907522,525
21.347669946068528,0.056078876294754755,474
6.748817097435618,0.09953446608391947,529
16.25079902599634,0.31543585412210473,478
24.17165888142259,0.12016048419115576,533
21.042728278633543,0.09080292891433056,482
16.582189765549778,0.18503665851756945,486
20.500214080072233,0.17299285641207593,507
16.88827427371666,0.1780379740920547,511
20.729568913062906,0.2287695500489121,515
19.84784763066904,0.17725467970854228,452
19.415142165460416,0.20271252521325459,519
12.356326213893595,0.07694475276481834,456
22.18060138154962,0.18786526448213836,523
13.548842817825978,0.2542197504189663,527
5.9469252225263,0.10028825417094636,537
5.708810019853585,0.1417249670358887,541
6.275381311198796,0.17439282578734971,545
16.871757854057623,0.031574896444166514,490
18.796074162002434,0.1386563987482512,549
23.407317666791446,0.015000511626169258,494
23.694055304227724,0.11040658555803506,553
24.188956922390915,0.11978338697394533,557
19.104079670587197,0.17925892986232628,531
23.90424149359154,0.1415958180470285,460
18.378546149344835,0.13824937213693705,535
5.065620030803917,0.03217881780669904,464
9.732006216398544,0.09366165343296141,539
8.950166918032107,0.18110272811153205,468
19.810732520799743,0.04485434536216329,543
21.07029760536024,0.22092041880906743,547
6.814584018121592,0.03919907773754283,561
6.0715433960034915,0.05521446688559507,498
10.076064703691367,0.10133782808672785,565
20.790705887741062,0.1193947819389079,502
16.982693913440436,0.1863239334731257,569
21.697479194624666,0.15337697725883884,506
20.854797648844045,0.1141217795458094,573
6.2366476402268685,0.193633686348523,577
13.589391353797629,0.11990040709844901,472
16.64465894083683,0.1044766448648125,551
15.660000861287632,0.07546076989286876,476
8.716785509880863,0.05499609660391022,555
13.305138666672907,0.13549565609233086,581
9.561319818590361,0.11180725329889746,510
7.2944906935787674,0.1868482069655204,480
10.37407214452518,0.14242433430624302,559
19.622037484904673,0.07732723617355619,514
23.23381711915047,0.07961591298212414,484
23.821794063748648,0.10546833941322586,518
12.49055999304183,0.051662479816681144,488
8.446799769857325,0.17407876809205317,522
6.571694914202921,0.0711695523367951,492
18.725454550882812,0.18137760973448622,526
18.769535472979314,0.1595186981665557,530
19.686917092464224,0.04822352122433862,585
18.224309621320927,0.17823812671875827,534
17.0800818272507,0.10941356755375392,589
20.185759164791218,0.1971878596102573,538
16.38379813554175,0.15231493024563159,563
8.094301184114078,0.10339520336509372,496
16.69166921278715,0.1302133159691289,593
23.404102082807228,0.13278280509186538,542
12.483344988937315,0.07843925438030995,567
18.394872279433166,0.06851424614640346,500
15.064453680771848,0.033846222518551405,597
17.375489016338786,0.06733457204642368,546
5.356734678903161,0.051971465913869634,571
20.18383017508807,0.12150500223066685,504
6.317842421126678,0.12062905020866216,601
23.117533487329855,0.10864940744962273,550
18.311099757929966,0.2711820451666442,508
17.40743022896144,0.19334594144712877,605
13.303903217332758,0.12479747478690369,554
21.629392031646116,0.15839420656512146,575
17.323649402501324,0.10866925806649921,512
18.818309982301127,0.12676240753021337,609
10.041479463342103,0.13994407006494416,558
7.403156891398983,0.06237181624487717,579
23.398239216103107,0.1463637489765871,516
7.940578056271161,0.15209245983317785,562
22.27280052251075,0.15306153953693108,520
15.214151259842232,0.2180962055658592,566
5.434439417020891,0.0818300951659559,613
18.500978721243985,0.037626445539638856,524
10.523972561509991,0.04470849572736464,570
16.737952072048266,0.1417078657584483,574
16.68526495537823,0.030457548010894883,617
16.105449943028734,0.05009036592851435,621
21.6622802014269,0.16011754457536764,625
6.619780659030936,0.1011257700837343,629
12.294178129916569,0.08244326566095278,583
12.141134568637051,0.07076140554345427,633
5.990794909402917,0.06283149101463721,587
10.623953476721713,0.0676272164054551,591
24.36808706696538,0.0698449665264293,528
7.813007287579319,0.14056211808263774,578
9.17548871617327,0.23772295266315432,532
12.004922315734863,0.14170655499304638,582
5.247470920441275,0.0706390566507048,536
8.801305029639481,0.05576826369976541,637
20.054706332290092,0.1063027945759209,586
19.879935232323334,0.08299538572954765,540
5.8953221909950715,0.29965441391639686,590
12.153371468855052,0.11771328782902468,594
6.863189095853885,0.0859374539865436,598
9.057914197705353,0.2185804612467849,602
19.767374302062922,0.11977121652006262,595
21.354974574298488,0.12105159907948171,606
23.370347407461626,0.1323631388448876,599
23.415861404227194,0.1545820070671618,603
12.103295771438729,0.18711333751346645,544
6.2485814728373,0.0656233381193899,607
24.292702025567113,0.04138927780928748,610
5.0368764032740305,0.027751063594505784,641
22.39626081420963,0.03034956254960748,548
10.388000483627117,0.13194091837673666,611
17.947268289565496,0.14346341354415879,614
5.332297049154415,0.0574962176412151,615
17.944350615199,0.07201712321876896,645
13.752036221501525,0.20919528657380498,618
8.03578126044781,0.12380599503209727,649
8.485473407147499,0.12223770756664219,622
5.9165959759202185,0.13554312579176384,653
23.189545054056424,0.07617352066068228,626
19.903115039328995,0.14080325825362716,657
12.608385908859743,0.14038983165198057,661
21.0374381385727,0.16471366782893257,552
24.85028287071544,0.24867715550369934,556
10.974664444872191,0.15024078773877186,560
16.91827045419381,0.0747506608638233,619
6.3517036338744575,0.0720771495372222,564
19.949030409207126,0.1579404178801849,623
14.142438517464397,0.3160680121479555,568
24.719519770887576,0.1298195025477288,572
7.387401318502,0.12194372106394485,665
18.4489422311781,0.12048947256418419,630
12.78557653986348,0.10122055637229282,669
10.67523704585403,0.14403013140301685,634
23.5167192493807,0.1514399199150238,627
20.368323332117555,0.20365365156157356,673
8.215071619629564,0.23697119818328832,631
6.151519174229707,0.05562659749125868,635
9.630462672476007,0.20756489202847506,576
15.123976400717146,0.0930927750151709,638
12.255486113314793,0.10594813856284298,580
9.420257712699518,0.16702717487596716,642
16.717690516106394,0.04315294785992135,584
15.578734936494874,0.25645854514270877,646
11.292353273719996,0.1779155155219686,588
21.993907658202893,0.08115439726911065,592
6.700205296659865,0.12090970895783802,639
22.031453246534976,0.10724606116197549,677
20.44155301406056,0.15224301173564408,643
16.035290545544143,0.14215088080817337,681
18.06163025119075,0.23561081787395782,647
22.31322160867441,0.0879728675778852,685
6.457934811902204,0.09457316026118011,596
22.903432087612725,0.033994984079206265,650
7.911820467094497,0.05941089712779788,651
8.444946379798576,0.11816514693574226,600
19.431213716114335,0.16151514887766166,655
18.846017482829787,0.15019481563458809,604
5.2826832067425045,0.03707499802833549,659
19.644097264324213,0.11867390782789544,663
8.60908740641165,0.10803514659792701,608
11.161525544173294,0.2507494320270857,612
14.316494797544731,0.09298388683304527,654
24.4505306774052,0.12200496447815457,689
9.415046353148544,0.18141976319211792,658
7.301821865835921,0.2038089259228828,693
5.23333605643497,0.0758793693960162,667
5.858206645079069,0.23713906030982176,662
14.175340540557329,0.1512286664079813,697
13.188192069112063,0.1401452943487967,671
24.6459076166293,0.1914125015101229,701
21.7306243024168,0.049430495499964755,705
5.6721008334928635,0.1319311657089562,616
19.229432523495323,0.03429997914139586,709
9.289254476149477,0.19021329499865516,620
24.737327581294984,0.10285913304023545,713
21.53327364858989,0.16883883854369322,624
18.691332040569257,0.100194553942474,628
20.73880828845978,0.15323770047472773,675
22.23103094333941,0.10379490996141537,679
23.213379729465395,0.15710578798708746,666
13.776207402809291,0.09723492155432596,683
7.250021866697473,0.16300809671441266,670
18.078293685586374,0.07224730625394897,687
6.418966046967942,0.04960688638120393,674
15.402966770164143,0.17807439694764257,678
24.593508751093864,0.18046022545564758,632
10.947254018804866,0.247948353701413,717
13.035644847333302,0.0545074962043916,691
20.868464429072667,0.1327628843808099,682
10.953882796844834,0.10553448260600092,636
9.684343483119848,0.178068813179411,721
24.833405356800395,0.10785663001590695,686
7.10768320855665,0.13702543756342328,695
6.801707501364942,0.12972118121084178,640
19.470423354600328,0.027953119340304547,725
14.73957500059999,0.12367198290944233,690
15.007643166109617,0.22220405647016284,699
13.377052402595028,0.04802897540621165,644
6.223175453135388,0.1300321354801984,729
6.058008820734222,0.1397060681855789,694
7.398128495178204,0.1039552145796625,703
9.212264634286942,0.08355656964992275,648
11.895592377767194,0.17462388139589147,733
10.801144134821751,0.10575976580634389,698
21.532610289877624,0.0550140598508238,707
17.549846664845596,0.08344380765141615,652
11.961040599717572,0.266659205172315,737
13.819736045095429,0.04840783954229568,702
10.26292336445934,0.2261409238298002,711
5.722726861681626,0.05879670125696699,656
15.396586909208626,0.06785292240664266,706
14.749047660570422,0.13157386125060222,741
5.00741135161638,0.12516137219391002,715
21.828439167297226,0.046747423964062694,660
15.970765771332458,0.12530069643693384,745
11.128982667789543,0.14500099064301047,710
17.978226446518544,0.06708664949511303,719
11.059022463711008,0.09035014037491557,664
20.85479494803387,0.102248200665998,749
6.292539925321403,0.058648158571213284,714
15.173759845209819,0.1913787719896826,723
8.946633918796321,0.2093059223570057,668
5.369140413673808,0.11384341572559609,753
20.297636480305588,0.09613781143371211,718
18.949804076294434,0.07450029231899775,727
16.35359579513551,0.2926749714082638,672
22.837701237660582,0.16443661232737164,757
19.077180189693898,0.10805030450129577,722
12.954608930708513,0.02706426921591142,731
16.38172977173332,0.23263283043182612,676
13.961421682763497,0.2241108127187813,761
10.086796770541644,0.24394184559810933,726
14.524872216975602,0.09561036169197303,735
10.59692999294956,0.07971143140225384,680
7.609176765250785,0.07530298992005359,765
11.683250387357177,0.044513734785735296,730
12.270208618229022,0.13092492751984838,739
16.633527524321483,0.1309580483164277,684
21.352787988611954,0.1555361050091215,769
20.82364246327186,0.1585471293515549,734
5.961676050657969,0.08049914476492549,743
11.35843032401776,0.014642798894075645,688
8.298091881515452,0.10893211646217792,773
10.233681719007578,0.08145702065074216,738
9.928971763047949,0.04003329544910091,747
18.20184689287254,0.02600249578240097,692
10.130884749826555,0.06225011271409856,777
11.457556649826138,0.21764254826903484,742
15.674424165717234,0.15344358876680922,751
18.78221152902615,0.2824045440057478,696
6.404216682448018,0.30522142406949637,781
22.970997810790763,0.18739017688884202,746
6.961106358856233,0.05884644071782598,755
13.419870410007782,0.07525564851708455,700
20.05200582902691,0.11318489260502802,785
18.267050860082023,0.33253296377340547,750
8.42474386816523,0.03928783180116636,759
12.398436000636956,0.2689225477012102,704
7.931129418001901,0.07214662370518596,789
20.33553527741794,0.267451276754671,754
23.192793935792203,0.1082357313514004,708
5.2929599509673935,0.13366174509603476,793
17.740316698785314,0.08481262076067465,758
21.740197485327815,0.08334648976167129,712
6.138548232920842,0.05966469727882226,797
5.8619462730258975,0.13561839625554484,716
7.700191669513692,0.07761843713265495,720
17.546551714103156,0.07908198339359446,724
13.468703318684463,0.11606872971187088,728
24.276398863121187,0.17499637728254924,732
20.931665272903672,0.12165743602104212,736
12.972067919065234,0.09207785851153033,763
20.900403672209364,0.057472377850718785,762
20.158481027212893,0.06895167481332014,766
22.298363792391804,0.15122732725413962,770
20.126379446741453,0.11676983742254028,774
16.58752595646249,0.11902781546716397,778
6.225848249409429,0.11310445847179461,740
24.9884009893495,0.10532242365291151,782
18.426669515575544,0.06372888496783484,744
19.73297813329721,0.04125880492687696,748
14.921230756040417,0.0400958987170143,767
12.848922368279428,0.041026531026404904,771
8.335933504103847,0.15270088093711373,775
16.245425318816707,0.1900155395487627,786
12.043078844511026,0.21538521320934897,779
16.34755813020572,0.03461476919426734,790
19.26354828218376,0.11585580708260552,783
14.329444878142715,0.0868757785017502,752
11.968177679454666,0.08744223279827895,787
7.603316214772066,0.1326445036878317,791
6.018235226292605,0.08052196846179654,795
20.772897904119425,0.1239873976590889,799
20.46342541553912,0.11382355682469188,794
7.425917904718751,0.1373385768216311,798
8.939527114204385,0.01553688782828449,756
24.45158622877797,0.1803022800157097,760
13.281722965298517,0.13348237041806485,764
9.541640350277195,0.2277738778203435,768
13.841482639014753,0.07495545504262592,772
14.30072268333334,0.1091295581143509,776
22.561061354400987,0.1915504147610877,780
14.890225525239135,0.09038266377667781,784
14.60621921415109,0.04144150880861263,788
17.96722262424545,0.11890764997522985,792
12.799585145983258,0.1051181211934371,796
