20.106719501764626,0.07153725719670694,1
7.617232404891652,0.2095867463403136,2
12.032703439285699,0.14240701212551551,3
22.66416931593782,0.28399605546204926,0
15.122281151930395,0.1887410074138957,5
23.176323246552712,0.025125280548165374,4
14.30614696354927,0.11283234303384188,6
14.577578607283536,0.1559323630511579,9
11.443724398625886,0.14028838296406806,7
10.93823917573609,0.1265606595156475,8
14.783989926768182,0.07108968630102545,10
5.048433701372703,0.09380937857427585,13
14.79748061288949,0.05787454849494059,12
12.614232197240508,0.062067488825757314,11
20.417253066304024,0.14378048673975197,14
24.10312158449554,0.1274677405328663,17
5.373956983482005,0.07294178207343639,16
13.531959799718003,0.2246123957349181,15
21.635794993592732,0.15711787617625675,18
15.404834734217783,0.1705837604879809,21
8.068151939069422,0.08238449588580651,20
5.619371577169647,0.11067609121039977,19
5.2155581690495385,0.11707035414326435,22
19.017262520621877,0.09432159246850726,25
15.036084164364693,0.1058242877636193,24
23.76630445925509,0.13804937534698128,23
12.226697386420998,0.03410063071965516,26
21.22315452542587,0.17279081849449138,29
5.928024173629238,0.08702201266900036,28
14.546136358178156,0.12891425525354305,27
7.330206989170211,0.11206647471916627,30
7.375035697384926,0.08970627509733921,33
8.327308876068642,0.14923660433510053,32
12.254188710530563,0.09928093130605216,31
18.31014412732113,0.16143353995409196,34
15.375706901922992,0.15296426813072592,37
24.6101800016293,0.09315662958292917,36
16.839186036639042,0.1600549366524189,35
21.576984226863885,0.27959615942963395,38
19.304022506157118,0.06818705288900678,41
18.036789629235308,0.18516136970201377,40
20.54039827786659,0.13288727822085739,39
5.0162842486234,0.05151395904455373,42
15.774217818244606,0.12281028038773112,45
6.764350557780774,0.01609564769520449,44
15.159585128158133,0.030819231885508544,43
15.294640696020458,0.06523775816588918,46
20.3872842931711,0.16114252058095305,49
13.50714399520513,0.10394604344074475,48
24.34785002752884,0.19630849973999373,47
8.214850712438537,0.042455598341023,50
23.81626448794487,0.15872840129853066,53
8.853616164304913,0.0721579615687438,52
19.047669809431877,0.08722706598893579,51
9.371723469114432,0.15147268771209038,54
8.532210113284968,0.10961563490026045,57
20.782138318168244,0.07545917784634437,56
23.474535836350206,0.11223370344752899,55
11.754004814684762,0.23217195053224252,58
7.954363437382888,0.0965388471661775,61
14.49750147835666,0.0669730892081147,60
10.118782938556084,0.18416341631229877,59
14.005209515531824,0.18634966249763402,62
23.500259358775388,0.14066754278888452,65
12.687014665854754,0.07037003735581387,64
24.7993210737665,0.23335159474555472,63
18.24118862410188,0.15567450753012999,66
20.51148031419342,0.07213663281581957,69
20.897823434745796,0.07109632109104728,68
18.74452063656003,0.16547818303125353,67
7.9050949690226435,0.052375866307281284,70
18.30731684973552,0.20424284929240333,73
10.506935390028342,0.07662340933226418,72
9.948466083595438,0.02933625672023601,71
17.847336460736148,0.17893914020506055,74
19.581332287400507,0.1848437064664015,77
7.727389051628155,0.18563647537986794,76
24.470809605199143,0.0800882352878751,75
6.818080434607607,0.03516904970125536,81
16.987068729659004,0.14150890569402963,78
17.520562571793796,0.13796048502042757,80
9.624432175578745,0.18669829872976754,79
21.355042394835205,0.11683356678511535,85
16.420486252761222,0.15586250038067845,82
13.633910754489404,0.09770268595819907,84
20.017200784792262,0.22142411668599285,83
10.863607626273051,0.03197927510120775,89
8.327721717636855,0.08768091155473319,86
18.264645874296505,0.14072204676393843,88
10.201310819068887,0.09615568290904432,87
11.271244282339394,0.16992435544233472,93
8.899024158449343,0.036822956264560544,90
16.58950756938077,0.1566096691576774,92
19.50519493674885,0.23109965334552265,91
7.915905399233047,0.15577134643233437,97
7.527020455246229,0.28919105243656423,94
10.849469369435695,0.045273484347614086,96
9.91532764325113,0.02215580476705888,95
8.149593090567844,0.2736800759381085,101
9.457438480253268,0.125403424516171,98
14.31902195755674,0.3426433075356511,100
6.495054075328164,0.13865255094311146,99
5.98958432288047,0.183481348550026,105
9.636401182266447,0.09937611584090134,102
24.48891386275264,0.11951538941810842,104
5.066140229135934,0.07806133503364009,103
14.679230075616768,0.17991401322174894,109
19.73197128900753,0.12793178424903076,106
21.856622422864465,0.2549635369502429,108
21.659767736195548,0.22830059975160732,107
11.928780199124665,0.08961777072536987,113
19.13845853475101,0.19266699691813682,110
13.518820726707009,0.029888540458353804,112
19.062838899116255,0.14394962351958812,111
23.568076884986418,0.10288840966428595,117
9.823955591997859,0.08477915960898763,114
12.178578522100086,0.07669443452889722,116
10.441067720605798,0.13898426975759381,115
13.718719250822035,0.19729969347112353,121
14.262959320112179,0.169380663119727,118
14.23396941703711,0.08832592785086921,120
20.913717747185206,0.09277975533593295,119
23.848967105739753,0.24255712366459092,125
10.12997593915494,0.18332449884183588,122
16.90617745243958,0.07600396401983583,124
6.440474102139615,0.13630792087554713,123
16.982141069479653,0.1387396572128969,129
14.834968092781974,0.01845577220160411,126
6.97485835990129,0.19949173013586044,128
14.311456163249494,0.08369275276407379,127
24.704412238415102,0.055702833367892904,133
12.82634517287687,0.08084447054928831,130
16.33900142784239,0.1365054591243362,132
7.1494537944402765,0.08600723729892522,131
21.706270981374264,0.0450564191630561,137
14.87255620422427,0.0899402807056961,134
5.1972743915689,0.2192822745700046,136
6.812485430669096,0.10453754382391665,135
13.127001045187425,0.09318535823181505,141
21.078454126105353,0.2003423715634118,138
18.784641478056713,0.20779161624230646,140
19.278602091651237,0.10303382868082916,139
23.737957376335654,0.07019297555555294,145
18.199953127259825,0.09261207584012297,142
12.844881194253269,0.03673878586874712,144
9.814503358240824,0.11983785979840618,143
12.365846957665454,0.14438486307428908,149
7.348490467994592,0.10083916045166846,146
24.303562273573156,0.12664844174123266,148
24.556140180132154,0.17871053334312803,147
19.678777247870784,0.3113082044809011,153
5.610816944753454,0.14002689399795,150
23.487165593164185,0.15941231494291425,152
22.95453408488924,0.011403814093053813,151
5.838226183862567,0.2261015425829366,157
22.894196461204633,0.04800978181005986,154
6.922020387906709,0.12943334321532257,156
7.104931153922946,0.20192763854624485,155
8.495640304702928,0.13861631058593285,161
15.017751882043715,0.12070064138040662,158
24.93602501762102,0.16149937744848794,160
23.352304066086838,0.11387232469725275,159
12.236811963772602,0.1482709563602318,165
11.440533753922924,0.03824977750990528,162
6.541245057002958,0.05044915329738469,164
9.830454743972988,0.15259304054367204,163
20.932770778207797,0.01807668585823801,169
9.861409855903325,0.14942150789793543,166
22.718082021712636,0.18850262400894474,168
16.886037256592324,0.007579812449753397,167
13.413960123719166,0.21114130126742206,173
13.843193589567875,0.03133073854595484,170
8.70951992020963,0.030737660403714624,172
19.96916599137701,0.22780764629332886,171
18.89330783202464,0.24812197705668543,177
24.94836195935885,0.15057453730240444,174
23.96770180747205,0.1587400779227583,176
17.44012887975282,0.1851252098561157,175
11.501930831301594,0.12724096394652926,181
9.46886114688562,0.29967798197097,178
17.293030007737507,0.193153846359452,180
22.534739262686685,0.14619658810135158,179
6.47528610331638,0.044499672898243955,185
11.685616203905063,0.12265306594806569,182
21.128698389203908,0.16043899664913028,184
8.34754692206598,0.06174530595064516,183
12.26380192203424,0.08141465507314231,189
8.56058064266189,0.16090182568293002,186
21.362205724346243,0.1915256678743804,188
19.911308256004723,0.06620787046750357,187
16.466745893311778,0.13331027355400016,192
16.040010521075494,0.16079601093389542,191
18.318237133595943,0.10541939394836464,196
15.909926662136044,0.15053465717457773,195
9.73268593791941,0.08813465271748014,190
9.004607275593575,0.09295583114661139,193
18.029283459584605,0.056902193113622074,200
12.65860302378722,0.11417613664647681,199
5.556524127434259,0.17409957917346364,197
24.790306293954643,0.2665032292574439,194
6.748191838519513,0.09903306978309528,203
12.232421281016123,0.028713251905455858,204
24.7969672334186,0.09095428972149731,201
7.0614105549560175,0.17115674031027697,198
13.936139261423046,0.07508435176793732,207
6.079950928474895,0.11615731146455213,208
16.108948429402993,0.07394413795121453,205
23.255326238562876,0.1151503807368922,212
18.75640666495409,0.06489627198566203,202
20.583703467366725,0.33314823550430717,211
6.6080734266420516,0.19008986420383175,209
6.617566035736329,0.022420002725860394,216
15.679667851235257,0.12178171048528795,206
15.291643044432181,0.1426289205114152,215
7.70571627293114,0.07804502670792551,213
6.927367698386055,0.03204688488816278,220
12.916836357100237,0.1799104400312962,210
6.772961425720398,0.07072659377361448,219
17.692027779444736,0.05923646935142196,217
8.871753254981291,0.2269191444018458,224
18.75924691221321,0.08963127454086364,214
5.887540705075214,0.16169475096450753,223
17.810399017694788,0.18918113229058367,218
15.23145751757794,0.03791216076067594,228
15.979612849870723,0.2654564375634478,222
8.780158537218448,0.04473559613880766,221
23.759585542871683,0.14453074230954974,232
20.64257707879941,0.15404959764067472,227
22.205364648433317,0.059436855708828146,225
7.495955280136515,0.15288821855128124,226
5.314385613157063,0.19623980795707593,236
19.685989021957795,0.1339820262108659,229
15.136189426862147,0.22568221764804253,230
19.806808371062864,0.0963738717927982,231
14.321664457781596,0.1437200710770958,233
17.091150399152834,0.18841458623464089,240
7.500709000056467,0.22840289695037802,235
19.051639113486374,0.1009146203698373,234
6.105665780289737,0.14432450000332112,239
5.834085959356592,0.07776320938425851,237
19.384748377294436,0.10651164408979961,238
20.53985005128478,0.2122480388028659,244
10.425531905440202,0.1429493340394841,243
22.045600181895274,0.08643604295694442,241
13.928923135966393,0.1135949223134961,242
10.067771752932027,0.015046912658232629,248
12.208106501587723,0.061578387316241656,245
23.58746184665936,0.26561245387222904,247
19.50401977370916,0.18510105734684154,246
17.393015136176214,0.06416872333110989,249
19.541295675657707,0.04563552525446812,252
20.908187973750195,0.1375073536281067,251
17.31624961047693,0.134937329739661,253
17.51682788845703,0.19437228809416665,250
18.946444586367168,0.10740932103125722,254
18.089173601420057,0.16130852930037265,257
7.118722982466672,0.17280133378452908,256
8.322727277782727,0.22105899525959855,258
20.80205283049866,0.11651264688287138,255
19.045432688679874,0.3251440292299313,261
22.596669167081785,0.21114481867820625,260
23.40445830768002,0.14043798209795608,262
13.012404849855859,0.12749095135364316,264
10.361364503359242,0.08606558109286047,266
11.96953971356123,0.2747662583780794,268
24.985081120347147,0.03248197590307659,270
15.05151903559139,0.06438402878411224,265
11.657962030041041,0.08860942994934937,259
17.283409313379256,0.0465042804306085,272
6.919539031980424,0.09087537979938039,274
19.266694959695677,0.12057389591230512,269
19.192531885292894,0.03261550008152261,263
18.747059624398972,0.17576088132038512,276
8.987187452360782,0.097472518756249,278
13.154376109967394,0.06217810500677497,273
16.838632561723863,0.09068279831305145,267
23.840544000515788,0.09404217203107965,280
7.175950757257878,0.04629093944326855,282
18.41744365943083,0.06412789281621925,277
10.852579434255583,0.09328557710187517,271
22.288649020643657,0.12595793201189223,286
9.227311858561142,0.09580477576500955,284
17.39730510601352,0.1420871447459517,275
23.31421996115185,0.06661790176900215,281
7.268937644016253,0.04365778384524494,288
24.00459477984747,0.07609428430661291,290
14.760560906631284,0.1561938479980507,279
9.86303113518752,0.18334650619035567,285
17.189692830044898,0.12941816862095534,292
14.391369159356117,0.07491989305046119,294
20.744626660714523,0.1469514834315408,283
8.555040705663522,0.12269589593241673,289
6.389458257057068,0.16693977402742452,298
9.91615061882932,0.12334872863041213,296
22.041945780803008,0.18715387173894366,287
14.244796487219238,0.10556145750608391,293
16.256591237370333,0.19289874846967162,302
8.124312954225354,0.09579406778127933,300
6.283572746894386,0.184104673820098,291
5.893126877556725,0.06104047406006699,306
22.72725306724666,0.11384356034947991,297
17.31055130843942,0.18615244099634126,304
14.86993914409392,0.13124134931756226,295
14.752839284847061,0.12002611757275566,310
7.8269963198428965,0.11468170902021298,301
5.974939383290359,0.03040252438385321,308
18.54064042894391,0.1080473713741373,299
5.551305863432734,0.2518318421095677,314
13.704494957175772,0.2969728927243802,305
23.425183842140473,0.09827933496154528,312
15.795073994298559,0.20716928567231638,303
21.62202811675894,0.18512155849177506,318
10.233818962421694,0.06745938117398045,309
17.321134441974575,0.0880136851899849,316
8.437112718222796,0.28112835625542093,307
18.029883434483693,0.21510635395096314,322
20.943327254421085,0.06735817672005306,313
23.904241054101757,0.2020378227457779,320
13.544964947832025,0.17401961555770873,311
13.334888526498869,0.19002308383517577,326
16.059996494408132,0.11550900189789076,317
10.037400250186796,0.2095288100784865,324
6.933688811654064,0.16023553667819423,315
14.790862203901805,0.1612700147950374,330
24.77483235334062,0.12616044349539063,321
6.426399829824421,0.13002405528524377,328
23.532597203334937,0.05329688907384718,319
8.027430691088739,0.22898607300581564,334
6.055834745586235,0.08529407565011297,325
6.901944654485863,0.04382769032686784,332
20.785731597574543,0.08442695318395849,323
9.051710003021874,0.021908607160702608,338
8.360023776698746,0.009015883548999935,336
17.637151660483134,0.086390666197867,329
5.9559858343864995,0.09693557801223204,327
5.249098056094661,0.11269983752507567,342
19.871969917320815,0.1525598365155911,340
23.37925639221445,0.17471066559992057,333
24.16335284058222,0.17032060139689367,331
21.888493098989983,0.07481198630780045,346
24.03576311324062,0.03578063783679916,344
6.437530964924614,0.01565257732450993,337
7.576216810271212,0.15557507396498996,335
13.389062307854278,0.011295965257365636,350
21.371173551136565,0.04369766568037071,348
6.576611557391232,0.11273011635641986,341
23.636420515769217,0.07083867498616114,339
20.8371538449624,0.11058289876098822,354
8.533281498986865,0.09640894794958804,352
19.657695943872678,0.050911058513408616,345
14.5565951916066,0.15736548010059132,343
17.686913396835834,0.19658676759930072,358
14.741301702294864,0.10362462448474777,356
5.401112014270817,0.1811834778985437,349
13.01671357295321,0.048409772432530654,347
12.416508556866447,0.2070459053252341,362
21.35559739634969,0.053308425508169534,360
12.225779337936359,0.12877621630772842,353
19.80144559569357,0.170103521898073,351
7.440650076619566,0.10605824268486226,366
12.826141821042306,0.047438393830857885,364
10.302633791682378,0.151898869397306,357
11.259351194500962,0.15181198735346657,355
24.470991889324814,0.22536509530933088,370
5.18364250680317,0.1567974741353796,368
12.729580681914797,0.0422190435856053,361
22.5580710960488,0.21958792782781233,359
13.769583046685687,0.0307565320200861,374
11.037344178260929,0.0277975845641829,372
7.687771072428548,0.1049495907707287,365
10.103188185393941,0.1454714862364959,363
6.324529846328688,0.13405261583552674,378
12.212136885851308,0.11409684601289356,376
13.924062969217395,0.028908580141135523,369
18.720333761272336,0.08680417506455262,382
19.43129916826077,0.19589097083294227,380
23.051277872197023,0.14802438395233836,367
23.355851731247782,0.14216383810548153,386
20.508384978819258,0.21260606966326742,384
17.517947812262236,0.07114458416965452,373
16.709223458048747,0.20989977478530544,390
14.348175758189647,0.0704880149054045,371
15.734555889382243,0.24328307661801693,388
23.225228502398426,0.0840052798784671,377
24.622874586937634,0.038038579317628315,375
21.025550055786148,0.15513716488966078,394
6.433809221798887,0.03614136395611084,392
17.03947757698747,0.05286896871182707,379
9.46878758137736,0.09631919619522536,398
10.982858565036812,0.11106778947587755,381
9.527403624306041,0.07354800849276934,383
10.451719424795712,0.10640741031588259,396
14.887595122245648,0.2086500050968077,385
16.18266549174475,0.16020639707035086,402
21.525490130883437,0.19176931616587567,400
8.371461394978594,0.32305391378154175,387
23.626420759867802,0.07015330716923011,404
6.508861008974467,0.023736871628333874,389
7.583616047820112,0.20411715298647112,406
24.867263605757785,0.05799252013994663,391
14.667273708537746,0.24060970988145908,410
15.819263188646428,0.22078336431030765,408
6.262810134507637,0.10484429921850535,395
18.589632749936044,0.08364647792814016,414
14.085537584713087,0.08775000712418674,412
7.041753284800485,0.1364221074920415,393
23.970133123811877,0.16171682040839225,399
21.61397386858916,0.10049390426897507,418
22.71494298688296,0.14206977914899407,397
18.88679011234676,0.059745618406167746,416
18.622582444637587,0.03183282706374576,422
8.866186914399005,0.03560050539447775,403
8.740001601359925,0.09420495296053061,401
13.078017219847025,0.11710701723157442,420
14.854154899230611,0.06054749259871697,426
8.382076735267532,0.07812707188652457,405
12.796386676963124,0.1242022516685541,424
20.515711583153017,0.07308235195650889,407
24.268965560244467,0.3271100314947958,430
21.398223402764163,0.20438219349168968,409
11.000121197091042,0.05047383428828461,411
11.104526307749635,0.13433098039744643,428
12.656557838162508,0.07570304338883155,413
10.931066186033235,0.2340933127673356,434
18.375657248523396,0.1846181453216083,432
12.204833293459835,0.0713723923661216,417
5.322677553640762,0.09405825085902554,438
16.804443679231383,0.08139137544065092,436
23.161853330763662,0.15605645285289327,421
14.79784061197912,0.2912104647679606,442
6.368618720583001,0.07952602459202415,440
24.2604998341462,0.17556811997514232,425
14.722777673751658,0.04446236505403521,446
7.116394626678623,0.09567304313010783,444
9.594398558759512,0.06387342433013339,429
22.87784847393299,0.13658339342133557,450
19.45531988539709,0.07718154044922926,415
23.075460172266652,0.14388829943832246,433
24.447344187814622,0.16408011897383867,454
20.50326210092738,0.04643607926009562,448
18.548278170699,0.32112663605694686,437
6.214130515416985,0.08107645268235125,419
13.126081940256626,0.21109234045271755,458
14.956193586104597,0.0920473219287499,452
14.151562764703431,0.2734761762048091,441
22.39569151299106,0.13949437406903578,462
13.820026049634158,0.05008039540859804,423
6.766113794775266,0.1377457186115621,456
5.356860475273186,0.184498455222533,466
21.056558897172103,0.09375218180685035,427
22.492023220639766,0.08749371147538038,460
22.747831930908948,0.1202144003941956,470
8.639616359994463,0.3435195341643754,431
21.48103872020076,0.15128623766880828,464
9.777232833074885,0.15440068830131723,474
11.476751090255842,0.1353445700724226,435
19.437979382388942,0.053379064661052925,468
8.48505104364336,0.2632636010159128,478
10.025810646684665,0.13108238301811523,439
8.43730263098343,0.07480377515860906,472
17.922275449812844,0.08086549634508153,482
6.8215127251438235,0.06890910837260987,443
22.33470478344836,0.11370224261853057,476
16.67738560292747,0.16548611718424278,447
11.409735008592733,0.1402437077484934,486
6.8365071445669034,0.12693131803525207,445
12.650419638117587,0.16140850656389458,451
6.939160295551028,0.10657997031251104,490
10.987310046746364,0.1427005451449425,480
10.35963464866789,0.20568919512149364,449
21.75091977604098,0.19674366296740367,484
10.405791214368223,0.07474353220537609,455
23.33668450300535,0.10142314391026852,453
11.152782344432843,0.09116045808097549,494
22.26884776333916,0.2926554070720653,459
17.49664614170598,0.182034814218655,457
21.01803979262138,0.059393764876811875,498
15.973880919541678,0.09533302501960704,488
7.275479687917987,0.08336062867967305,461
18.476721008820306,0.13404600950342738,463
5.000274740342505,0.08616138445323128,492
7.433882084853982,0.037703707403228565,502
17.473441473893416,0.15544603710607566,467
5.71876755810266,0.12485436621039295,465
21.777519815823815,0.15004254276021875,496
20.080068872388292,0.15440073521374142,506
9.402725926690502,0.1698842115748594,471
9.733815186737651,0.17887439858596021,469
6.973779687681714,0.0905900850193515,510
16.0968274342431,0.10914551454991595,500
18.345277008621157,0.11442591309415184,473
9.36810928597734,0.09417904764249446,475
13.184848785543545,0.03634785597278208,514
10.183129783682315,0.07373417950767254,504
14.859067961667137,0.13164840552669432,518
20.355079829064636,0.06095002966599314,477
18.879615284798803,0.12217234295100017,508
15.437839099199472,0.08049422673622292,479
12.581150582583975,0.09204801382613981,481
5.153784906687029,0.05680164116746692,522
5.029499207301448,0.1730784746875376,512
24.849854452247357,0.19559774717779202,483
20.387036960335212,0.13353396199494133,485
10.555115300666385,0.12410957559631748,526
6.716525991464759,0.10638140677531148,516
22.97880595071686,0.07137346358324805,487
5.970632058326726,0.030943209349145268,489
18.41443004083322,0.10653491243204632,520
6.244197926853281,0.13226562808832387,530
9.901770885001602,0.020451052922591917,524
15.222131248161595,0.33385864789295616,491
15.793667687506352,0.05727279789867995,493
16.84904846331603,0.05736859310135239,534
10.87949697890609,0.07304049581684874,497
13.16827848398326,0.11259091928012346,528
20.25947527770359,0.22873541551175866,495
12.990848451930322,0.056313731987993415,538
24.746206310127285,0.2915561808270767,501
10.677411679143407,0.20017333298441922,542
19.966122696873008,0.1326524584928043,505
12.866572630904269,0.08755228628561507,546
17.436469133337795,0.15157916219528467,509
5.193313776131923,0.20291999401601496,550
18.993158321178704,0.19710740753318748,513
15.903650824444496,0.11602312821503005,499
11.57704181997206,0.2227270343125759,554
8.4118908297899,0.05583807930691797,517
18.323708105791724,0.06507740520393289,532
15.643389365225284,0.08162668253536987,558
22.796773553128943,0.13491889784481453,536
23.725919314087708,0.15418291062714298,521
15.912545237957143,0.07094457128272948,503
12.16791662777591,0.1503112707959645,562
9.313739705875117,0.20583173711747113,540
24.743939397233557,0.20570518580875927,525
19.15449061699325,0.08474611486983702,507
14.41753373854925,0.22743972857047187,566
14.389828401719093,0.06470540786531924,544
22.372889756663017,0.1999368144630188,511
6.2035051531316725,0.057658976506707704,570
19.28150584014243,0.07559848227893967,529
23.841026524992458,0.1526886719694116,548
5.266860136425933,0.14211199361447144,515
12.496213781127143,0.18989457270082688,552
21.62541303141073,0.09744249936905719,556
19.761592215370328,0.11601314441728927,560
18.538318955430267,0.2754630137652371,574
23.5277205960995,0.23784676886143977,564
9.97435347303291,0.0993393637287481,578
17.06421305303845,0.1890335077131371,568
22.9960722598573,0.07797135032775909,533
12.159618042168175,0.06670408677442569,519
24.308725401127916,0.13166235462208906,572
18.148076774377863,0.11514429708375576,523
21.40783301345461,0.11460768079442117,576
11.940746706299986,0.04557152151250159,527
10.245031005220763,0.06057288818990372,580
24.22327908657039,0.06870181160868064,537
24.320793363915705,0.11171352004474805,582
10.295970849034589,0.01935873134736196,584
6.449965041285548,0.2559656056764498,531
9.375843645077168,0.1561449117530345,541
12.81377182287577,0.09501149864773478,586
9.54651991797485,0.145072955054703,588
14.004977450071836,0.074982981840826,535
21.253537355595395,0.2633416178527744,545
20.075882319652454,0.17787915748286498,590
7.038082030619732,0.19779118692064074,592
7.95537198498419,0.116831393281549,549
14.888876430904954,0.23776095961163213,594
8.446308146758488,0.11175482208779958,539
18.99077176308846,0.13915343781024708,596
5.307732691105507,0.24184836997416226,553
18.947942623197292,0.034058431769245764,543
11.399745188936205,0.20894866841405763,600
16.44858448672271,0.054893848363142886,598
8.400341100648374,0.04650260209364962,547
16.713768673291717,0.1626257257622467,604
16.84921235134219,0.06220878269184058,602
11.654168434198727,0.1239374145313522,551
23.83435897596342,0.18652717113713332,608
13.342107600566916,0.08054142459008493,606
8.020484673652444,0.06656017152060965,555
18.61213074019667,0.04853307912355701,612
12.942395127130553,0.1825639355709079,610
13.819155055585576,0.08756344150747358,559
6.148673851609338,0.07910515638742711,616
6.485220755419272,0.19575626229169651,614
23.338218358448845,0.027996021378282866,563
11.463729777655775,0.28866113938466675,620
23.451025863094117,0.03738668935271437,618
18.726178792192965,0.21853669582795862,557
15.973876236716158,0.13470305147626455,624
10.048444517449074,0.08773912726461017,561
16.943090609485946,0.09616759833288724,628
15.40288213331891,0.19525936693267587,565
6.504369570961348,0.092631888540391,632
5.1991191602425495,0.1435462026426195,569
10.71288786945603,0.1233680962963286,622
6.031093404289298,0.05098459639529012,567
23.977702952418575,0.2114071945053241,636
10.531611286217377,0.10865970117511957,573
19.052565299695758,0.1403329916525822,626
9.472189590735574,0.21570759159459296,571
7.205334003794841,0.12813244111821132,640
17.075303010077032,0.15090569642866683,577
24.284636638192865,0.05272811562510779,630
23.936908823746677,0.09890240047943445,575
17.325415961954082,0.16749140113821226,644
20.733587310359923,0.1456003811930979,581
21.656857851913948,0.028200569600446923,634
18.08754991535732,0.10345948472535982,579
6.753634658985828,0.019517831553825332,648
19.21552451870873,0.09089652827069261,638
10.39577926966253,0.2486341667539157,585
22.325148166882528,0.20367878907756412,583
20.55627405213461,0.09171029183847286,652
24.666043259751945,0.03995962907229629,642
15.011522433434834,0.1712248716192251,589
10.119632059309874,0.1731226727893795,587
11.723096965149667,0.08166783168846883,656
16.10588309673458,0.0707253868793855,646
10.551232637583057,0.160892843153906,593
16.17238048801572,0.17345053163862814,591
6.396342129889034,0.24160356398650237,660
7.105906773441255,0.06838817188909573,650
19.754336656627025,0.14287048991987417,597
19.283498327293415,0.025045736050840463,595
5.163073713667538,0.09335107636867054,664
6.805817137961078,0.17551330720782918,654
22.13747482649859,0.1400535344960817,601
19.164250779701817,0.04884540900065342,599
6.144950066795545,0.14545099049767354,668
5.931318143248598,0.1504068682112517,658
16.655121737459783,0.052060526066057725,605
24.452514641334297,0.17733865449404781,603
22.871702144691607,0.3024581676204733,672
8.526322928466598,0.1321614509556496,662
12.2054610227876,0.0670048093932558,609
20.11457892756166,0.08434984445903654,607
24.30318286508236,0.1856397638644904,676
5.202864394803644,0.13494377367341154,666
14.168274742585911,0.12077174723219389,613
9.166230207918728,0.12446910854419393,611
21.708566152367116,0.07268178105559528,680
15.787467387524234,0.24067523143052685,670
23.505767503674594,0.11148661913843792,617
17.146027394414965,0.1755121144088304,615
11.918190442355371,0.18217899961728587,684
24.308935476696092,0.08061077821755651,674
17.79746067646502,0.12843585045255776,621
10.922058876417868,0.08655366516038092,619
7.842842618215347,0.0859580967473363,688
5.13962245539509,0.2737388865288915,678
11.044346929994743,0.0994227218930031,625
11.260901867487865,0.08897221846474995,623
10.957868094474822,0.135289094992667,692
23.628831759544347,0.18421783844522932,682
6.035435655182888,0.05319436777223287,629
16.68852397604568,0.05065100139442761,627
14.8375051802261,0.12696152940761793,696
24.61115964865249,0.04975364120112984,686
21.919704587368663,0.036512891465468954,633
20.5513523349693,0.042093915158438945,631
10.86805522123137,0.21678346466309045,700
24.197573159004396,0.16874570342496226,690
8.687771983298497,0.11507348935040357,637
11.357840241300412,0.041179550713195484,635
9.194641820340797,0.040011252963841726,704
14.11922838203867,0.16378460104042286,694
7.802877872709533,0.12528117709065925,641
21.979094096042974,0.14074139017430096,639
8.69630520412413,0.1845150883778821,708
18.501523451861914,0.029058536748804955,698
5.106324744407176,0.09513859946990058,645
24.07568649224328,0.25601466231966213,643
5.454340166918376,0.03663335020715337,712
17.21277658188228,0.03420934711961545,702
9.330711732612526,0.21183154563976242,649
6.703018996621988,0.12883062119671115,647
12.348597612202044,0.07477279254064143,716
23.51170641108935,0.08249875677372394,706
22.260739448783276,0.12603280935942826,653
7.7934347917157565,0.07258112914408407,651
10.640658573028896,0.0949696991539949,720
18.86218828669723,0.17280062060125484,710
19.997092465332354,0.13817112700538706,657
19.779718461531726,0.012120466877806393,655
16.91200675124704,0.10231530870693822,724
13.089829235746816,0.17862423747315417,714
9.94348177205963,0.10864401704949023,661
24.49456306865989,0.19294382750458866,659
17.775746458982468,0.04625981086739633,728
14.005388480842683,0.31925912293930137,718
12.046466317849458,0.2040754727079937,665
15.133640899796807,0.030859025353555822,663
22.329770404202833,0.06032218703160688,732
18.849706671882856,0.11335273448791719,722
23.02592337208272,0.08471814809395983,669
19.65383516107371,0.0611620386526133,667
16.251541501239767,0.03703048348812695,736
23.209641000066114,0.08293547355951714,726
12.327581465478127,0.1357355921493378,673
22.8829881344208,0.08643068819396489,671
16.658817669453455,0.053297627532389695,740
10.196872193927254,0.27125893589849526,730
19.556889207471528,0.2411009252978636,677
8.466797082870476,0.07304728889483124,675
12.652747516949809,0.09371838501478244,744
22.879118373128932,0.1031005593206337,734
7.922273029155111,0.11021782790753609,681
15.14407294666408,0.23710533725931962,679
10.57192680785884,0.0934800142396341,748
5.980441675051886,0.012366025181513144,738
12.18287725072663,0.09657536935826001,685
11.439161034699028,0.10384469514027693,683
13.361491317106056,0.15068840141018575,752
15.582270092604704,0.11099009339262325,689
5.715407256680836,0.34142428694054083,742
13.468308028719981,0.21494092002412424,687
12.518243664354058,0.1071124955005089,756
19.380868982228144,0.09385828873355548,693
13.362868828242167,0.03059194917625967,746
18.393260596472167,0.03439074009175743,691
18.798385535967327,0.055037721175932454,760
6.85414196358667,0.03629109999855739,697
10.384843211508084,0.14092607239929428,750
18.092810923038623,0.09658143770614898,695
6.056529907609301,0.11706652312193722,764
24.732097962142657,0.19194519395487236,701
8.54582889550298,0.02034273803711708,754
22.41163797669254,0.03178807684536843,699
10.749156180229246,0.18846139539321077,768
16.882517073878798,0.09079008466991628,705
20.77442695838418,0.07751388928859552,758
7.640521624312169,0.17536171703751044,703
9.792280634219575,0.04322221455279026,772
13.425902352220604,0.11205386986743276,709
13.618808029680633,0.1845083052864286,762
16.95381098342685,0.11730299613905182,707
12.065838549651584,0.21768798056231453,776
21.488752184017248,0.2001801105663252,713
7.7540602620692685,0.1445223628658094,766
11.55782400759923,0.07902307748450604,711
23.39748465720671,0.149012727958676,780
6.158495834656175,0.18750252419114677,717
10.873011127321032,0.21925881121200788,770
13.763048627646995,0.036878638123775065,715
5.457689455086645,0.11308557354620977,784
16.728242243574314,0.1873131486259009,721
14.384009464537586,0.09159988700802997,774
13.805009981645014,0.23065167370184128,719
11.702790896996834,0.14987042712131535,788
10.120117295799671,0.18727265381882427,725
11.496412655164601,0.08259641642789572,778
16.06230742656394,0.12529036930553972,723
5.467605996013871,0.17274914051357823,792
18.122181159600398,0.12231737760790165,729
7.204463921670183,0.0295524446922736,782
5.490821112727284,0.10353449833411316,727
12.675927780676059,0.1863594001769297,796
23.328221845636822,0.10678841971547189,733
10.327097446411162,0.14690902991119112,786
20.65855187000517,0.03788653168248187,731
23.596509515016248,0.14338610271984484,737
22.424470639038347,0.12142846480378432,790
5.678201764314261,0.19350207026097904,735
19.14553077420185,0.17997302540350074,741
18.372320623589584,0.24671552285632892,794
8.22614358165174,0.17658982540124368,739
14.540571947618425,0.1352761452723172,745
23.1704501064091,0.14205251463793878,798
21.25088742265736,0.08801767249196356,743
24.222617614644676,0.07577257746572269,749
8.316473937031015,0.252022428794678,747
13.37197621426746,0.13816606522900646,753
21.960581011201185,0.12866484087025104,751
12.369724639761671,0.056890451130136854,757
22.004210828085807,0.08066232514392836,755
7.135253767616126,0.032724628057956465,761
17.568508130502394,0.07373809590793194,759
10.524098250334742,0.14147742419024642,765
23.045899575558085,0.09456551126796106,763
15.068981944142072,0.08451050966426046,769
23.75148698115368,0.25957709342002705,767
12.855404608698473,0.1684120904151748,773
5.055579894959596,0.1456043758065959,771
9.265481699600224,0.04746217043055774,777
14.524784485862302,0.12191364818710511,775
8.972146111318244,0.06640440881932834,781
14.893524699821848,0.10216103377097513,779
24.81521047423258,0.029683712630995385,785
22.10393352797739,0.19354279879722736,783
7.8356338978618805,0.058761416600487185,789
6.795369417826684,0.136297445789286,787
13.562244343089757,0.03781429390787602,793
24.62804499776502,0.129345274054347,791
24.02408372992714,0.07741666082503659,797
13.296726541004908,0.011196989017372113,795
21.751251646203677,0.21789598047565836,799
