117.47059028167239,0.14768208335049812,0
108.46133626635014,0.09794754621999122,3
47.26969163158597,0.150189596462785,2
80.67795260533856,0.09724473081360518,1
46.04446586799658,0.14126142488696752,7
32.89385903729449,0.13318840391471196,4
40.58831844400815,0.157159661259559,6
84.00729746048818,0.17010489455535827,5
55.258847760130216,0.10272294018354798,11
91.10558677298867,0.25890829876445703,8
65.94600041819626,0.2401692453372335,10
29.573923778907528,0.15811431243763283,9
55.73599762317285,0.17038161132119267,15
78.92120969550258,0.11863827635612978,12
48.10085025735352,0.19463401887115345,14
95.90969542972267,0.16239708326896973,16
57.74409524745573,0.26319106305820766,18
36.25337318918113,0.16200286232887998,20
86.25401842597684,0.3454508932124736,22
95.65990874107857,0.11150025233305708,13
97.5551733615489,0.14653607034293586,24
120.59036497289614,0.11198018568544524,19
59.65272153040281,0.028732661777931875,26
94.49640773211459,0.07937676790343019,17
89.59544665765607,0.15894215307207016,28
35.183949670786944,0.2262215959275284,23
120.50050649078543,0.24461848824298218,30
51.0461069074795,0.15501301402644374,21
112.5684927760198,0.05609908236407882,32
51.84787749682918,0.2511015093042322,27
56.95837984786465,0.15481317743944903,36
51.13580570613604,0.06623696532471363,31
49.36427186419914,0.09786627733100801,40
69.11956142251904,0.16147588279431369,35
99.47695329804486,0.060510329066615666,25
42.878570128944936,0.2467532700123654,34
32.953592434186184,0.08243780564887111,44
95.32072220024781,0.08971304695633857,39
85.13986187716354,0.19178896939073198,29
76.42739552436873,0.18656071404281352,38
84.56781493828012,0.16309389527181956,48
121.78498342249279,0.11016258174858212,43
97.27086317439428,0.06533388301170688,33
32.93056552325301,0.1139833454700834,42
100.0568516918152,0.13725830119347968,52
80.10569388740191,0.17534927540155354,47
49.09428003628041,0.03780638611121517,37
35.563852923287676,0.16833396831082842,46
73.73357479534863,0.14270335729932074,56
104.46005457611302,0.16004079260095994,51
112.71076876825265,0.23927969232691437,41
99.78771373880558,0.01794425950501118,50
29.01092323157759,0.250643590611617,60
122.26919497964138,0.07886555178725863,55
37.67741979114676,0.11414222444735758,64
79.19808674990827,0.11874135331207568,59
109.44468552616279,0.10046541910111845,68
74.54822689760314,0.1329092914482642,63
107.50193755240186,0.07597710359938264,72
56.269730906914226,0.04818417332172397,67
123.83961501519802,0.25093961714883206,76
52.58369619460027,0.22146366580582688,54
48.590772088488286,0.06558366314895402,45
67.9638706505715,0.12635152830602409,71
47.512689612613144,0.18392502295059932,80
82.36221835071981,0.02543214650340595,49
38.640545301519644,0.01760877223717869,84
54.228771769767334,0.15084807163300534,53
42.53620552188965,0.07449757217031586,57
84.36306358692045,0.165739290988565,88
40.05381697722985,0.04287927022417053,61
47.38362205452448,0.05209357970910096,58
108.4783607153754,0.11512456447420222,75
110.49945904537984,0.25430596002068406,92
115.18912419786498,0.1510754527916014,65
105.27923138646364,0.04862548600508984,79
25.194170680263582,0.2728799624484569,96
75.21089856018205,0.2119671912473521,69
119.47346415466534,0.2191258278142202,83
40.84917091829369,0.05489875725358895,100
74.4227485618655,0.08482866411279515,87
104.27783044444531,0.11531881829133206,91
69.01680487007222,0.05550381043035927,62
71.05099335974121,0.041121488205159845,66
84.2453953612916,0.09165731147135214,104
60.69907197345443,0.12351838673197375,73
88.33232405334559,0.08728444301860593,70
110.58653341108779,0.23172729242712511,108
109.69086111792453,0.02557458060954026,74
95.65424400520766,0.10097383940520954,77
83.42352376797245,0.2507985299409156,95
58.68640582199599,0.04235856125438626,112
119.07558539093826,0.08790715734409796,81
120.90606844897874,0.17246303613389316,116
108.14085612239516,0.1829098119818123,85
31.517420877490707,0.1599061471659303,120
95.07173574790751,0.05953023150633024,89
107.26523868648857,0.1556139486947333,93
87.77032080029679,0.14260524433966862,124
90.04496694901938,0.15700015791207794,97
37.70326368935035,0.09182881869343179,128
52.532699586788524,0.1034832487614018,132
32.0359892930837,0.23385996278513185,99
58.62390885579969,0.1156233592140391,78
80.69392375767636,0.27189575646269465,136
96.29374177790044,0.05039679766115876,103
102.03785217584543,0.2177358053815197,82
60.42815200258271,0.10305498436982022,140
50.46537971550525,0.10091087831473877,107
122.07880655116797,0.08902959374331443,111
68.40068554865405,0.2716089669435796,115
85.90282472585912,0.26646763586906286,101
61.85633839880958,0.10193310674521311,119
80.73914434584421,0.10042412271768636,105
25.48095523586189,0.1769367082031125,86
98.62199372820328,0.04085191106463556,123
47.264308000981416,0.05014507261919067,90
111.26678661615531,0.12705731712040783,127
104.68031354774915,0.0638105406537781,144
72.82156067636134,0.1234800236915536,94
60.47238033304234,0.015078434656095497,131
99.4821551470542,0.1502599338761208,148
103.37817412145742,0.11802885159115764,152
100.90473545901597,0.21866221598986543,156
90.28045109588274,0.039275409079862295,160
26.92749761575721,0.0115125686189965,164
57.290395293043616,0.07740398588262382,168
53.58483597963968,0.15900524571013785,172
79.03718436909203,0.07069692623497247,176
117.69344499138842,0.08377047981072594,180
51.33846260452035,0.11485031384955818,109
104.83322768692949,0.12762315422590603,184
96.6649543074888,0.10772688295064795,113
57.587454331610346,0.13659792994140604,135
94.24913210357936,0.04961114482965909,98
48.36665677382732,0.12072167957876341,139
87.08276661116665,0.11895468743731503,102
120.88558726796145,0.17477453537233867,106
124.01102625341716,0.09248111714087562,143
110.91978475899205,0.10337088956389698,188
41.34673616385476,0.07515541607282611,110
52.303635516756415,0.05832361355022675,147
62.11986905941127,0.09399288071415593,151
88.36354917760303,0.07847778392953313,155
123.90431365524921,0.048437835793789574,117
71.59040970613192,0.08046333070745727,159
79.88632058341105,0.09719317738376905,121
60.16966755933228,0.06356536345155314,125
76.0911973420446,0.13622737434531218,114
94.55018851612714,0.23759390088178634,192
50.83537176657792,0.09273963147434078,129
71.58822793038132,0.11488400703863039,196
70.0130380513547,0.1340726762317952,133
82.91962641096916,0.15400963220717676,163
57.104926083399164,0.17508856002552822,200
30.727168441415188,0.2724726936984928,137
95.10835967657286,0.08616653619436423,204
79.0595572930692,0.0732065270087255,208
42.932780777419076,0.1299368923798251,118
66.95096515999107,0.13669918111496712,141
44.197318387248885,0.08897417360104111,167
98.65191305420417,0.06486551858785193,212
54.353020931108105,0.17999557765954577,122
120.34706358101413,0.25811461478171543,145
87.68656623023793,0.10886807209964636,171
92.04347392543575,0.044787281878639985,126
39.23614529475704,0.12750237631632494,149
91.43173204290497,0.16335619946650298,175
54.76782710475617,0.1364928577772128,130
101.49662916074921,0.057234215041481934,153
110.33768775370646,0.1941192584133413,179
119.98907499549468,0.10349968067086901,134
109.00472264004696,0.05184687091547462,138
44.0663856364543,0.22134783914369166,216
97.64963816231223,0.07939460364406281,183
79.95570706887126,0.012870457810597247,157
44.72872580178271,0.13962433368907473,187
114.88768746680168,0.022486197182043727,161
66.02961567259277,0.11910201019675482,142
94.97626421484075,0.007798490504768752,220
107.06793507212107,0.030900738077615255,191
95.4642943043242,0.07127374361195983,146
64.21642302515872,0.08951836416897148,224
90.84384695454084,0.13985486588879656,165
96.0617207533889,0.31746427268771127,195
25.338631843607963,0.15012515448253838,150
46.470337810128484,0.2123378301110845,228
86.73214919443134,0.02666439689091037,199
57.81302019298757,0.08454392270328266,232
30.704556030690878,0.14431911346399853,203
96.20793114960475,0.19805832096138343,207
52.38903887361606,0.037000266751080944,211
53.19388184700359,0.2841711492500748,169
73.73455364073854,0.15582397001776616,215
93.160357528766,0.13201952434520198,173
36.255767270192905,0.1541134181613596,219
110.93472799939033,0.18627070018283576,154
35.005223774904714,0.1776431777502393,177
91.2466151518427,0.0963993996273351,236
57.50148256867007,0.045825224909383115,181
35.71091255007802,0.08728373414481393,158
31.000355362936148,0.12557682612760462,223
80.59719219064287,0.10033752821345956,240
51.38711794912129,0.16985428679101713,185
59.90452665708006,0.01571968127952914,162
53.5048792881403,0.01635491594188779,227
84.33266090808536,0.09756683682959515,244
115.24466088721964,0.1617401249551968,189
115.24646190244741,0.13635024802618606,166
70.7911141210702,0.030211988068315022,231
123.59897955253165,0.029758430078201777,248
95.33143615583316,0.13789408003744022,193
95.56793697550737,0.21150977492204845,170
30.49545456916043,0.12474236889626736,235
52.56044981551159,0.1333903974944371,252
26.71786260606438,0.05032258295479164,197
72.39932801776547,0.15097616956127372,174
29.66958493669822,0.19303381857293245,239
42.68810533065598,0.10583238174134975,256
49.085612787860335,0.20965692378458162,201
42.498468770397146,0.10777101034873225,178
83.59889124752866,0.012687670626864345,243
49.117740026831555,0.08103117654517959,260
113.58240985145045,0.1417723559575902,205
95.9684374948545,0.14039186286807534,182
88.46578245386769,0.054823552777721246,247
89.28875453769216,0.24019370167540444,264
52.547684638651916,0.19712393320020627,209
47.34148695759305,0.33192383578910994,251
111.3795581499089,0.2738278685557625,186
104.52169881625176,0.11719817933850248,268
111.76846665695311,0.13383062513451546,213
124.51952682084182,0.19111240642279767,255
46.06518320325239,0.15186602741522526,190
106.61412239722459,0.13769698257467175,272
80.36103223424423,0.23246470220954452,217
123.47859822805691,0.18008569812583247,194
56.75798250136354,0.15083140376524123,259
57.78899357579807,0.11972378241914548,276
80.01774961418758,0.10764405791750237,198
26.135478694785785,0.12330612674662794,280
86.6869760237372,0.030026559839762535,202
61.32941063744004,0.15734308778417727,284
109.51625903000892,0.22638288304044632,206
62.42390848113671,0.2027571610114873,288
48.39018666357625,0.10748734248345289,263
103.55662529367905,0.035172576183059655,267
32.86357941699585,0.24506227710936823,221
106.4693972380091,0.09947054183410527,271
117.68545474087219,0.14200633339010296,225
63.395304705241465,0.07184057948466292,210
48.425265949417685,0.12829172831977714,292
124.64195411351682,0.05726517828525504,275
59.8034035128782,0.2325980336378312,229
48.531927298748215,0.31545854726377154,296
65.21516693630828,0.13348591006912,279
94.58449344615968,0.19670066779404438,300
106.91168438486841,0.07312997640436673,283
43.116393317894364,0.08103467828303595,304
88.79114596353733,0.11545757086516942,308
64.61379787829836,0.05803644474456637,287
95.63211712914935,0.0585934447922213,233
38.96663269909011,0.22486955823418328,312
48.06105237820758,0.08195364017929728,214
37.569559402986876,0.11407499559099454,291
50.84750461289917,0.15642351959355247,237
29.161849691841148,0.0061410316962650525,316
124.7750094127058,0.22512086071113901,218
64.69297384788871,0.07957659514527571,295
97.01987297480684,0.09288278958004335,241
50.97119692930036,0.16384816466206387,320
110.45472427112394,0.18386372226832526,222
79.84667295646473,0.06609841841867824,245
47.88590202798301,0.138432727032128,299
44.405870971532266,0.07933220167925131,324
34.656957825646586,0.020841619925767385,328
55.78793430487997,0.18792038588894253,249
62.58716719401449,0.13564536272370933,303
65.59182597852308,0.1697750912848154,332
80.18715772832144,0.11451469694116595,253
116.45666782612669,0.04914290889484961,307
32.82612852247468,0.1085999216343868,257
44.313332710544955,0.07582684437375964,226
109.84329352607037,0.07530325101209988,230
79.88144162796067,0.1101168459609968,234
54.936557959451704,0.08765397799871662,336
76.4878010876377,0.17368554681862053,311
98.41684404747255,0.1807664149588049,261
96.40027946381888,0.08278931188845189,340
98.01783350169079,0.08884369914368473,315
28.43023149605678,0.18805040862815647,265
104.15257802123665,0.04837578691454872,344
124.7222604771176,0.07614047713827012,238
40.62443147164679,0.07620491649118996,319
96.58433923302738,0.11794150278656318,348
121.8107800250024,0.1788224667922017,269
118.63400283994984,0.2630866666350609,242
53.37134513122254,0.018023763941075282,323
95.30531991216769,0.05689081807464866,352
56.077883475719325,0.06841142169551084,273
83.31507678431542,0.2335481548663556,246
100.23671504335194,0.2724797753531264,327
117.61611121119745,0.12206526236593468,356
79.18362400540266,0.04664326359731871,250
70.38445315748456,0.21101241595724032,277
88.85287876776214,0.09054988938030772,360
123.47670470378638,0.12197344798880348,254
119.8936201258362,0.16731192985311905,331
88.87164689723488,0.06837377959744131,281
107.85863994338969,0.10480369744145424,364
114.28355324055654,0.06752885664442498,285
84.09483641610328,0.06259828175207093,368
63.842974471830296,0.04263272278003562,289
106.19127689762391,0.21767164706942835,335
63.61075851855767,0.15790672868846417,372
96.73790795922025,0.1510511274395996,258
67.06095832185036,0.09388231946280445,293
102.41956938699288,0.1458681168255528,262
39.36426895164821,0.08096093016368758,376
92.90115367235884,0.153776303942171,339
30.87826191913581,0.054817521344905765,297
119.70339873164356,0.02745451813168332,380
60.81269160537619,0.1152307741496363,266
93.60053373161254,0.0936932434655798,343
123.68836524498955,0.22230551669262774,301
71.68796201641464,0.17508095569353477,347
47.76682826631408,0.10287350107838938,305
28.308180680143835,0.0876421114234455,351
70.00020720384705,0.11243577128579665,309
77.77874696177227,0.13827321917410382,355
62.68646574858503,0.15610041272887465,384
92.93624190098497,0.15623653447024693,270
51.34178901442592,0.13704484440452316,274
87.69397486843266,0.2428627665552274,359
43.565190954613655,0.1220693899692924,313
80.9127954901283,0.06077628376882532,317
108.79226103845376,0.1284305705969133,321
75.05953666441488,0.20647032976140048,388
71.88637241434408,0.22307249466021306,363
118.86754910093167,0.14155000303015042,392
29.02662600688286,0.21160976384897043,396
86.0276115777325,0.05249204342889144,278
68.08528851723402,0.033717090700847906,325
91.76843039986431,0.054821825913111605,367
82.29981452987451,0.21372329026073789,371
57.7229057329342,0.15748139220509455,400
120.99497847910676,0.2344542388017119,404
118.32570835766384,0.20634909706999324,408
99.14036226005328,0.239910319469081,375
40.65942195824602,0.08526348454545188,329
118.366620596695,0.11539002918678765,379
55.01493442588048,0.06695937466502662,282
99.11863823071859,0.04220274278471069,383
65.04991650185205,0.16538736047557046,387
54.886957381698544,0.24635675752778888,391
57.93460822874328,0.09445919897277924,395
34.99649073751466,0.0759868910986306,399
86.36803348090724,0.020634921876336778,403
52.09003308573263,0.07145980158447238,407
43.375234988514144,0.05636851897552926,412
40.45943837306789,0.09304075102386905,411
102.95265531693386,0.18834612368116949,416
80.36559741036447,0.2930403524675768,415
86.21349996696662,0.23873774357145808,420
34.65362524902732,0.16214751932615923,333
65.78889188215753,0.2419028564762316,424
25.956285245367074,0.022882221779240975,286
31.915288361626292,0.05343007398588334,290
85.66674568025115,0.03792125810827346,428
55.180733372690966,0.08134692705630799,419
123.21686399556961,0.09022190390907434,337
103.38382727766684,0.18103497296724783,432
39.46164308263216,0.20688671530552438,436
111.87069551126847,0.06264109596970384,440
57.80714207596014,0.07946778032745623,423
34.544612007923114,0.07436439251691637,341
33.70338249608338,0.04521587547815636,427
100.03220402749017,0.23547730337196981,431
114.2240598269352,0.19290547161972185,435
110.47789350916798,0.13495075629971381,294
65.71548870604613,0.23157916363961328,439
59.45123248773545,0.22298422685036223,298
69.73467924711808,0.07390931741396287,443
37.8557576891978,0.12058669951411115,302
67.42245149270775,0.21111875444592587,306
68.50516794411581,0.022047806360063333,310
32.82144955375731,0.09202209485939675,444
87.82492526960903,0.024766700165803315,345
91.11338570527022,0.16538703493337215,448
68.91681072250998,0.06471403152038319,452
73.90671092168131,0.17424189815820681,447
99.01323071726932,0.17739721572553052,456
101.96552468578194,0.13329525386468505,451
123.00158166204902,0.008931342664619568,455
43.136205750975954,0.08297497953087996,314
114.24412700833729,0.12768444683922645,349
103.77885761534887,0.04767575320819817,318
99.90860741265976,0.03530211850725771,460
112.0723133823499,0.046575435375022824,353
72.38670782319534,0.19747094065400306,322
84.05453953613191,0.17236538171189186,357
105.43261349799793,0.14624999675596537,326
67.20138952557372,0.1380629899015314,361
56.1509673727776,0.15923812163437767,330
116.38219229446366,0.04828378309525457,464
62.467707509193694,0.011562508822704484,365
27.4824659210818,0.1282482665271223,468
121.73390197098954,0.12638542530866992,472
124.55326106643466,0.25570672198979416,476
75.7842240780907,0.1080680644639529,480
50.11012929081561,0.1399606548960637,484
45.064839992538154,0.054128632850669746,459
49.87363996838067,0.1604428894954795,334
73.10993855270385,0.13435056028245324,369
102.73053142426704,0.16689403023286936,373
107.40867775626523,0.09967689117947247,463
53.7183124501269,0.14272159147727462,377
101.39740135829229,0.12423593032085892,467
114.73442199545224,0.1409722457308753,488
99.10906537306998,0.08767043709271144,471
68.00428573354586,0.14042945835722478,381
57.86409791281565,0.11320881744488505,338
53.27858842032407,0.09742556452181256,475
74.28832721297826,0.1447855438909534,479
69.9104728966347,0.13012434563087885,483
39.94656666489244,0.10158371207530746,492
69.20380086569261,0.0934593511251482,496
44.0880750993213,0.16764897696445213,500
122.77954416322324,0.16781048650251465,504
34.78591740804286,0.05098070084583493,385
71.33384156285703,0.11540723898478725,342
43.92197735538696,0.23376732571767045,346
81.4506135329953,0.12869706136951561,350
102.07897135970704,0.21019761929107986,487
72.06414019004026,0.09717655809474061,491
117.4958637416045,0.02685806240706968,508
62.88325008338721,0.009491632809576619,512
76.68885737319827,0.09207704458877591,389
100.81700599560618,0.08739998614136671,354
101.20626755143337,0.18179524633745653,495
105.46745575348434,0.12604624143897536,358
60.91129648070457,0.1953083588511068,516
52.43709858413234,0.05681543767192368,362
36.56153436654985,0.12069776683333228,366
96.66703560450412,0.10665944771237107,370
117.67405923759847,0.09016891661657943,374
41.36893670482752,0.06506368576824631,378
52.076320336258476,0.047813525029896796,382
26.838540289860468,0.11642998670851579,393
39.37967907631254,0.15754395452557976,397
55.13675103583998,0.14140721576597912,520
54.08576544648122,0.0726306772906971,499
51.8794103930927,0.06954330256569152,524
63.58675393216691,0.06630806381246386,401
51.64511231118235,0.11461925163587283,386
123.4079995071781,0.17480286578452717,390
87.43041975387482,0.0670856269937837,394
48.19595970278869,0.11893301194905365,503
70.6386009219618,0.01954857526134168,528
98.46689803420901,0.11819756858246162,405
71.3265732946613,0.02337987709727949,398
124.15034452118829,0.062381031540184644,507
31.131887809759462,0.05081874689985854,402
84.15219695805746,0.3040833617023001,532
69.34309695962511,0.09660839700410954,511
60.32112134799959,0.1486497785646123,406
49.506102990499535,0.0655595840575892,409
103.22890437607835,0.23451639529546317,410
45.19841912099007,0.18000901958166696,413
110.07536659081983,0.046636812113187265,414
119.56168720050266,0.20244263456664122,417
117.17955613697895,0.1227231384560789,418
105.65270237669785,0.1675783597712488,421
56.53932438611372,0.05900716935122176,422
35.97348526731905,0.13223087547926074,425
49.554897642056915,0.2303971121236078,429
81.09931064442597,0.15157638102674198,426
33.380884991943404,0.041264366570049005,515
114.22893413744555,0.14231359184489983,536
49.09451737421266,0.1017532188189569,433
92.24906690502492,0.17232018462098106,430
107.31972672147076,0.07491627848708766,519
42.76366777998385,0.05536496670438334,434
47.43871111395984,0.12531285852742235,523
92.30419914600903,0.05285358443000804,438
25.243586207602288,0.034234046954711654,442
88.78761370568483,0.022241324482775923,437
66.37803858791355,0.16761856965327682,441
96.75384229295531,0.15207123883076012,445
110.79904569919245,0.022426749485353285,449
102.65610058931037,0.10668545681579318,527
95.85492328408365,0.04061371169365452,446
29.33941421658256,0.12836107016020576,540
86.10842409224145,0.08581023291642552,453
82.66288035518016,0.088608699754463,450
51.37868649081268,0.2777348818723395,457
48.26393138962065,0.08969524653225507,454
88.38427560370673,0.12676988782409068,461
30.208742134400346,0.017435961366316918,458
50.46919703426717,0.13507299159632896,462
45.52685482100139,0.0908940760241203,466
25.549536131419835,0.2012072176491175,470
40.87134126761901,0.12163746237152434,474
78.06828418722453,0.07011483056793398,544
84.7536752535593,0.11791336368169054,465
74.02650824458698,0.0974414114963544,531
69.19843754804606,0.20087687580446292,478
40.58260939592431,0.06330452502211319,469
33.329670574573754,0.1233376732452935,548
39.95856474207649,0.08247771722719024,482
105.71778853467754,0.03987697288259061,535
67.86436086071322,0.2604194774984245,473
107.66785029267034,0.07897424115327492,552
121.30930125838906,0.24228724735275164,539
104.24792249465796,0.1320430186517702,556
121.36460810868334,0.11839554525724134,560
50.15602906176673,0.12572391918552336,486
75.19341866215301,0.14263559554920247,477
53.90669371954721,0.06130597641528384,543
86.48381955447114,0.04642188733146089,490
109.74529656403153,0.13094805072471993,481
104.34582975790528,0.04051259664524762,564
113.73482735577916,0.16787551628516878,568
33.83933200672716,0.17109679223451488,494
65.75669175134263,0.028627186835800452,485
122.65212135304171,0.10133990331801807,489
103.10994517287692,0.12121821188300397,498
82.68340365134505,0.022567272813065198,572
101.05494774376544,0.2594781212813977,576
91.13630052186254,0.1695010464487906,580
104.23648534351643,0.04629214389554978,584
89.07533017124133,0.11041778803215894,588
41.43584743413754,0.21989890294586126,502
105.29632219302233,0.2055334036838873,493
43.090072677086326,0.034782062770375016,547
41.65153315471643,0.050164353296465285,506
114.86499578434156,0.18246540203752576,510
28.22122089489081,0.1959749196474817,551
109.88971097955913,0.19897138460194194,592
44.94301061845234,0.190916032701226,497
29.288547349537097,0.11979313071376407,514
26.509361053735546,0.17832430504519672,596
35.14396556963965,0.06694017512297522,555
99.41368175067412,0.102066305610404,501
115.60784660214584,0.19336424765792956,518
51.004023381960664,0.18969902686766474,505
124.67933423982433,0.11901924033361133,600
75.13807921061964,0.02030378492983026,559
54.16536814616594,0.16576811359550836,522
91.80569239022522,0.026504445692680047,509
100.33069042507074,0.16465404557246555,604
116.05051463948153,0.07549424496959158,513
59.30798751677416,0.2775224817037633,526
111.60848409501709,0.2599950558151628,563
104.18975864979895,0.16632620838923795,517
117.05103933305665,0.11885021375379397,567
99.51857043249325,0.08447511948630973,521
26.34006136473389,0.047782642232462924,571
25.651389965502634,0.15040769182739538,575
118.14600526085195,0.10067631877399037,530
104.35145808862791,0.21086492653368194,579
29.728042385097265,0.1696740950746194,525
119.52343099187578,0.02574628218658892,583
105.8947982639991,0.05682278993287185,587
118.84057976241955,0.0974068557550459,591
42.337522935209336,0.21594017714847863,608
90.2696242936885,0.06626142900675168,612
42.10544996572389,0.04375874874366745,529
54.30642904561023,0.15247101558479592,534
57.41505550376933,0.02538688262150636,616
33.36508697052011,0.033825752557442655,533
79.87915140074938,0.10076854083556322,620
115.94977289995747,0.08060905513457818,624
65.48205437256547,0.14717571675890748,595
91.64175804670083,0.09644637785722843,599
85.51697545191674,0.15399704313323812,628
90.2897074238017,0.22255589769021294,537
60.01433341755722,0.10344529570158281,538
67.45823477994625,0.1026843698996262,603
63.39556863196961,0.04983232787005455,542
113.4259670978017,0.14410302570383574,632
116.23571184632233,0.15413258609203218,541
74.27095779901391,0.15439342817507207,607
104.59225718359255,0.18385365194087078,636
123.88344544147192,0.24869410882876306,640
29.353442539865494,0.10262459033641323,611
27.92017401048408,0.08706630889073388,545
45.46886430446246,0.1604709401674487,549
28.091921728288593,0.189925376295545,553
106.31638437660976,0.0321356242308813,615
62.058840983611,0.06785294093989398,644
82.9255476110551,0.08255693515609847,546
30.893257641256575,0.17011043121775637,619
75.75113112826043,0.19783583536949242,648
108.28110624192013,0.022770032310864607,550
76.66735827978565,0.116357278820566,623
79.29172295608964,0.03524377596793815,652
63.238410086443466,0.19361411206478718,627
46.72344943105665,0.12962372007493025,656
59.732547655458035,0.11723360964303271,557
112.13265712457402,0.12380128206565832,631
67.92330247454731,0.0639927833869873,660
112.41507173162738,0.19751664680286218,561
65.72379286226396,0.28651162965184435,554
75.74797015994035,0.06346281645958145,635
50.465335274747005,0.10966652466617313,558
94.75007249481952,0.07846136496560403,639
100.9100284221721,0.023045465029704598,562
96.8432680186027,0.15793169537534213,565
95.87193090775699,0.13600940136645495,664
58.74737813906521,0.14668245965638968,643
64.86897368503807,0.045164726077820065,569
72.82158820772531,0.016893993311988823,668
90.80915166530959,0.13615562177865217,647
92.31553084036892,0.2401486062873569,573
35.63506023557088,0.09001709545475667,672
58.872111656891626,0.09959271392265318,577
75.34106543564263,0.006923662890728562,581
38.74205025978621,0.177847883295935,585
31.38658446279925,0.09609552647470937,589
37.0090638830467,0.10878131148120272,566
71.19140761421619,0.06761193473891104,676
48.90836769234793,0.2329824489714477,651
118.0019413980057,0.1706429310967387,680
55.757728967201025,0.043161176919998476,655
71.14925091300591,0.048114442688673605,684
94.5475170325284,0.14878891963832983,659
72.7531148822372,0.08425704665121615,688
86.21405938243669,0.07746046003208838,663
119.81843817275869,0.08821266268518953,692
57.350576068304825,0.14355484291421647,667
38.918275710193726,0.12073854478205492,593
124.15290142000444,0.1202393438354428,696
115.5320236407902,0.08286219159994003,671
33.203966651046116,0.11627073721678437,597
39.03836703785788,0.03710566556995246,601
97.57339382211168,0.0389717247727016,570
75.14648950380938,0.16876197739369425,574
54.32174756009563,0.0526573754329317,675
59.21235820671118,0.21610401983751915,700
98.00830683849614,0.3261524486199649,578
96.17285127647891,0.1471239152292392,605
64.40880114419201,0.14242707162545862,609
33.925797024623314,0.04102656770132479,613
28.37051386740761,0.10765647283875296,679
105.4424261192996,0.13158169242061113,704
48.30648995337724,0.14465431308659338,582
39.04901000035007,0.14132747294947698,586
45.36373179290002,0.12275492986437109,683
41.7863381072769,0.23852316583334476,708
61.21389695341119,0.16655128029717767,687
78.17777938924542,0.10935851339236075,712
32.71067290807945,0.0692436038498555,691
47.58482651460322,0.15519008771112996,617
75.63794579883898,0.11776249839494064,716
81.48804108696207,0.17412641180616595,695
36.945923834153916,0.19046683856562951,621
34.518301298125486,0.20963373746690564,699
98.55817015363104,0.1687889898274668,625
66.89428618495191,0.1423478950532765,703
109.92848415551606,0.012484481225748268,590
39.31305573103241,0.12344760060954629,720
70.13522344067519,0.1532310718474455,707
69.99069126505857,0.1039790603159026,711
73.65531728522356,0.1780654817211742,629
81.85136722174613,0.004216971870183938,594
35.314010646688786,0.250055706299448,724
26.735407701026006,0.12529924262676043,715
49.93504188497158,0.11656745181200007,728
117.77044036889723,0.08061017516379818,719
91.1185904548721,0.12313569472566198,723
59.64621975234626,0.09351671836121528,598
58.19400803927909,0.10342280517845617,633
57.76528581861835,0.06030828176428058,732
35.21645014209037,0.04860522850704753,727
64.59381010216687,0.18975540238018185,637
67.37372935767692,0.11867184196022063,602
99.03760998722544,0.16146976648979738,736
31.736583287652387,0.08511026075844125,731
100.68963468323332,0.0814325018842858,740
26.082584412053357,0.12321338598811825,606
56.21389015977041,0.2629751418295037,735
100.77523513937413,0.1233903995723408,744
113.44779318586333,0.05102746449312791,739
115.77298841041305,0.0771900133060616,743
32.87548382695636,0.025614640453262706,747
38.666948899195134,0.09865442823599774,610
106.75469591813922,0.12888035518716978,641
111.15905504174397,0.08021813338830763,645
86.0620818742172,0.037867994652006715,614
42.2822424582488,0.10947726602041674,751
29.922838078109926,0.10361442792413644,748
27.59585761394692,0.05380558890911973,755
119.86785381120619,0.05082199840899232,752
124.69686631191085,0.2065648356730034,759
83.40979625347256,0.17294976968658565,756
36.59199336271081,0.13516792388407686,763
58.638086642421094,0.19022517366670189,760
60.34260722633458,0.22231621539841223,767
28.92338686814846,0.13346329314959215,771
66.78414419025611,0.08891895554239065,775
104.01525701975316,0.10365171229393266,764
67.36721302614218,0.07663564845539439,649
94.87139477292286,0.07460627022008703,618
98.13447408537482,0.039796913749187715,622
102.09910347937353,0.0664467091243492,626
73.39372393710201,0.1822016298841393,779
53.81202342279448,0.05220116105086225,768
88.61239905548176,0.1985502929861381,630
111.28992176534909,0.04614676574932404,653
41.49210560624405,0.2139295360475073,634
47.20234454329827,0.175063867485947,783
59.84470990934552,0.1196498301108149,657
84.79351366229241,0.15053189295100564,772
94.74430071367972,0.2942697057002778,638
54.06359208020267,0.11644754870960057,787
122.34433256926224,0.29003928173028176,642
43.164975623182926,0.13448342830665155,791
107.17424633319973,0.23831020770526745,776
56.57370696602601,0.1175116261032616,661
50.94106887678473,0.20555401207325077,795
33.64197094008553,0.13055695129847517,665
110.52708278337867,0.07302403264344058,669
64.11877623529519,0.09310571352141629,673
87.35782374235289,0.01614240171905977,646
53.25385350259678,0.14941022712135832,650
80.9761944146137,0.2232119989591535,654
119.96778981031758,0.12472814849976717,780
37.59820402066101,0.06297913983249293,799
60.743135096257376,0.17602663466096724,784
85.51459768111033,0.021155735706215126,788
42.09384159891173,0.12274652522369278,658
68.67612475797773,0.2584025978796522,677
96.52579146719106,0.05608128425969571,681
121.49614741552246,0.05964214237103617,662
89.72493561823939,0.10599222350592899,792
107.78258128523089,0.19037783766401764,685
45.40560197047794,0.2805816539056451,666
105.64168317107415,0.05432020020641,796
124.8146150276355,0.16520754090554102,689
81.46531945756527,0.128858058320509,670
90.00744309522572,0.17442468186086357,693
90.30747435772733,0.08948909057357074,674
54.65341921815646,0.07385401768687731,697
89.97358663385533,0.05772850339973112,701
115.53105914884227,0.14921922620348926,678
75.62647245852646,0.0829662769616754,705
99.99967686562145,0.08137795551105546,682
28.6758097740207,0.2661361260271247,709
112.05480383719247,0.06096568975576985,686
41.64043562137193,0.15109419031006205,713
50.98304192950198,0.1539880522482848,690
91.02169176950707,0.12662503159008828,717
77.86462119139273,0.23281792872286308,721
89.00523998294403,0.3070587661204128,694
63.97206795240895,0.04533261372987116,725
102.30596401779276,0.14321864596811998,698
71.23433278936164,0.13689415623881582,729
31.733826801358433,0.1518795374382082,702
81.90554814951207,0.11754450172159865,733
87.56204621023144,0.10491649370921158,706
84.52796041310285,0.12187311227820197,737
26.111395778661727,0.07555412780456566,710
105.07352965883732,0.1915265783531656,714
94.6381299570507,0.04862327709862088,741
72.85605093387632,0.0797983781794213,718
104.75171092658753,0.1513940799773962,745
63.266675526219004,0.05460896351362824,722
35.9083742816089,0.19707094919430163,749
57.12711361294844,0.07904373184337847,726
68.65960257339174,0.062274491649110364,753
90.04781478321988,0.03458095953985137,730
106.70890564806649,0.13231427352981923,757
93.43299826352853,0.08227012149845084,734
66.27928200553575,0.15627334088373393,761
78.3051861451123,0.11966556616475799,738
71.92609972991704,0.13576356827753072,765
96.48201384228362,0.10838236390832907,742
77.31323090362207,0.19692636531563495,769
114.46162694761139,0.04045032357316929,746
94.08888761243594,0.1603795220476965,773
91.719287387879,0.18886742997595682,750
102.06631504214083,0.04602957871871644,754
99.5980836694069,0.02464337607782025,777
63.52356508725314,0.13182394626020988,758
25.59608026043705,0.10697340187071613,781
35.27868127628019,0.07789644972752337,762
124.82308508721931,0.10563123752839343,785
32.455718782173506,0.11788038734843787,766
85.23142432340728,0.04988417545126305,770
85.42016364621126,0.14214989385601629,789
108.90431522711891,0.15297504648998206,774
112.21759569355123,0.12986659788512164,778
66.90670380062262,0.07796162554278302,793
95.6712276061801,0.09007335639062448,797
30.704284447877505,0.1427231838172042,782
51.894116058586135,0.19242488298117635,786
68.33448505090175,0.23348604657002303,790
27.306511711128557,0.061824407069681835,794
27.973399417657806,0.10004870848423636,798
