31.71748991649832,0.19693402670853447,2
69.3496532889275,0.10135385718315403,3
100.72043132328201,0.0640798145428783,6
114.72626812550055,0.17056539022492456,10
65.8797133361713,0.07089648916630047,7
56.96575535319033,0.0958331230483156,14
61.56422246308731,0.11932602678917877,11
59.739334936559615,0.10344673440946671,18
82.74566825935355,0.1209439545706831,15
35.5517263428283,0.14883430498819902,22
43.56858069095165,0.2596776925621695,19
51.02200185338312,0.05470463600459126,26
88.92661991246476,0.18584792271498257,23
55.659569023373614,0.18779642982217404,30
116.39923237384733,0.2001411222692064,27
124.3421008785457,0.20659808578496916,34
26.52611508074598,0.1806573967992193,31
105.20828078877037,0.1957468902192583,38
91.18784304702321,0.09055091872220766,35
46.71366179121258,0.09293746814802263,42
35.698459132956586,0.0932602624936306,39
64.87735731302651,0.07416469208885156,46
79.25108335603403,0.13107471984151248,43
43.310908705478944,0.1551830972272988,50
44.031061155489056,0.13083528792675322,47
75.39900075507245,0.2242435627018917,51
49.02219540109228,0.17625449665924278,54
121.20244795782067,0.09775200191982326,1
78.37035287591604,0.09513430109250195,0
26.418320881287173,0.20758373237442662,55
101.23775161250148,0.18326367438623647,58
41.807435796079396,0.046700713916161936,59
29.24282185087417,0.1308462312817042,62
83.5034683800061,0.13805204348624786,63
102.63138760321877,0.05115066993719854,66
123.4070635033677,0.09656846118022422,67
93.79568082481858,0.22469473088040803,70
79.25220208601851,0.0742228844875437,71
32.91723170708343,0.06573659642505802,74
117.58448875002021,0.09293065692119101,75
87.90884799517562,0.10422848246765237,78
30.75911908088129,0.22660876239209188,5
114.3667250400886,0.09364778759053931,4
78.57573376523871,0.1950635833804253,82
106.21726266511321,0.03795032000742392,79
93.70917925301431,0.09509687341783768,9
95.91793228778862,0.22067981563359976,8
92.44955073556588,0.08203432126987684,86
73.84248105445195,0.12830248147622197,83
46.03704261204348,0.15096564289953712,13
45.66092186888886,0.12828550838443425,12
116.64664278042135,0.04017724551895676,87
86.50572583684351,0.21604366615006862,90
76.62759668366911,0.1921027295217803,91
64.98998096572302,0.1716504222465283,94
65.74200294289281,0.08065522011969084,95
103.48741909989063,0.12886530472627666,98
85.9511704617634,0.1241395415131362,17
39.83830742138306,0.08050745689975061,16
31.910401937413912,0.043644821518882215,102
38.21727910939359,0.11915478291321098,99
94.86067548833961,0.15187912095439762,21
82.85915466006321,0.28102368813814105,20
94.98060007465511,0.07371419769944572,25
55.1110006901394,0.16636116173858073,106
105.66260954128215,0.10976740524712392,103
75.2521897357719,0.08206303023437017,24
39.2610401085414,0.11063109600933152,29
76.48793108437789,0.12811374945811901,28
41.79964711388765,0.06105183405236245,33
27.93476315586254,0.049792313199673324,110
57.379187599028135,0.06396451993462414,107
36.59078786086387,0.07463369207367715,37
51.79304264466744,0.1056106857849833,114
39.2733790471099,0.04989901299104583,41
51.823103933671035,0.2505855767797212,45
66.36636068188474,0.17304851217316639,118
49.30108243347957,0.2297776485703094,111
53.09973709528124,0.12953026342811874,32
98.72744762176957,0.13307836859450325,122
109.34631048180088,0.12372311403898642,115
105.79090686800956,0.08596337381456687,36
98.55654963287759,0.1503448950071685,40
123.12002860445375,0.2787308075539829,126
106.88171827100462,0.09165958299150535,119
71.87527704872426,0.16112315662327462,44
61.959536328680265,0.15413268729159857,49
120.80976738784838,0.07073726965182091,48
80.95459098214471,0.12684116881738444,130
120.83703768431613,0.15695093494982879,123
105.57368344753407,0.16745974244438647,53
97.25825791279075,0.0766458368898701,52
39.502177303670315,0.05897813255451852,134
96.67702926785236,0.11356567198542399,57
106.88672617008723,0.23759138939257227,127
26.434279613095445,0.030843609172408276,138
88.42967404869958,0.13633892714164467,61
50.821376968424374,0.23632620553751946,131
95.50940074561555,0.1838719882305937,142
48.90762579618553,0.050395530924432434,65
101.66729310573923,0.09678778635241003,56
106.42019447255664,0.2305942848624452,135
99.99842738542267,0.2310269100520666,146
62.00035208775703,0.04351428332948465,60
79.6074740116485,0.047639261109479906,64
105.16808301068713,0.06752923658065303,139
77.57153490986737,0.0728540773208791,150
81.97137723208064,0.041694410976140635,68
65.43206082889137,0.09424075943544734,69
45.64269231894063,0.20920954170567724,143
63.50251340978843,0.06975174531127548,154
74.03786657454182,0.2934568559824121,73
81.53085427612298,0.14350370047200428,147
37.75710830997796,0.03995666436086347,158
69.82560616442666,0.07011076365677914,77
42.86558305034232,0.042720324305299553,151
70.61321117113641,0.0794600332625189,162
63.3072635655887,0.15882241195870422,155
73.81771970705074,0.1514079054223055,166
29.626757916315448,0.010413295649265507,159
73.98584889168941,0.007776482627284559,170
92.80197788060532,0.09310265555546834,81
82.19647325796345,0.09318945807583039,72
104.01133940374949,0.13653617964041936,174
38.226339252371844,0.08904635957412903,163
56.74284921801809,0.05588744019334662,85
80.09604170244083,0.1146611254644222,89
106.23950215153283,0.058890426086814995,93
44.01563955432319,0.09088276064669365,178
25.93940198321104,0.24231541006031698,167
25.696171224142095,0.08727024659515518,97
81.45457101756713,0.058073768969222984,76
101.96253099132625,0.02228749978376461,80
53.57226275254877,0.08720648197127268,182
49.02631845076624,0.04500329014353244,171
36.034311248954296,0.09684218461983553,84
84.37928874240055,0.04648629484184703,186
53.65210538926453,0.05586533448083754,88
78.014827370751,0.17652068487121708,175
64.94964674225274,0.08395375394916756,190
32.027613431458775,0.11024396698268313,101
95.79051406037921,0.057472370696010834,179
89.35256818715828,0.2462519613330661,194
60.73732666959467,0.05990883977656511,105
119.15712038075029,0.07773036244792692,183
85.30103449382891,0.31566760324362175,92
37.572232838724176,0.08291893103118841,198
31.341011099768668,0.008965442258382575,109
47.04017423823955,0.20683240911015816,187
46.126509597608916,0.08366776549654682,202
55.086007730634854,0.10580798789739781,113
47.94486584166451,0.21950001634133698,96
76.17091373604742,0.10812628882261853,117
96.06775065806542,0.11760082926918387,191
119.66828456085167,0.17784307593542756,100
61.27494526478222,0.12428927299821513,206
103.02468869875163,0.19507789041989743,121
61.63552040108908,0.18426622836494855,195
74.43248613512364,0.11088354161023824,210
111.46265061355601,0.053007381313942205,125
95.84551676102382,0.2499242069166969,129
97.59893607353082,0.19737126711984104,199
45.8372528458059,0.11353708861283092,214
48.02527184148424,0.2982837096588969,104
109.54977715515734,0.09247183768316969,133
120.43669411854891,0.05293773212611187,203
27.189979879961832,0.09242127096866903,218
28.69426387653825,0.11138584702502126,108
115.05518056984602,0.10335900644091836,137
44.597264798895054,0.21820104606147517,112
59.88531782082589,0.08676282028167795,207
68.04843672569757,0.14579765730845098,141
32.115506909587346,0.1590068586813028,222
104.80415796396278,0.16527342852092963,211
63.547097176574695,0.043471190544759175,145
112.87743927167135,0.20599532370779647,226
92.27730789525536,0.10632480260963961,215
68.25616432618015,0.0829218431536965,149
120.5978670235186,0.09476416491800703,116
108.49216571964942,0.07855395104340228,230
74.62173029671064,0.11172646661566102,219
81.464307807669,0.1437558584964664,234
80.1040214419773,0.09774193507153302,223
120.64797009469073,0.05415225562926129,238
34.37655241599404,0.14617523285718778,120
26.01819298906647,0.06314889278060452,153
111.2202263665362,0.005540403554572952,227
45.00094480815233,0.034124390929743516,242
81.63548961402086,0.21060626881071426,124
109.3891565439313,0.2641254472569279,157
112.25139742817139,0.22329625909961437,231
27.035219930370292,0.03732458116575853,246
94.68566202845552,0.2556240732899323,128
80.75277220712613,0.10957148286625987,161
75.12272864830808,0.028443735100643033,132
77.86693961673319,0.0487183678627655,250
89.55055397378598,0.16350033971924396,165
51.65691319293093,0.0889297886982394,235
27.32027295758379,0.018856232774781972,136
29.18648135712747,0.09585192667571238,254
67.75214106382748,0.09255588208430095,169
51.72969868432206,0.21136317047207515,239
78.79891730812682,0.12472167363223806,140
84.36065103156888,0.14655561473237821,173
57.52281031389758,0.10341131898360412,258
39.450950045344534,0.2246430960158688,243
93.54297619087578,0.0981947104753272,144
62.98748673892699,0.12353463068061295,177
41.95995871703154,0.04944549333487064,262
90.5639696049912,0.11490802469270651,247
45.084312514483216,0.10811899181950156,148
48.01813554637461,0.07385726742248187,181
114.95475348440016,0.28344114376712093,266
76.36454250346644,0.12697668890014388,251
119.70695793291094,0.12122573164887081,185
94.29834855487495,0.16159150417181267,152
113.5842969359507,0.01616252995870568,270
107.10030537198773,0.2902842341870743,189
48.66803902442912,0.10049604235827608,156
48.132885588028785,0.06800454394769233,255
68.79026781432785,0.29169205791894287,274
51.04875484978824,0.13182693096905976,160
69.44929520516281,0.04080081317967359,259
49.62657475244541,0.04204622907059956,278
36.58877430430888,0.07670656897018817,164
123.20714318751932,0.10842570445770253,282
68.08838221964068,0.18181197515032196,263
49.45063435991342,0.09689792617947228,286
122.18956303632054,0.10784835023697435,267
31.57904883989614,0.0346262926748964,168
66.19943363320884,0.17675842073517475,193
36.367624897283704,0.07501175591122479,290
78.23278776171533,0.12789157137870327,271
101.98363722426322,0.2947838243014106,197
49.39227564416234,0.08297883434848345,172
49.97623974590171,0.08130820144196915,294
102.08802157928842,0.280420764192996,275
27.96306329987466,0.01247474741333881,201
90.39011475862809,0.07567819094062257,176
37.4332522585798,0.05792557709593226,298
31.06199428179962,0.14520225699857403,180
114.53840251640054,0.11061549456976093,279
50.856093490974985,0.07022785510953783,205
123.75331493523883,0.15452231254666962,302
67.91302570766722,0.22989812177523172,209
51.550095476683445,0.11125269418754753,283
42.64699450322846,0.0502556308165557,306
96.03958232033601,0.26691563080442315,213
65.75781936896975,0.09271766836749815,184
53.74709736959913,0.0839196679952452,287
47.52366149197239,0.07294312563708939,310
97.44497657210428,0.1899298742013298,188
85.89099044718962,0.0245950283661805,217
79.35711992923285,0.005804063398446735,192
107.02044403709728,0.15983640370070984,221
100.77967947958035,0.16549977584576014,291
93.44086871254945,0.14460328866032163,314
54.19379952868839,0.0453687609596132,225
47.0661504499258,0.08160410282779386,196
56.62283514073343,0.15320663233436707,295
53.60508492680606,0.11180472029669566,200
39.23291654844231,0.09621583486559059,318
90.91859400998192,0.11092827227802085,299
76.59045534648376,0.04846340414960726,204
75.6945863937129,0.17299423906364073,229
85.45084668465178,0.11520017503940456,322
27.089414079607455,0.07036023725967881,303
105.13967987589805,0.09208510457826338,233
69.33411444640862,0.07498933281924797,208
96.3934949693986,0.22900015669158857,326
45.13129068908933,0.04653403079712456,307
110.28487075351853,0.2148838687130896,212
48.729422645757346,0.1063081254645272,216
94.14931318340781,0.11875162247570824,330
36.27466820593246,0.07578783086977194,311
96.02619886758241,0.23399725002225977,220
74.93154927499178,0.11346560973508507,237
96.62880559486732,0.17583701955814102,334
50.70142067693001,0.21725899159069162,315
67.56079544979525,0.2973520911569726,224
63.42047204980762,0.068070978214486,338
30.169516292886065,0.06599514190556419,319
100.78360094915016,0.05913902483268009,342
79.17378089180497,0.2045882163497356,323
66.8530665634717,0.09790411517305947,346
99.77020039076399,0.12129931104784622,327
68.10933131085696,0.05766014602397095,350
97.98320390059739,0.17406547810027784,331
90.73580879391038,0.04957528678289492,354
117.22120366429776,0.1611882471176702,335
54.395602991204406,0.12687277958233417,358
65.15931603935559,0.09213965760526305,339
35.1526829415789,0.17625475993219242,241
50.83014121068079,0.0761430594535463,228
33.976874302639374,0.13221021754912018,362
58.18234436695332,0.17118865537819458,343
38.20894906962543,0.23717908246489997,245
46.88259974615233,0.12277747030606348,366
48.18491593454371,0.0664923665713574,347
57.04461491548034,0.1793451744792783,249
116.33007627549247,0.017383080191473135,351
40.01471334042226,0.04340634925383583,370
40.74938732717034,0.07332022755672463,355
26.064617501555688,0.16625897602556486,374
110.98536230668714,0.11299584959227621,359
52.05764586244297,0.11336706150987995,378
102.9059992470954,0.05353594131852416,363
72.76311261216298,0.06400004800240046,232
32.84232945602719,0.057088841068185694,382
106.05283581274651,0.12935709659072342,367
49.249183408537604,0.22044641291677103,386
31.288488307977445,0.17981384479276552,253
78.32348088746161,0.028255670651823373,371
33.99450259978991,0.10466533838907817,390
86.12146555473149,0.12614705990392358,375
98.62760783535745,0.16497635447515485,394
110.32833613048095,0.06354072009558408,257
46.93201904196699,0.06002513038868012,236
36.35456867851963,0.10512097485465653,398
118.40615963607762,0.07008881019961967,379
30.01887270490029,0.2100061150557242,261
119.06539633679213,0.15676076764491315,402
55.00912621526727,0.05302014639222579,265
63.42075489997245,0.1411684982936868,383
50.052798476011674,0.0750207329594286,406
70.21630782451152,0.1189535621759722,387
61.29812797911147,0.00722223413234638,410
82.7294653799105,0.13619042993657024,269
106.71488574548175,0.14137848663910554,391
93.34951077198566,0.10229145095948095,414
30.54501090670011,0.17116700135764218,240
73.30707472495831,0.26745340148623525,244
71.68195989799952,0.1792967133914346,395
38.778164999872956,0.1953327596804726,418
38.52599757534534,0.04207046628114526,273
90.80325577556484,0.24326959150241648,422
31.352330518241843,0.09245958513607526,399
64.51328999699315,0.0614419284304859,277
77.94683913443941,0.05651636906709378,248
72.55050998337578,0.10225702192960993,252
46.28315682203945,0.0866734358989939,281
71.53491867779026,0.1548613670696055,426
94.82522743674416,0.15286898123712678,403
115.21221517335579,0.1222349437224293,285
84.25538600380153,0.2381216283336706,407
69.35439029585959,0.16281014594672868,430
84.741291137778,0.14152382093482743,256
75.94595705729931,0.15197994900573916,411
68.34443890799668,0.020863322230866056,434
40.592943038392114,0.07983243510774667,415
62.49084666429009,0.020808306079818536,438
69.60550630001086,0.11611534252650102,419
61.74291447375692,0.13955182095841842,442
46.74888688049353,0.0741046659978031,423
52.28858546444912,0.180404707608212,446
101.03263126968662,0.008221037583296334,289
58.45849836377903,0.13968442582694832,427
111.6050827361488,0.10975608990212943,260
60.63193514671607,0.15467322623829713,450
93.09950513886862,0.09656962261317384,431
82.3060558191728,0.10711704406590548,264
85.49983254360362,0.16108849205301537,454
50.982723377635764,0.10215042802017847,435
109.16816455966176,0.3068439422445065,268
46.268588462287426,0.07276535477889809,458
116.2013462294626,0.11842695534053627,439
58.74030735094241,0.05926991390999047,462
36.92307510776619,0.2231167051024543,443
75.70361140724258,0.16306970652478192,466
41.42814714882408,0.11599504932338278,447
25.72665200225106,0.08704649992580316,293
116.72679293986836,0.16399796040174178,470
91.09482265235968,0.004418901580713751,297
44.36687919310147,0.20313851556783025,451
53.07218289827425,0.07470850346348304,474
33.45239963071764,0.08098121240189515,301
39.40474975355141,0.21460742853530823,272
56.530472715905546,0.08342982840410679,478
58.82491596426104,0.16101287244075468,455
34.40546340548507,0.18200380993992157,305
80.45669918237114,0.1226954159229668,276
121.70019733840083,0.1185785141043519,459
93.51436428856381,0.05041954508586338,280
84.62187983942965,0.10763575795347509,482
42.18783713909232,0.3785942061774334,463
110.10106608267736,0.07871091145065776,486
66.09123074637202,0.05525766901036793,467
105.90637257596977,0.05756982341522764,490
84.66641254684617,0.06370953800915218,284
77.09957587677098,0.1726816280222891,471
114.49268981848516,0.06932521429583104,494
109.74902529189148,0.1983286638762844,288
55.55331795339098,0.06433187382928406,498
29.528060302794866,0.06898811923561113,475
91.04508964519232,0.10682308794903583,292
95.98846070046424,0.048963726549385723,309
34.31213598512946,0.13798409876899517,502
68.45822911051846,0.10635608457816535,296
38.213580162437864,0.14716904228953528,479
52.095724037974776,0.061052251619955936,313
69.32244360791839,0.09784403926800844,506
117.76328258733282,0.038912836123612383,300
104.78898283734269,0.09733439912821779,483
39.57327490116962,0.09882986780944138,510
25.30047541440259,0.1017570600356907,487
113.82649235609958,0.14602545037517695,514
51.84832497471068,0.09823461482642455,491
95.55554995494538,0.020571226921015557,518
82.29560033414191,0.1152771121516278,495
40.77591640524443,0.08251669754616983,522
40.77350571155838,0.17689930527403971,317
115.96677549106437,0.1537894824157415,499
71.78954444273153,0.08919015523923628,526
68.59467076693613,0.10820559262919405,304
55.05368974358866,0.15276013449191142,503
41.996832146259656,0.018924010090187852,507
53.79003262616189,0.08761813327731162,530
37.455876234668615,0.25170392030740135,321
45.93875041020683,0.158619870044429,511
71.11544434262744,0.07335567382470257,534
120.09722769935496,0.28215927477484554,515
73.78694285902972,0.13387232179095687,519
54.80009156702512,0.013280450889230792,538
50.01364230319284,0.09802441408935746,542
57.70707000136296,0.10187616193305243,523
94.81975972505697,0.1341037172587171,308
117.49555987211907,0.12565321533004467,527
94.4767832849669,0.1652725004117875,546
41.068523696117886,0.11213216172657484,531
71.97960529578728,0.19104011039231195,550
60.307833995170625,0.04488185296939945,535
84.5936275362919,0.19499023037234844,325
95.45948485002465,0.1586472821469816,554
56.64420273552415,0.09794790406873755,539
87.6523347068536,0.049890532777156195,558
110.61839169994356,0.15935347092421595,312
29.85050123678907,0.19033674726114835,543
28.102899947002168,0.056228538349550584,562
94.19248052731442,0.056729422338034144,547
27.987112372868626,0.18597569498072455,566
30.92688201370908,0.03709223818114781,316
115.77717879952813,0.1307588515891542,551
32.70867462313899,0.14765633173213186,570
63.871351966962045,0.0923668122158055,320
115.71421335903828,0.1438066207562891,329
108.52889326309023,0.14693678465359025,555
113.27749963757535,0.066857143320392,574
118.41357719686573,0.0619704952637556,324
48.805765091617275,0.10395325043047639,333
122.0020884236321,0.09443501664933797,328
110.39113392897319,0.08182990640965668,332
80.0007989849125,0.18264074644812286,559
123.44579189148168,0.015606507624142644,578
115.08336191835407,0.20206448118687015,563
120.06452612948682,0.15408946953011163,582
112.6278400344703,0.15611608759528675,567
44.65494298591539,0.03479991497662251,586
103.50605117728318,0.058508746820705386,571
39.29996076689169,0.16301369485414494,590
45.14578450478186,0.163171344342517,575
119.58605907449339,0.13901759348115458,594
119.95655965101834,0.1406461144381051,579
109.16315404655542,0.22554737110198253,337
95.10415195640024,0.24797767468961693,598
53.97731499080104,0.07608623024729183,336
102.02460633835824,0.16125507513741444,583
51.8346906830258,0.07908339568356527,341
38.24372964080843,0.1511571477618065,602
101.26208379995127,0.05714149631463364,587
29.104919551949326,0.1033310300956974,606
111.2637491387605,0.18129292008242923,591
53.349365203455136,0.04320460631239312,610
97.34570190264701,0.2735943855864355,595
30.483763542019915,0.06994310813619968,614
75.74341688032673,0.05504506756764302,599
101.42470706435228,0.29904619234352653,345
102.9809313321801,0.041858941968179665,618
51.282657304069886,0.17667893400423285,340
84.44341160653667,0.267593581574359,603
46.49728967967953,0.17694545931494074,622
54.821632882786865,0.04331954230186289,607
72.3108238004759,0.30975466748396896,626
119.56389883466714,0.11367797526677431,611
35.711172918178406,0.0989604368255439,630
55.672180963992545,0.1596997779006523,349
54.5498085277535,0.06507021017009125,615
101.2360979874703,0.059800952854061507,634
89.98743788741727,0.1056951112298048,619
57.315645857920316,0.05200020492383598,638
100.62076869835037,0.09830741276646802,353
73.97754717483163,0.16924506414932577,623
34.9450707428561,0.052546287430564345,344
49.74181823921438,0.03931886922359046,642
45.86733543281919,0.27706480322071364,357
72.34227728561783,0.007918074325290734,627
36.361103832054575,0.13062733721298858,646
91.33649265383707,0.03923615834491577,361
93.11969772345365,0.08716437691838819,348
80.39540776837808,0.15404515484506215,631
69.64021590000789,0.20789747476624992,650
69.08019302619256,0.20200450550302343,654
62.304276543725045,0.10837660942070007,635
67.14148735120361,0.09325477674983189,365
116.1667076385445,0.07651871155130846,658
42.46525267236302,0.11023560862604456,639
89.19956300509509,0.12930260312791853,369
69.00043061367276,0.12848213827385715,662
77.24152623071097,0.12921467391571298,643
50.73899899185622,0.09506587349992374,373
39.443674549764076,0.24988637148507578,666
108.03810520184392,0.06688932993678619,647
124.86355022599182,0.07713536872089628,352
109.83977742751811,0.07823947353567949,670
88.8197417480428,0.0931808524504756,377
114.36431423698507,0.26887583170820134,651
26.5029654813125,0.051425583873468884,674
50.6252715115629,0.2328764299329551,655
44.93086481027826,0.09379400140492605,678
59.78768280858593,0.10537220705911038,659
120.58045068847211,0.0838178563127614,682
110.59810523075363,0.15797268227167477,686
66.4320209180475,0.29886167652180773,663
86.5415854733723,0.14933725947811302,381
93.32308654932865,0.1191806379341222,690
31.598723310370126,0.2202309073748162,667
43.798427423593964,0.3067170188797847,356
54.24238596029845,0.1954856804486313,385
105.71704727946535,0.12854125581895304,694
52.8146351988977,0.12249032209236102,671
105.38918180356201,0.054354429748455314,675
55.145508383929425,0.0959759450970509,698
113.47081080072265,0.12389822817265164,679
114.85929487425715,0.25759356285565915,702
75.17260502731106,0.10468541142159338,389
111.08194070935426,0.13991718324562116,683
55.745480691164374,0.12045248418955633,706
90.65873355831462,0.10545334846596471,360
58.878952113085816,0.18334429197492105,687
63.56518337306618,0.07361123882498272,710
81.5448116793595,0.20097316417798627,393
54.894265453033974,0.05460771527914693,691
50.731858077590815,0.14604732067658358,714
121.68721644630818,0.04036241214502309,364
51.78885500757248,0.05619201872804389,695
32.09264667252073,0.20499941088707474,718
86.54778216454635,0.14651953867029802,699
52.07457593143182,0.08388582353132754,722
91.60840383543236,0.14131839235394134,703
48.74035747284873,0.04710130843156824,726
92.97879108429701,0.10025155199063873,707
35.25907082226868,0.06929447252505336,730
53.561925159453736,0.10548592687896681,368
104.83093257081187,0.13161784303727167,711
109.02804720547053,0.2017695014643438,734
73.92712744194102,0.15017934597261604,397
90.76135613637165,0.040217217368843906,715
42.734110818923625,0.13678190398949513,738
118.77767327867691,0.1966064129063898,719
42.26859540782969,0.16919183623346712,742
66.91301742950131,0.10205857312798522,723
68.16164665356409,0.19233051049239314,746
70.09475645242736,0.02296519032536632,727
114.10781021991725,0.2709260209275336,750
111.06780986093648,0.08805087877006675,731
33.86214550633002,0.0620897857601283,754
54.06184692736509,0.09833349564595495,735
101.55943615930285,0.18310195154194142,758
64.26636329240884,0.05933409702371001,739
54.147806686036745,0.1591327925491727,372
42.44538407174146,0.10192907053394556,762
86.39098624656205,0.07133346145361658,743
82.3661579521859,0.08238557221026771,766
28.7549580606963,0.10295768172963111,747
65.82632116927593,0.06572840197510876,770
44.62847470963178,0.03158856146233071,751
55.95445397353468,0.158597082390342,401
93.39719879335966,0.027821250250174314,774
58.22737405418415,0.09943757793990711,755
81.25416046460671,0.24124786371634094,778
81.89866436843342,0.2540041326176931,782
82.51836829622872,0.09038993646863827,759
68.94460341039772,0.1316276246146432,405
41.91070630703919,0.12487474096791835,376
66.66273479543835,0.14781217871973953,786
29.280080867141745,0.13350523507105175,763
51.71244726097237,0.14822528868552987,380
113.68706731693179,0.3137376749591487,790
97.44273876832422,0.12915294891715157,767
58.293103614622524,0.06020420632218964,384
50.91552876139114,0.20075496414309418,794
116.49516220417479,0.10620751344555518,771
80.0631263187067,0.1335884221754356,798
78.03648763175778,0.10956743282183075,388
60.9063929192493,0.33463918847162866,775
118.60506245476533,0.06331309846481285,392
100.22384323616237,0.11239116821352242,409
41.03336297358889,0.048202931803113774,779
119.94837161364941,0.1110075579001864,396
33.12948657183041,0.15282405052166131,400
52.60633656329813,0.18754454863103898,413
57.49843658541918,0.1156734124253886,404
55.05970220758935,0.030190793953886227,417
87.48196832409667,0.06378254958523098,408
95.85930689520549,0.2615270285881535,421
98.992402934986,0.17661621766057378,425
89.74927517934833,0.1696783481826624,412
52.176072531257205,0.1817946445967331,429
79.58905894008005,0.17423249823799458,416
58.61134189957512,0.08873077640800431,420
61.755090398253344,0.12254576387527148,424
104.6502900934156,0.16151830089026994,428
33.25619791929939,0.15661772001511343,433
90.28915064136342,0.06988768613067366,783
75.03872798334538,0.12883353318070853,437
75.82435396920678,0.19482836379238855,432
120.73655787943449,0.19190169257142048,441
49.88327198319344,0.1686999788274111,436
70.2061026553263,0.06591132810410212,445
104.28516009118418,0.13772490992172348,440
64.51178061646698,0.22217580624368707,444
98.7938229093104,0.09097875065706902,787
86.72906292938565,0.12526792580910923,791
100.92949409373409,0.1678232571632595,795
65.20299019874341,0.04359906885975015,799
70.95945095457219,0.07042120793843674,449
37.500394103999724,0.1359889606198442,448
75.4152225329081,0.2184722934023786,453
116.41447955329551,0.11101288281304243,457
103.92615166226852,0.13268876814902383,461
37.66436465163836,0.05378476084344458,465
62.811926673319306,0.08591388108753996,469
119.47708414872523,0.1370518854270594,473
47.717793710042926,0.20927864726553463,477
104.03654346971787,0.23160070026346613,452
52.35601250901958,0.22663494623242322,456
117.03165202474837,0.1288514415117205,460
46.16716245950825,0.11789503245569828,464
78.48711062384943,0.1275791491151115,468
54.84713998423359,0.1270732760050219,481
104.52734809999333,0.17620372354773808,472
107.73529015918197,0.09568387118482898,476
51.901965848538254,0.11734111494424665,485
26.82689885359538,0.03131934409092712,489
111.38788494995387,0.08987265174328975,493
106.49909572260104,0.031208366988301317,480
53.12378832367969,0.18132476226340583,497
79.75149451640057,0.11703449574282605,501
74.58467506852128,0.08009476037722986,484
122.59162562428477,0.30088098329022284,505
108.35984754565872,0.17320851866895806,509
123.44951567361254,0.10587372387652515,488
109.68647577550257,0.019426883967383266,513
27.53555463356041,0.1499884950972985,517
78.81678905515516,0.03884355418546479,492
68.34980161068023,0.05292223241724221,521
38.24399380237069,0.117148078461053,496
58.38072629796466,0.17629449727376012,525
62.38310305281936,0.043139856228634955,500
123.85620831264535,0.2174736937290027,529
74.00635020991632,0.24302159195694184,504
38.64002319285348,0.06254220868052973,533
99.79648664972825,0.12485835398828414,508
115.62667495122348,0.14242012628341272,537
114.25259154682938,0.14826555721089912,512
113.32748929646586,0.20640784286912425,516
103.4561214768774,0.21380069931154028,520
106.90336445497176,0.06985799433409168,524
45.50215981818503,0.06669813293415518,528
93.35166889594355,0.08047541611347842,532
51.38050855187033,0.118785106778209,541
118.56569294708234,0.014586131384313243,545
86.27885520383758,0.20768055466690727,549
58.979155851186405,0.21819537917159587,536
68.7617409277071,0.147718085330182,553
121.85702673241553,0.1284067659293143,540
109.80390905385788,0.16961375724232924,557
55.27060341995104,0.07692166488679701,544
73.4680497416293,0.10969986531338492,561
76.00471762113789,0.02957864338561645,565
67.33722817712128,0.09972248097196872,548
32.86408429012106,0.09935908554551759,552
50.952729717688854,0.07928089293685871,556
98.33876373478935,0.1035750179823886,569
56.73760702714738,0.20242454851984287,560
84.32466151430364,0.039047544863580926,573
95.89471688194907,0.13025495471038567,564
38.660002085566305,0.06622550843080753,568
87.64977346018215,0.05487656572707964,572
119.02803102470787,0.0504579107838956,577
57.78040042505349,0.11102065032522429,581
115.74777394501888,0.11226980502388256,576
42.556544811537435,0.09016092069338046,580
92.71907353865062,0.13088008555894423,585
79.48176514867744,0.33660358083517417,589
26.184132031238683,0.21546731509982006,593
49.55186204095837,0.10333833216312652,597
52.17171451186712,0.0935404520532741,601
73.55966385936523,0.07411063500001464,584
81.35276745353457,0.19642149734460634,605
119.89707883662795,0.20614713210570657,609
51.72009530902673,0.017436816933781872,613
61.36663321839958,0.10016773967483393,588
56.47984268149481,0.15951192020116575,617
29.03257388532655,0.09277440395499789,592
105.11004137088706,0.0666988183884539,621
50.58376087499473,0.12009950567628405,596
104.09708840170029,0.029959162363283866,625
124.57385664444057,0.04543439629659397,629
103.71127719798514,0.2230951835893374,633
66.67261085556974,0.13095725297766925,600
87.96986017761853,0.14384015392544133,604
46.0127752170046,0.06354890594115228,637
93.24008172577118,0.1497643883482385,608
52.4717577528492,0.19806499840645048,641
94.00495742916645,0.08679495563312842,612
83.07138294709695,0.14523216562551697,645
120.66236382963108,0.024732892449105176,616
59.75849300440672,0.04716248779614963,620
67.29995329106518,0.029791185721051067,649
58.90406318599168,0.22554747124481703,624
105.58849376634035,0.06669209209327366,653
46.5344362687406,0.1808898019481061,628
47.403114622500965,0.06337260840501428,632
52.456607087969054,0.01890813979264054,657
25.74952563086098,0.043844943137040154,636
52.55968241999186,0.14869219134765196,661
116.19828907535023,0.15727927860982868,640
88.91686213881867,0.18197345691728264,665
119.87380333338004,0.09993401785161825,644
101.49950698066023,0.03747043748616021,669
83.75451254237814,0.14583958172179143,648
26.191048815822036,0.09898308509145337,673
41.51265034344791,0.09517249016014928,652
38.84575950594436,0.23412714613608926,677
122.99125201128305,0.0914389276246878,656
88.75673155767066,0.10470644872117965,681
61.85454225752275,0.06370002521944985,660
113.56048171454552,0.07541136912598054,685
36.92063325405691,0.06526406243308192,664
87.29885841343192,0.0535077255791265,689
79.70625619280833,0.06395759564583624,668
108.38191196005667,0.2083372474559167,693
93.09839327404426,0.2582376395300172,672
39.81033548689801,0.11832741419976754,697
70.01393228304778,0.13735862982219127,676
123.93133939387164,0.06225384008500648,701
92.01181004455736,0.18847499400088766,680
26.550886374111204,0.11175819824993397,705
59.70350405347267,0.12510551201200543,684
65.96714611205067,0.082559629738269,709
74.54405824403699,0.034927044522132515,713
56.1805899672089,0.04648014001063612,688
120.16234683436355,0.08802094248237302,717
82.14830506965998,0.1732225321654359,692
71.22620768357307,0.0726580205786717,721
49.170744887956495,0.06286882985547758,696
104.98872062494542,0.0780100246189175,725
108.30868819881796,0.09408414505919244,700
89.6918792575022,0.07162760752119025,729
53.97194309104315,0.07171479356772506,704
95.06354808403343,0.1280826226469618,733
85.9574739328288,0.21364609738249865,708
31.282648099977205,0.12039909728105616,712
43.674008189043214,0.1206032548620497,737
78.10588034949848,0.12748376218120597,716
112.83995783111853,0.12763102875882168,741
110.29163702486457,0.05646916307305804,720
80.78338108017047,0.037859064658201574,745
52.20937216492154,0.08663460233944062,724
26.14533539652347,0.06850078773296701,749
37.15131557803764,0.05262427540584082,728
44.98896404360957,0.03396976721410778,753
39.467776708914926,0.17145959256776655,732
45.60939667352798,0.09514247511992019,757
31.74158982256622,0.15354900788469725,736
114.14390583068793,0.08228919396594044,761
25.99487240432332,0.05074692145706619,740
47.27297889865856,0.11294932087372436,765
98.63708839129033,0.1120722273154609,744
27.79122723151054,0.0690934542864944,748
32.21403032386249,0.14487120679447366,769
71.00394419717243,0.2594348281302972,773
59.42923910420884,0.15821377583064278,752
74.34946189165746,0.15940803836289774,777
25.325774715956772,0.12713550542872407,756
72.15433677301561,0.10485251035415562,781
63.273168917198284,0.1081324520555163,760
120.21975669098815,0.14646749819314467,785
25.87419895583638,0.07814841328079923,764
59.871091751069216,0.25921709192096976,789
60.87153093811094,0.038067304742094805,768
71.65136409051108,0.2154250399673409,793
48.815726883618304,0.18392404528318085,772
37.43780410205384,0.20005657971587398,797
56.959476737596916,0.15605678675769916,776
117.64699538918387,0.09307664413253304,780
83.3651134037213,0.10407537661632263,784
103.88096079440572,0.279708164958116,788
119.17292150548896,0.16019817278176682,792
49.54891766688525,0.07756371853230741,796
