59.71378878769282,0.14054860350658477,2
39.383242915189165,0.1102216187031621,1
26.6330185501432,0.09454081080128866,3
24.19063238677127,0.04767303212554374,0
52.76757352350186,0.1831947556595167,6
19.228399564232028,0.09717172520041512,7
60.21813411191775,0.1128426892486123,4
72.2870183992695,0.1137869313186156,5
63.06684144932229,0.14508542253106282,10
32.56185210019882,0.157150712499344,11
41.14577026005013,0.10173309748307108,8
53.71393762928917,0.0804223045175964,9
56.135815235759935,0.05876039564168072,14
61.5610370720093,0.2600619594433691,12
45.14367716836616,0.1708599910328435,15
35.445932505312555,0.012895847288839782,13
33.89508990355298,0.1371922105180002,18
60.81248974853692,0.1417812156929709,16
72.14078473150786,0.0952619834370301,19
49.83767115996583,0.07443934024377508,17
48.97945078270126,0.18147527469947614,22
39.11924105252348,0.06914007701501389,20
38.633227098896484,0.10836246607463727,23
62.11076283872616,0.07037913835265523,21
66.12823743619572,0.19807813097888097,26
24.16717101691267,0.11714707736499944,24
54.7089639281165,0.20669824257764413,27
66.18133570326745,0.08528962056131985,25
39.17398136361553,0.06902112728029312,30
35.65732900667433,0.09838450364909444,28
28.79641149232033,0.038881046232740496,31
65.07905552211932,0.1198734879746273,29
44.40830595197416,0.07147834262402732,34
43.104413493396294,0.05126831154062003,32
59.53171379664206,0.10047124277929427,35
37.965738050817194,0.00816057607611737,33
56.97189315554605,0.16592362555558474,38
29.069223883905384,0.08439471310446577,36
57.34890650816902,0.09446069123234492,39
64.04151049831304,0.12243439126404412,37
54.67257720756412,0.1453642059033051,42
67.23149439714055,0.08024128169818502,40
25.188629705942827,0.14518189526849026,43
36.91955302098873,0.10489708389491964,41
17.074692509599682,0.07476763057568893,46
71.10283472360733,0.23498936676955187,44
17.572539363442505,0.1285063616098813,47
24.75057745355795,0.18196050802142627,45
70.30179131603798,0.07243747203660564,50
73.73822453439479,0.05641887726267336,48
30.818981017717558,0.14514426838162026,51
44.92234567261053,0.14089218299469183,49
72.32455066541195,0.16344899682563463,54
62.15428034962454,0.050673147630111805,52
56.06486309231307,0.0584377501406495,55
66.33505678464081,0.12197309987966903,53
40.57368882582952,0.09131518101309839,58
57.56159883655979,0.18850183258030062,56
41.43357884170087,0.15955551871824278,59
41.01830634327362,0.22410012919616187,57
40.71009436084887,0.2048356343236844,62
20.70319834727163,0.18920382083895898,60
72.91605282751541,0.2711142644656801,61
63.940760753307856,0.247102228545654,66
50.444867760824216,0.1682067644882911,64
22.792614970319075,0.109115363596006,65
65.51650101518008,0.10454526558319675,70
54.265445917691274,0.3078447027733466,68
20.00943160777572,0.08547148753516057,69
26.222358819688385,0.07314900671072642,74
23.158003831197718,0.18376407177700121,72
38.9286471734449,0.0866133529759129,73
30.734452602950284,0.18976454371752938,78
60.90294591380407,0.08113172402562163,76
70.18783648636472,0.07981243484064261,77
71.28009117981344,0.11673678973768219,82
61.5317923983975,0.027847815606270133,80
65.29916650798684,0.05116706531234475,81
15.072533394095643,0.08707927953365807,86
56.00469008974662,0.08660000133198492,63
56.269791915833245,0.08153502919351642,84
32.09340478054553,0.07911224729066194,90
69.5976614709809,0.20690480921555177,85
21.692337987487747,0.04684600383516285,67
56.869936921621225,0.06511924856778423,88
26.410613301542288,0.10271410835024929,94
51.450050988353674,0.05896403294999713,89
18.81943512938731,0.08080783942686626,71
18.09998115417174,0.12784551805707597,92
42.27747861650217,0.20954937697441825,98
29.061441821425834,0.05241031778557207,75
31.45541004050088,0.0708329961683992,93
17.53363239908849,0.06851510782425732,96
38.882888143343266,0.09865374216305417,102
34.87046099618321,0.13507181239201413,79
27.22429753485521,0.08113140039614003,97
52.961169665978254,0.11239403888980513,100
17.65998080240444,0.12783986185699242,106
19.413381753251535,0.09873632708687766,83
61.274731788157176,0.15650500459987782,101
56.7662375614138,0.06738019988965874,110
35.70761553987703,0.12215510554760207,104
74.6526099920263,0.04538290246912712,87
18.38706466413755,0.1173617878749827,114
48.410019755936574,0.21803765620848226,105
60.206011560285376,0.10361757154370493,91
61.60839095503449,0.11753986363902127,108
26.53945901711561,0.11646827638344973,109
62.199560878612715,0.0918081595658816,118
64.26335021086075,0.11717037059261093,95
65.01517297951631,0.1593830897724976,113
70.82677645092728,0.10880623225816335,112
39.14760238608072,0.10260583776147379,122
40.287918955238645,0.058339283869429784,117
72.07149299391426,0.1254649165129996,99
60.18359605186617,0.04713258347674572,126
26.788982113159953,0.0973681524033269,116
30.637361013752397,0.21579987053393387,121
25.31837338232811,0.1886968810867912,130
38.34229508681901,0.060593391587931325,103
29.424009970996412,0.07148472475659973,120
60.19174637212527,0.12501450234275088,125
74.98271583215141,0.18334376081752501,107
38.35348518241571,0.11367939107758813,124
31.081326596552824,0.10147186561392474,134
30.06961829751674,0.36237448128179967,129
40.05936834405803,0.05181141380432191,128
47.90388593229453,0.09330633527188154,138
65.912475099152,0.2043569581936458,133
32.659982986096,0.09910116453495069,132
40.13574853435386,0.15200178667554845,142
49.68950206273712,0.06875597057025372,137
15.951922974963633,0.07315402234824588,136
35.15756216756165,0.09166208970855338,111
36.77908797533211,0.2619006269287325,141
53.88238930812272,0.12003760511012583,146
52.363575982051444,0.11699127173015791,140
17.365358302277862,0.088380403718549,115
64.73566713121181,0.10727699630577812,145
71.18685079663305,0.05476974452997797,144
41.594128481449204,0.16488974371731943,119
16.975064692268912,0.06681073882502793,149
68.65899276803464,0.09548355870774661,150
56.26335775626718,0.0597495489077664,123
56.288118043247785,0.08833294680769216,148
61.60236596438369,0.15074458095629098,154
28.826203917880697,0.16850586433420697,153
62.99951243902473,0.10045090457145411,152
22.00374729737269,0.07415143340587176,158
70.61276538840303,0.1448579699044722,127
54.449763278842674,0.18133694801168948,156
49.95495600576609,0.14485927617773584,162
22.03464225068436,0.11018929000450656,157
35.49887885289855,0.07681798520280202,160
49.5140776645724,0.10197346419803,166
60.8634883831158,0.11655925583063576,131
23.165449181746098,0.02379320877982169,161
65.17685699482912,0.11353457919575477,164
30.350156648548754,0.09826695530527757,170
67.21483799573508,0.04146904968185169,135
31.54790333817693,0.18206498897058754,165
22.503421711604524,0.07750992920830739,174
40.36703127993718,0.14378217963843593,168
60.6602756436328,0.1616726119864439,139
68.05623037667141,0.08411819040044434,169
55.72938661290957,0.08379610083266435,178
28.713635656296155,0.0677604053580687,172
53.92427949207477,0.2539340906911106,143
74.37682217869653,0.19160566860850187,173
46.60581046559438,0.032329192698926854,176
41.47384804847724,0.14136491124891903,182
40.24570379562523,0.10138522397595809,147
24.118657426495226,0.09373888176253357,177
38.124503145687214,0.13559939730543924,180
32.29831817456544,0.10009430754969804,186
59.856861835354884,0.06516625898474956,151
61.2139458994049,0.1356054587050597,181
20.426886866921322,0.12216704605441282,184
20.305964667430118,0.34748493585392504,190
61.63996846829579,0.19468645280134733,155
43.092712190815064,0.09579086503262117,185
32.5682792708224,0.0995111411989233,188
73.42033022315937,0.10248271841651752,194
42.9857064631501,0.27472844083506315,159
69.54575353562046,0.14273784891665606,189
42.5478170772188,0.01989013686611275,192
55.457865120108345,0.11658084982756463,198
32.15980197011863,0.12521743967812535,163
35.18622821705992,0.019380381265830263,193
24.01730636738378,0.09073909023001078,196
52.79212294032112,0.14110440937635213,202
18.948351995726583,0.12236911100739845,167
44.548565860162576,0.11866007173837118,197
68.6462555797408,0.058176621699129585,200
74.31703769174777,0.1535310401544816,206
51.71234686568787,0.19589748108870342,171
27.29312942268386,0.06644738109349109,201
49.03934434028135,0.10136019285464211,204
15.249896782593185,0.1489446011711416,210
19.99163069236839,0.04880288896390738,175
42.71432335210176,0.10107975309830149,205
41.105345614652,0.06436278646684981,208
50.19227320545389,0.11811751896537262,214
69.27609278674677,0.18965310215831677,179
37.30332913699651,0.11508965547903352,209
45.691049199459684,0.07108657595617161,212
32.18664869895643,0.1479654876536908,218
61.57247616648569,0.24237749376052675,183
71.10196943362061,0.09274682083488217,213
36.58535743605033,0.16101472121575022,222
31.703005809641425,0.027759879463565635,216
58.037794771632214,0.08445707472943109,187
41.737942825630924,0.20461448778909827,217
49.731209194770585,0.12107252399717941,226
43.628923658607235,0.03801555566127555,220
21.994988991929187,0.07079420109008437,191
68.78195776809098,0.2388935643392716,221
73.2171716106794,0.11411268285931242,230
20.061711994832308,0.028120469624133212,224
35.82738596911786,0.15385254764820497,195
57.54732352126921,0.07236538068762115,225
19.34941334312716,0.18031168574357656,234
61.89351658889542,0.12049225343733594,228
45.68763314453135,0.21528458839546594,199
43.46790479811729,0.09357587245155619,229
60.24389091739481,0.07463542463888477,238
24.472160445631026,0.28601682513137944,203
37.26115120743711,0.11475222605291058,232
62.17763760766633,0.29905902888597574,233
70.03297631653308,0.04752870643664209,242
65.73028633650814,0.033369462405802484,207
22.41790086409609,0.12564042557157926,236
15.422979338712953,0.1929601113929481,237
43.78497483601002,0.110427524877037,246
26.583254221973476,0.16292078433690918,211
53.025642775028736,0.09438543914251546,240
68.4517162959012,0.28868573447411777,241
24.565325079587886,0.1724641251350221,250
29.78838463338466,0.24135474960723846,215
68.59419474770748,0.1426568339450143,244
46.55654489050482,0.11951313859680009,245
52.89466128348282,0.12494337637663017,254
68.28880851305597,0.2825542504075996,219
17.369343750549046,0.08816075768951853,248
66.36127938011118,0.11826189098579692,249
70.43228057737157,0.14767137818758458,258
33.241432485636665,0.1693258675378505,223
15.44532324289335,0.04147975926903735,252
53.91968581475901,0.1269734790889495,253
59.51218065815236,0.05751553869698527,262
35.713444933339645,0.052229696944887265,227
55.86274817043286,0.16005136533647096,256
74.70210073802977,0.019348942833015484,257
71.90226488105982,0.06429940467966393,266
65.49844076763588,0.075354359270416,231
20.591037902448544,0.13922227820820082,260
29.17848344430398,0.14862020203915446,270
36.26333583376983,0.027523734477181868,261
60.783266631881595,0.14716781876687116,264
56.86820271987003,0.21402416174382652,274
26.813470031723476,0.17405803493143548,265
73.16190627921353,0.11191673253076065,268
33.8332417776831,0.05584559610624227,278
54.73920780743976,0.204639161725874,235
17.27383535832519,0.1296175510607088,272
40.79977491582519,0.14794398817266338,269
74.26041935181556,0.25306399302623434,282
54.954485175272545,0.09858270423754022,239
49.73064949418075,0.11658857941595485,273
19.769900718988538,0.10319220477972946,286
68.0959513593764,0.061703534470446436,243
33.4563752232004,0.2178372730035298,277
17.01846103033897,0.24204861694337443,276
53.23187392840907,0.12822790562356645,290
60.58109571341764,0.18339236187484725,247
25.679935713081967,0.1916950431831662,281
51.90462590844699,0.10696277934055981,280
66.88308184938249,0.10170823168612309,294
73.43237351036221,0.016476229379471543,251
74.88450222896422,0.04772194709665226,285
34.632516838281205,0.029165995736345676,284
35.64360491405116,0.04332044693649173,298
27.553557941502397,0.0845192258469451,255
62.42064122797019,0.14207077621905348,288
34.33162606032709,0.11546210498253272,289
27.12372194581893,0.09372224451303801,302
37.86333074306409,0.07730758171212959,259
17.26023347429512,0.0649345408602657,292
58.82538575596176,0.14177199895678014,293
69.78430569313815,0.1614525546367145,306
70.79445580123212,0.11898367906020697,263
64.32902767870209,0.05445051531195788,296
72.27873630691437,0.16257332489856358,297
55.69807786319824,0.03121980841336913,310
36.69406802570902,0.15374578990934082,267
17.39268800082261,0.12626138110246796,300
50.25910097486113,0.08183583872756299,301
24.77358901598904,0.09545866624781102,314
66.75088436817745,0.10924701735481396,271
50.0065041174309,0.09261408014648342,304
47.64604143852151,0.06978845956168715,305
74.01772390157745,0.1976819259612801,318
51.28820138928199,0.17022967280217294,275
17.480615866993542,0.24397422248194123,308
63.735768355761856,0.19719923305354675,309
18.134403893362382,0.13862681827250228,322
39.5579441910614,0.1224143258358928,279
32.70994220425722,0.17900413723726297,312
26.117124797925023,0.13247914637071226,313
37.418784964652104,0.11664142258271677,326
43.01216507139493,0.045642382557717,283
67.88814626349222,0.07969537631507582,316
28.68031875128338,0.23959868091736483,317
49.48246207052449,0.07349704460175809,330
44.47429705786813,0.1289303062765627,287
61.763653593491995,0.07738299049708897,320
49.55134163106721,0.1307397362082408,334
41.18877162123114,0.17374613907712774,321
36.93218581529527,0.09220983623060876,324
36.893697986242714,0.08700801896902355,291
45.6196002179654,0.14034894900505465,325
54.742874912423204,0.11348573854137776,338
70.60376403784532,0.16117018904240024,295
15.255012951285842,0.13035914152082034,328
42.680286895637465,0.10878489305643878,329
35.87424390464148,0.07071335262103912,299
32.23430853075024,0.0610061504239261,342
59.34328586168458,0.06058610532954367,333
16.024740491393963,0.10984585615245256,332
31.468202093556286,0.23671856652689716,303
72.54133205794844,0.17490082879636884,346
33.29253678645213,0.21136228354448058,337
44.530613581285465,0.02652707599595602,336
53.02966119814694,0.10367969938245586,307
32.20941252379916,0.10703545923999554,350
41.07199140871755,0.1139004253613037,341
42.72699550620513,0.24247263150129045,340
26.73643454289019,0.17963315320223727,311
21.60954154605875,0.10766949946397478,354
50.890360180711504,0.02835004080316171,345
62.02270740851844,0.1431378376629927,344
43.00374048944584,0.19447781340171494,315
63.047733735685384,0.06023075882026942,358
48.04667003047639,0.1484072145055654,349
51.997399562208294,0.16239477660207968,348
35.06451046971266,0.18521780440904137,319
58.65383621889995,0.15596361342187537,362
71.36166255029511,0.2438841673520213,353
35.61495514617523,0.052032927361736384,352
28.97868379048775,0.18997557462919146,323
63.106662348685454,0.18556043261236066,366
68.72319036719472,0.2941093907544422,357
49.65216134294378,0.1459944417907613,356
53.13496128430376,0.1532804256762168,327
26.014293170340935,0.21595916751345548,370
47.746762515266965,0.03452236356792076,361
57.083251915478435,0.11952593373088732,360
30.72012683882926,0.13331600312990036,331
38.69179284989812,0.029670271228234863,374
27.410603254330077,0.07966714636987832,365
52.720992448831666,0.18017617588278037,364
31.212217336579926,0.12364691661742984,335
26.148354070484224,0.17619836994479848,378
49.09536301497099,0.029721272364484,369
16.895157884883044,0.24875874278096208,368
49.02333581705945,0.149471673290642,339
24.507519937880122,0.21883779497242292,382
26.452980020130912,0.17297072925895332,373
36.39080335522492,0.1746337630191364,372
68.64793114943537,0.1433519029788542,343
63.49830123607854,0.1957087335885995,386
44.994326190740495,0.14718243022289476,377
41.83646305057908,0.1348267487444416,347
26.356781989590765,0.17273431791742197,376
62.67818591101965,0.16449510070747403,390
41.39151464602606,0.14134252514100237,381
17.869185814695992,0.1271467120657099,351
65.17618144217647,0.13092369517818364,380
16.887768962990915,0.2129135608332714,394
25.392842186209652,0.18610615983044865,385
26.021673966151553,0.11898548111291173,384
30.027674043571768,0.06826293390875847,355
54.5246333903035,0.04297171120819736,398
32.10503312002071,0.03966623832615171,388
18.017976155597495,0.016245412950693785,359
59.57959192897584,0.13353391272702325,402
38.858917512587496,0.15277595409066624,392
69.93622389459155,0.04444081123543466,363
70.55418694089263,0.07756454409728945,406
43.802775491627216,0.01397039726445194,396
36.94042622350429,0.06471497844422747,367
22.757062065517083,0.09480213966209358,410
70.4305727761529,0.3317494106911305,400
61.97324248558327,0.12744036880946952,371
67.02969575024926,0.11724032753270566,414
33.99320933736571,0.19397059742198092,404
56.671270345217536,0.16726252074485518,375
74.5656298027417,0.07890790636865519,418
70.45940286137655,0.06252151027508127,408
65.90411424051183,0.14115112273282532,379
17.8180799083489,0.05816018610439216,389
66.16666818730312,0.04500495721261324,422
53.34818146833834,0.16865725650566638,412
66.68148995384396,0.16000756477304845,383
71.08035390739111,0.09230190654374842,426
29.59301030164972,0.06536264015109014,393
24.398699908415395,0.07311728099027308,387
73.38795346169744,0.13497860268818587,416
34.33663114146724,0.15936710191466721,397
31.78674976281509,0.22051712652118116,430
19.87615708917529,0.06055170197177249,391
64.69571457368495,0.1915289050093379,420
53.78216841462535,0.20944906502853594,401
65.431879974483,0.14032529801147606,434
44.30448763718098,0.07951527851594731,395
73.47262138585096,0.11793740010540649,424
59.08955219141863,0.11912767842309135,438
36.41415533872784,0.04049972419328171,399
21.14264790883793,0.08170233531750148,428
54.7364185075215,0.09455620004887498,442
74.3300736731019,0.2582504422492943,403
74.112319604047,0.04596980401957741,432
74.85702442657309,0.1166331382778098,446
18.531721514113425,0.2322480208712796,407
48.827179739545194,0.11003424783512557,436
34.28481800951679,0.12510760934338527,450
65.04996216211683,0.09678391784911286,411
40.859842251200575,0.09735170976559687,440
67.9475615350334,0.13891584844447244,454
58.219379100632366,0.08687069150821553,405
35.45328468148662,0.03336067050573368,415
71.91052927774142,0.0851979661529081,458
65.30711238200178,0.05457692463421363,409
71.01030966638544,0.21084050024710155,419
34.98839132794119,0.06664327761559623,462
18.054881114780347,0.037205259510933335,413
49.984668515185064,0.30039892630872767,423
42.38042530984465,0.213068671510865,466
43.47947083863323,0.09554408967408688,417
44.374101493064984,0.11986139479711909,427
53.834208583598496,0.14859510193000977,470
60.62321855367139,0.21778772326794754,421
66.08237290677909,0.12505739057428475,431
22.278401327593258,0.3159588268350908,474
53.70853227167868,0.07581222517583608,425
19.106479710461237,0.09454894609930828,435
49.649196165001044,0.07717109024119108,478
56.030627060541185,0.13660687579966213,429
73.49494684997671,0.08649277656076881,439
18.957696584264248,0.03667702067048659,482
64.04768558622582,0.13112212846393376,433
18.704292807245835,0.10033892443874746,443
46.39067000022327,0.11838312479244778,444
73.14574278263918,0.05973646086954698,486
59.24450780347184,0.18953457625785802,447
52.37491830053975,0.2779998256644919,437
74.65679402996439,0.1490710430193792,448
66.81970897899762,0.18398406021108368,490
52.65476968923867,0.05388267286584643,451
21.83423488258883,0.09172793296361559,452
65.6768365404923,0.1051506676036797,494
21.074198205691495,0.10904527244250568,441
69.43642911237326,0.08473970022458281,455
66.57306676453658,0.08109877378001917,456
16.745972147721716,0.13116376038612737,498
23.51708081441119,0.21770128793950785,459
16.44872493479141,0.15669386036318772,460
37.879223671190516,0.2215851579239992,502
49.647862017968876,0.020246334303109317,463
31.728934393266176,0.07022576867505602,464
16.886267618508473,0.05301332223309396,506
54.23745652590444,0.19851816443147938,445
40.38089555299585,0.2719914158395251,468
49.244680955934996,0.09553419229514744,510
74.63656968978366,0.21982328226848666,449
23.646115321584748,0.13417017872171594,472
38.70785370434376,0.14364671208498342,467
49.79508265285632,0.2288291924961373,514
33.66112424654015,0.050597814056207835,453
73.17772362896724,0.2526243622293117,476
22.194849354071636,0.053799969051001706,471
31.773692346209973,0.168178148842431,518
47.92249792366631,0.12325854788375495,457
61.35285773213855,0.03701430982503156,480
42.47296508004149,0.09248115198181783,522
67.56587499495083,0.08156770150870646,475
71.0993044870273,0.26643974293800204,484
43.04938985980243,0.16035995230706507,461
61.2850129904792,0.13117582976365957,526
53.18556720661718,0.24912391371116205,479
56.63838625197185,0.06477605131775126,488
73.7270688120366,0.17319521494833323,465
71.45535910357367,0.008063396715960493,483
18.013696889236858,0.11904491235529502,530
31.007910710601575,0.20116631629976528,469
44.94823149587575,0.2073203211798576,487
70.6125144798881,0.14112350665165596,534
39.18860934001714,0.16869551431684804,473
26.382937910033643,0.15685485441648817,491
17.319602776314813,0.07063500145043576,538
33.74010250399925,0.03854982116060798,477
32.535953128426414,0.07202195929202995,495
58.23992126782844,0.11203537474321408,542
64.83881632255427,0.125226522067964,481
74.58697173555241,0.1293875213808597,499
43.71168457293699,0.13881277206424822,546
63.96624336220508,0.24925372049802297,485
27.112369857854546,0.07782233099860335,503
22.449817596467092,0.24366255589310556,550
51.91558173176377,0.11960216154309822,489
69.20830967015588,0.18431155175717612,507
44.30888882161378,0.11606992177316462,554
25.67462073747106,0.10624711077920626,493
51.69422169409112,0.15752931246066845,492
40.1601549022606,0.18164097834404952,511
36.28321039096281,0.14601363677582202,558
73.6329235474563,0.1307974091834539,497
68.58500201466171,0.1934102505728459,496
36.10089606938547,0.049479144548911135,515
28.06998073070332,0.08145861665851994,562
73.16020665371447,0.07003231567701379,501
51.507788649271774,0.06949748617473904,500
67.18826909470218,0.05482469321950095,519
42.23558491938405,0.027103732044644602,566
45.20289577576694,0.029455408907406812,505
60.27605706853619,0.10212669897599476,504
67.24669736441365,0.06847621167414562,523
23.270728251719632,0.1554061341139784,570
55.3950206890254,0.09590731245654921,509
61.04304937163868,0.10260114912455782,508
45.392331013963855,0.17650686893822484,574
36.25038722201731,0.10790445739547223,527
20.79101494324619,0.16567589661700755,513
67.9959803461609,0.1912623624173858,512
17.547131480103218,0.0613602628014496,578
60.73359693734487,0.142049961232772,531
65.18220930008687,0.041527572441700245,517
50.63382347600087,0.1444804312690374,516
21.53111637447631,0.039850414608008755,582
53.96501958145601,0.023279144341507838,535
50.328967599081274,0.22150974466024392,521
35.368133571420316,0.07763925873191097,520
50.47322638247211,0.1502487375378041,586
62.18201366559985,0.2503532007234044,539
54.03302744092665,0.24648576561634422,525
16.31279663290629,0.17580710962789808,524
50.521470001156224,0.09015750076130077,590
65.83481919472965,0.11018564326776598,529
60.1858965650283,0.097650533722872,543
42.13096428089938,0.14825421319156326,594
26.146234464123815,0.05335487893087054,528
21.712776486655905,0.24900439458772228,533
55.403351563391844,0.13332429418752764,547
19.681515121972453,0.07212092702872065,598
38.10419978196466,0.18071238718884108,532
59.59861356064692,0.07856998059941227,537
16.565925647986127,0.15112095292977937,551
54.440526168414834,0.16763457931372838,602
57.649970245359064,0.05124706056053289,536
62.57707001326342,0.34200651432488594,555
57.87979195332704,0.11100225952071781,606
42.51353051234585,0.14943545180806167,540
43.742109937689605,0.09175312702552024,559
21.398030487203634,0.04875479623357601,610
60.08634309832322,0.18882023996520175,544
64.45527513175024,0.06326773768298537,563
69.84888292374634,0.03367379733872647,541
63.073935345264836,0.12392325419216886,548
73.2449110834404,0.16264194368115967,614
40.30633635562873,0.09391799472669013,567
21.416422686571742,0.0823465195797488,545
26.770497160698564,0.14526185280244144,552
30.97455911862395,0.1608115087461729,618
54.43050027115862,0.21036461047490498,549
65.09213503700343,0.11002131036054721,571
65.70286241866279,0.20638389441991972,622
25.060937015798515,0.08957534887132253,556
59.98775437158393,0.030223423344697787,553
67.31858311619595,0.17876034272675237,575
16.308248545408023,0.20541470873488735,626
59.24209993583472,0.18953160588993917,560
35.13129829763862,0.1841418438950868,557
51.43973945902196,0.06882834563938525,579
49.292510756892895,0.08914603967877434,630
38.96608812617615,0.016134793770128247,564
37.21555727789497,0.17092803468847473,634
66.31362150637914,0.20078672595623548,561
42.351379991495165,0.15482940206395818,583
35.967423091273204,0.1056628598830321,568
35.760957806302514,0.12036547984779944,638
33.736234515831754,0.02517807209147162,587
59.24615377171569,0.09343983229440048,565
46.560705727541816,0.1583094450035395,572
28.69503968929813,0.1258632568930746,642
64.72941808841159,0.1643451159758024,569
56.69148461988071,0.08143114366324526,591
15.032227353723464,0.2142357451441781,576
40.23687594546239,0.23671666353184465,573
48.21938306929939,0.05529437161611095,646
29.04787617388254,0.10730082993705173,595
43.97545603406192,0.07026443988096044,580
44.891981952031,0.14491772630417513,577
66.93510587082676,0.23354599306065715,650
62.284460651117044,0.29376802276859776,599
41.94712931358721,0.12760256129264502,581
60.11426095111374,0.1477724379863229,584
43.36659079342746,0.20225524595702235,654
37.51533134519411,0.09821373652977616,603
74.4562719472838,0.0906816050925563,588
48.63664997287208,0.19335641072146093,585
70.78415880428491,0.19858922770576107,658
28.948080567270797,0.099450356987577,607
20.27525381903965,0.20886358504580727,662
28.037434871536117,0.1386764525118612,592
53.15182433200122,0.1426817124177394,589
62.76671689310314,0.15809731949954253,611
35.361824716310934,0.06490294179960102,666
71.33247047575226,0.05668323453325235,596
64.87750006560194,0.18536899413780916,593
48.5936828968265,0.20329789083249206,615
36.67466763893266,0.22950133288827304,670
65.11113638455255,0.2521274236212375,600
65.10862458978869,0.14445334580518296,619
51.08785289176428,0.12575364642469103,597
73.42320654342902,0.09317370043858975,674
43.8960817966013,0.07187650813245493,604
60.34324432814145,0.17164845633599363,601
26.68587348611702,0.0897330807344146,623
29.227931068360235,0.14556660319329215,678
16.891352254485884,0.14482422623031652,608
53.51552218908967,0.03648460288366305,605
52.307568646086956,0.09594381847678979,627
66.50724095891056,0.14222734565337414,682
37.3195666217992,0.1884440767703348,612
34.286399979355046,0.15426484585371034,609
54.92461477275165,0.15054693922463644,686
54.795779434818016,0.32619179295876766,631
65.56505610543203,0.22657488177508484,616
35.45454813927194,0.0991055132138741,613
21.299839360097494,0.17403563818452303,690
26.69785851990565,0.15225996499059502,635
47.99344251157565,0.11994926686670289,620
54.62927095840031,0.10086729090380508,617
41.300860831981794,0.1700673568668577,694
17.216157389507256,0.027646508443337398,639
63.855198566764,0.05857067968197514,624
62.06992532786641,0.09804456513104544,698
21.246312841505226,0.15066902774633292,643
53.839355959484685,0.08311163602551508,628
53.15968512231051,0.16387726716485168,621
39.22435793706152,0.07550543632317158,647
58.300379345539696,0.20766730436660727,632
48.915738489409236,0.04221143707754937,625
74.53728705695417,0.19453923705519305,651
41.67967771110437,0.008474657792886406,636
16.286921988209716,0.08067140463088858,629
44.11806120750826,0.06861834939456833,655
31.43191707164398,0.14131205542276218,640
29.330444070840574,0.15985931802949932,633
33.959449683961395,0.17434560421413803,659
63.76931198535439,0.049787034257074536,644
56.99864426542964,0.04883994253150451,637
61.28620024779488,0.08849663912300333,663
20.941627849446604,0.1044784211287812,648
32.681304544796234,0.17313219553043918,641
39.04271109458943,0.2081161878933766,667
72.61605961091323,0.2144396368891005,652
46.74934657795848,0.23019695008182503,702
67.72353009326898,0.16756459907059437,645
27.76506225445246,0.03982400214144089,671
61.34547583607431,0.12091261700225245,656
48.848561825158924,0.15915130572199854,706
35.959320328073446,0.09137865023177363,649
22.63360671770955,0.2382503039265818,660
17.924112418010118,0.18712735828110114,675
47.195823320964955,0.10424686177653733,710
46.80642484218626,0.06682966622760927,653
20.85979408257311,0.08247357841471387,664
51.26351315645225,0.22955847863768022,679
28.085985634677648,0.05640217767509025,714
39.31608388059321,0.02288837027443359,657
38.17070910334996,0.14407118732382762,668
65.35033210068093,0.11698138344925016,683
42.214978364289095,0.0798822432195345,718
26.34640886223726,0.112091964510621,672
65.00389332820882,0.16423992162013548,687
45.025929452379685,0.17094329641174666,722
68.4389715093887,0.1751630085664579,661
65.55367620646155,0.17051969853997825,676
21.65700464344644,0.11149839064853412,691
67.22924393089588,0.09977616228337921,726
69.75852705029118,0.1734718166985031,665
71.11899588794371,0.11216943157411392,680
25.319844266799173,0.11593648910842347,695
67.11264894145678,0.07805618612650428,730
55.171824288226645,0.22415323477098215,669
31.750529397927394,0.26055617264482883,684
37.66361542664413,0.11008376639129369,699
53.87893425487994,0.11818616184940155,734
71.34645500597244,0.05837418962676747,673
52.80105105810716,0.40996321622292253,688
38.26400968528344,0.2007699062435863,703
36.677918536461405,0.19676647012901125,738
42.32501643308717,0.1999191941788339,677
34.053572803466636,0.09877875330410528,692
71.60547531311666,0.0677544759623975,707
46.073884653997574,0.17945295963684327,742
68.9611584964878,0.13794649528336364,681
51.06975388146694,0.14381793332794893,696
37.617602285139114,0.31334408078259873,746
23.87087516810731,0.016052010686370907,685
35.739400858356596,0.0646416314469324,711
51.50072930179221,0.0329578278220975,700
26.219923565731776,0.10188723290570074,750
40.677162974718755,0.13585878713358843,689
66.76488754698232,0.20881687049782674,715
42.826140888366055,0.15184343656296617,704
52.164564061887226,0.13905869085564673,754
31.750353098574866,0.21835877650297536,693
24.22615778391593,0.09677338335339973,719
38.757920452864674,0.034364890696022034,708
65.76729698476521,0.16430914104316324,758
27.156950205608677,0.12100820939134405,723
18.838973390646256,0.15790402676456772,697
39.141660859547336,0.15435374721717424,712
39.84660889904539,0.01769058413197975,762
66.02502553274718,0.06837827528191505,701
48.141050488998125,0.16735879560898959,727
31.180157366990514,0.06133318236504252,716
69.57464599278723,0.15700883558015924,766
60.105437440495436,0.09073791113754812,705
20.24158015699091,0.1455485677204214,731
36.049187686703576,0.001672907893425521,720
21.148328600195434,0.2685555767491242,770
43.259642229082495,0.11420754380550509,709
40.91512009005486,0.23220517507596275,735
70.40992750969565,0.12993730826748015,724
34.41153862695453,0.1201587255255085,774
51.85341526938408,0.09234447244066978,713
62.197859347033,0.1438887740698531,739
48.945013881304774,0.08859610196691936,728
47.833981656744875,0.22594257691704797,778
61.614580206672315,0.06468626012404437,717
49.24542160180383,0.16969211069323106,743
32.40646845857292,0.11325163220407071,732
72.9499000702934,0.08131848095143099,782
56.84453652824606,0.24791319304011528,721
47.277439552103175,0.07945701658583651,747
32.097947885541274,0.1047902421015992,736
41.00082201784605,0.10655704678616576,786
66.65672133408256,0.04172720714919931,725
41.980424569108095,0.1057447885069741,751
74.15790272194161,0.13445552991676343,740
18.082327611532737,0.059947143492613764,790
15.024850030165993,0.03183766457810984,729
56.65235179408382,0.05445543532433367,755
29.666893078010514,0.19838955282275916,744
72.79891025129837,0.21371882673985418,794
58.300093391857416,0.059927151078702605,733
53.62028521352289,0.19195972810703973,748
27.223022595409468,0.08840642320444905,759
62.336484349940804,0.16627551108823085,798
57.9691775425473,0.0769582417998373,737
66.182115437186,0.07087594054665877,752
58.521987497001334,0.03500834081461495,763
36.79569389651958,0.24039456486097796,741
49.008560328622984,0.0674367527378239,756
42.35433919533111,0.1403184561763473,767
60.25890725556595,0.1178452434800513,745
46.87778593574265,0.09282244312348728,760
58.0515821590194,0.12081307646490838,771
15.534555495227744,0.08360017975193557,749
52.17810723462649,0.165991286333754,764
16.5343646543987,0.1607551196706867,775
33.816213194167155,0.18403529716873962,753
53.70180333608707,0.170738781298812,768
48.33893261131506,0.08392484631816402,779
37.44564961793254,0.1143574963147862,757
64.8405736927953,0.061082447659639154,772
28.97207356470925,0.04973452606813004,783
70.61425765210976,0.0837210707550029,761
24.664394375952817,0.08412808318981851,776
68.47970907603221,0.08881170594975442,787
45.52818908171925,0.15521777333154396,765
45.286326717087036,0.0768511432158251,780
27.011860570505686,0.1124775877344546,791
40.20038493724235,0.061446130856956487,769
41.250376872156934,0.025364123342781306,784
51.15289493767673,0.017538850575019093,795
43.12433262251602,0.23663659296880468,773
37.34951304942456,0.18712641379234363,788
54.049965668904406,0.09189876011677528,799
27.941338072253117,0.1345085056445716,777
58.04552938848394,0.07787080653624619,792
51.106038412900354,0.0812421796906429,781
67.5850751215068,0.11350877464944933,796
34.694789633548424,0.11234298081715954,785
45.1973247382231,0.035709633360085695,789
74.23211427271846,0.13067382360512642,793
64.9139318536547,0.20330002444904324,797
