10.459862490969794,0.17862365998337976,2
10.74767251097489,0.05397450846995542,1
10.516357055263802,0.1504898370556961,3
11.098550901206726,0.17563243722335145,0
11.108149582581886,0.20430093002429994,4
10.982462698966696,0.05296785409701911,5
10.697468458615,0.08773514064759519,8
10.969698967319841,0.1262978946869543,9
10.068128102070583,0.1738597517267705,12
10.191335428807081,0.13223642042733214,13
10.651775728061756,0.03531959395291282,16
9.678629074894502,0.10839201020913757,17
10.826568013985677,0.09638153122286175,6
10.440050172949197,0.14623043474710867,20
10.479543843544509,0.0631067118714208,21
10.927908865623001,0.11366004232760535,10
9.811967115047187,0.11395987849860667,24
9.670187963763643,0.1173985634989102,7
10.325908561929124,0.050596549378460046,25
10.470542350940246,0.3405039963743759,14
10.396712790057773,0.025138035608444305,29
10.664930472433308,0.05859744792346786,18
10.052124679750927,0.026928390681021253,33
10.150556421892526,0.10147518560702595,22
10.775796730895845,0.04552194153702351,37
10.252559203116201,0.2214514714158996,26
9.882348874069656,0.1281493899224357,28
10.631411387328539,0.022261472668846944,11
10.407291025381197,0.18487511347910357,30
9.9051365494225,0.23084639268198207,41
9.924577712493834,0.1352265062103187,32
9.921899903722752,0.13748458572496122,15
9.839249738486817,0.07774228297132511,34
10.370288435675548,0.09266709181247942,45
10.139184797259357,0.12961706074846502,36
9.755049685431857,0.0829285648909871,19
10.665905849229379,0.2151400089240453,40
10.38452370259219,0.10968285114168189,23
10.226872938527068,0.2302811125226404,44
10.655809531134887,0.0525477275774389,27
10.128264079085122,0.0497536065801526,48
10.67629597514948,0.07237779344137274,31
10.135982335527148,0.13644171860979717,49
10.702624551968624,0.023341608948593464,38
10.339189327799925,0.23038335446472416,52
10.363187958794082,0.04655107422785087,35
10.197739251335621,0.05159478841000495,42
10.436595171030998,0.07134194543530034,53
9.727259285121136,0.1838948098808587,56
10.356629820297616,0.13571669669088113,39
10.57535857527983,0.12863450455043623,46
9.665160054133143,0.08772398738588646,57
9.798706526360835,0.14195070871681395,50
10.265648522763115,0.11407508219021677,61
10.643788817690801,0.1479317790757437,54
10.492629530197199,0.10685202138124228,65
9.938216995151564,0.07255582045601622,58
11.027052976326688,0.19261576991851231,60
10.151920445045322,0.10431921592636702,43
10.97723883705761,0.3150440311779773,62
10.399396892105694,0.13146904335072612,69
10.528099165551719,0.08124392359912769,64
9.660712567269789,0.05385043386860597,66
10.404916099554532,0.1407700308550268,47
10.82455391985601,0.1213512478275983,73
9.836789013419503,0.1097809869347777,68
10.582791546221705,0.06585783672806257,70
10.575257645197645,0.08630535838020799,72
10.28681546656285,0.06799890796267039,74
11.20690463321549,0.2222715676879229,76
11.023991100092541,0.17500987513030405,78
10.20698998532118,0.15336986247766293,80
9.977310655652424,0.014531145383958272,82
9.671072164687448,0.10721464287230989,86
10.902715378257096,0.08795444896954363,90
9.862996746614286,0.1255389565569962,51
11.215982111057373,0.11731823257869067,84
11.31741901966944,0.07372417666728243,94
9.924543720296793,0.26796300730925876,77
10.478485003587682,0.08539780231869741,55
10.922351157490029,0.1822084519422986,88
10.180794014077668,0.048166324917348145,98
10.053612693097588,0.12514716818538762,81
11.206098517760735,0.14770001601992847,59
11.285125765190237,0.19177036628736888,92
9.710770364186251,0.05999941133876511,85
10.310108885966567,0.16592777470980913,102
9.6593093096504,0.19337728923031058,63
10.240445657920736,0.12836940077815762,96
9.857255969327104,0.056317113689908285,89
11.109582968838811,0.06718292570711158,106
10.497803199283755,0.19026199300460014,67
10.971326076741438,0.21783592366595406,100
11.279630816082612,0.10205102485142206,93
11.146999866857742,0.072068233044062,110
10.131669993690755,0.21618613749252924,71
10.294038555846964,0.07177285481816471,104
10.49930293175627,0.056398472022761305,97
11.19008197311877,0.12416511147959566,114
10.193579010126571,0.11790382477006374,75
9.982680654620452,0.14344783576821005,108
11.132780520822866,0.09376968704881891,101
10.07981781974982,0.02894068770668865,118
10.526050069423448,0.08595408262631897,79
10.201795723855431,0.13883092268006916,112
11.163417658384496,0.15593214582959605,105
10.430594141285878,0.1571644558506434,122
11.21741774711715,0.1313804355500415,83
9.983319051512618,0.11425931065276194,116
10.953066231206947,0.07201823455320576,109
11.136453607352642,0.16555295961935357,126
9.755496341717096,0.09982824511820532,87
10.140274707933404,0.09839153100168158,120
9.683886650031642,0.10483000161040151,113
11.212215167634959,0.08986255127803856,130
9.736255856099495,0.1082677230887935,91
10.52689857608359,0.18066504824761606,124
10.786895641811478,0.11563762231531992,117
11.223277004146167,0.14655532004310426,134
10.375369683576231,0.1361560167007664,95
9.888592889200456,0.2016196590784964,128
10.830005090054957,0.10829166285424302,121
9.961219565161496,0.13320411876415608,138
10.151252839275555,0.031967592993575926,99
9.81871748428231,0.01630749527720098,132
10.631927107014981,0.10157679196220787,125
10.76420143639292,0.15883942744266266,142
11.040231711224255,0.11526273524062305,103
10.493059555185154,0.06736943699761098,136
10.18897411061256,0.13942261828531674,129
10.678575348828517,0.16108680892492974,146
11.09594794950785,0.06814299329115552,107
10.852273494483564,0.07631289693569625,140
10.940252054949571,0.10836200123799622,133
9.983862923443715,0.1527774711419827,150
10.105346580935615,0.1553750454142001,111
10.698912305257481,0.11299470632808327,144
10.615253165505804,0.11274283646101219,137
11.058452526916136,0.09872020352793587,115
10.807843034761666,0.07283477756421991,154
9.939127984145024,0.14174372190585136,148
10.41010746536838,0.056430208554557285,141
10.364267155123152,0.036614484734760214,119
10.934273317315958,0.17199882275912354,158
10.910122021839422,0.12750682656186915,152
11.175818866865427,0.11335696800906073,145
10.790140915975632,0.06509021977978148,123
10.64742441630659,0.04636286192433033,162
10.848309864533629,0.09721836453782387,156
10.076615427182492,0.12690078380516392,149
10.432824180724639,0.033186694028545106,127
10.044647494187485,0.14263467119099923,166
9.75873151327612,0.08844048497309596,160
11.188497620212106,0.1922615052102196,153
10.530897014408886,0.14651599320143935,131
10.158648851983614,0.19678301018858702,170
9.96449991820671,0.12247070680898398,164
10.224723106431917,0.1145814611978529,157
10.96085946523343,0.16537696713364994,135
9.682145275124928,0.0458286372953318,174
10.016798022896177,0.06779500726927101,168
10.583358494413622,0.14989380419341183,161
9.954808342614996,0.10758404007743555,139
9.965127388301973,0.02836033231035125,178
10.059044735941068,0.07765702291083798,172
10.216761811357884,0.09917596097498993,165
9.834834360718245,0.19839899825337107,143
10.341454359350461,0.17574622243906102,182
10.679407136464537,0.1700172792737552,176
11.09180394171382,0.11533783292728546,169
11.2702905977768,0.05433645508461124,147
9.824015701010275,0.22423671643459261,186
10.344654076655477,0.32955049871648273,180
11.249633074359043,0.08492983411311196,173
9.69663052419499,0.1559639486021371,151
9.783116940389958,0.08370183896096779,190
10.957948005728994,0.05065439673650116,184
9.785399753214259,0.08629555146230555,177
10.460333318604397,0.08808511408285634,155
9.79440607926972,0.1160263107197101,194
10.756831859308168,0.033611054969366054,188
10.964775997935476,0.12273920903808314,181
10.302731112138591,0.10275688666837907,159
10.425207924414156,0.11361208661668949,198
10.64577679478298,0.10079900598893705,192
10.466210751279057,0.012558160041526082,185
11.092377763899126,0.11412565979437983,163
9.691038725070909,0.20838651174188436,202
9.815162342611838,0.15681664007378499,196
11.03651511696056,0.04627600437182941,189
10.481686024163968,0.1589674914912078,167
11.191085473849292,0.041313133898893475,206
9.974678295646475,0.18464865698551325,200
11.248870379889002,0.16767870350086753,193
10.198823193128758,0.1996563120805439,171
10.96840396427817,0.042785691555091356,210
10.28559325985043,0.08984183341193272,204
9.873428953268025,0.15121727690480008,197
10.872134979129893,0.13168321161659655,175
9.778906177599314,0.045743148496989953,214
11.30196614740463,0.08127644227564296,208
10.147643674930265,0.17170557792414498,201
11.220786400255125,0.06666777858516036,179
9.64901279316055,0.13900445525406946,218
10.853952385526965,0.21177595420346354,212
10.260494475477197,0.21265668239152613,205
11.042381787138046,0.06120636961170622,183
10.200050509254204,0.032165040121593956,222
10.595369942521335,0.05406059082184356,216
10.338514035908059,0.18267599650488708,209
11.22372269271662,0.05581449140565417,187
10.728037298121777,0.09457422272928508,226
10.787457112660649,0.10947891624538186,220
10.727357262002085,0.13102612560082236,213
11.045857708276003,0.18856614643089697,191
9.7746801474723,0.1719065160163272,224
9.66566430432707,0.138964300506171,230
11.148461413579252,0.08042317094275409,217
11.013310523180145,0.22881793905930375,195
10.386110278896096,0.13611772044361878,228
10.331072344162454,0.08057729028730995,234
11.082356121671687,0.12125409302080814,221
10.410027834480937,0.0165485516442862,199
11.180922578722496,0.1989183524810156,232
9.891467765570605,0.10953295989276134,238
9.716609735095165,0.18169616301487462,225
9.758080141319322,0.12369626699781229,203
11.016119567422365,0.018047082082709606,236
10.965222457313796,0.06495804155341249,242
9.935102075031443,0.10359022078811851,229
11.118066075425503,0.0323182968515708,207
11.195994092404824,0.10586556975263779,240
9.76849999829205,0.1458991001925373,246
10.301739296641435,0.1809613331451252,233
10.350289941109494,0.07560964626105159,211
10.764095880649673,0.11446081696672042,244
9.80922593664178,0.07624436697137935,250
10.534751690946976,0.08966547684274154,237
10.70790261580635,0.05262406934231158,215
10.097688569698747,0.04524143343818193,248
9.947165492005903,0.11968573792919031,254
10.85722723038727,0.06277783450588988,241
9.902298813835884,0.21797094257506242,219
10.374764387592462,0.1347436052917036,252
10.963292814116192,0.1667298444165366,258
10.621157444436633,0.13887962690939334,245
11.24776320124738,0.1940929230340619,223
10.388755241819595,0.20523451915977597,256
9.729594784112686,0.17125298083921695,262
9.724330108158627,0.15357261962251392,249
9.88352403422296,0.182715959275631,227
9.867725052391275,0.09822735725214052,260
9.80250928025724,0.03263996945656194,266
10.692653352156363,0.060138572216127,253
10.090456050756243,0.08590670027580267,231
10.370297045978553,0.2570701506263819,264
10.397082564450931,0.22173399937620292,270
9.94888866432091,0.18830227809532318,257
9.65924570658089,0.08416017138122633,235
10.882360183426089,0.22476012945768786,268
11.054890584846387,0.1577045957102566,274
11.047385773795401,0.18837388162468155,261
11.180310528609187,0.1419719969689583,239
9.783633056975422,0.10675552357622141,272
10.871768602840238,0.15812071665437555,278
10.620140081153183,0.07028488476382788,265
9.693213484863684,0.14294288690338627,243
10.985115746429152,0.04600210214671357,276
11.271868694037622,0.016351976420034428,282
10.689495024966588,0.09397442654426064,269
9.842564272234645,0.13100742597626333,247
9.68862663704583,0.18493157397459842,280
11.006584747414365,0.06601525444188733,286
10.05930276967234,0.1970163077755248,273
10.629061692520319,0.19301541320562987,290
10.17368989015138,0.16874120073044496,277
10.786860988352897,0.14210107836727956,294
9.888128113595773,0.08252152530057293,281
10.036265100078284,0.12451458017511073,298
11.29119045339756,0.06285067431306024,285
10.060202808927382,0.04766997701433588,251
11.01633600667577,0.05056386041727447,284
11.01829581002502,0.06350292916807117,289
10.219204846091083,0.06050647680256688,255
10.7441670727506,0.08045308966607084,288
10.160997608096594,0.09749765738678161,293
10.258687327514984,0.17462706781089185,259
10.284645873872243,0.25635405734864003,292
9.916761890726725,0.18327439555773756,297
10.099183669272811,0.09503516820263642,301
10.910557034934563,0.06503566708898088,305
10.939349142954262,0.15822888957555878,309
10.66392793865845,0.19932649398657795,302
9.878743514315111,0.23809546895968856,313
10.564401574503082,0.12153641691705344,306
10.716221766057487,0.11286568604097191,317
9.762597841762414,0.2488400372211943,296
10.286389286051778,0.23791041270767854,310
11.049140470181998,0.12579201463011289,321
10.24391689106278,0.1265629510167019,263
11.229677889808055,0.19201977286951472,300
10.366520250417345,0.18187781983717155,314
9.647350025383044,0.07644803946746592,267
10.460884402065025,0.2286900546822364,325
10.678966968328838,0.16360104927907415,304
9.794046134650456,0.16727307248216663,318
11.045876608251657,0.09710382188349781,322
10.578904401601864,0.18801153664761114,308
10.008185476332407,0.1444067453091045,326
10.908582833248454,0.11246973968863315,312
11.110249806670383,0.1019802346721716,330
10.491090466119203,0.16077907520771914,316
9.76493845263147,0.05843192088646905,329
10.038140029981964,0.026205643586511968,271
10.0466771480658,0.12393641152634077,275
9.950936379131798,0.1470385988960479,279
11.070402883397941,0.11653821618782173,333
10.235500503924792,0.056084188431837906,283
11.27091337059126,0.13814759251481504,337
11.02357710169289,0.03646111114053957,287
11.28337097379674,0.06442139741334467,334
10.070618513192795,0.08720983839133184,320
10.853339856435912,0.04576774327929855,324
9.665306760258266,0.11957859102345632,338
10.896244822685704,0.05495377232877241,342
10.164404128621811,0.08907981409417687,328
10.812026240590892,0.19878782834429437,346
9.761560293967902,0.20185862775948604,291
11.14617724889211,0.11350834870220415,341
9.912893886657654,0.11824711705577975,332
10.283347875251657,0.008694628100701545,336
11.186825222940751,0.020851860478612358,350
11.050095996711233,0.13098051729637192,345
10.434058791455833,0.1830285350804335,354
10.010235080994706,0.10316424118875595,349
10.855608954345213,0.07202227343752765,340
10.803737267842035,0.12089877793406854,295
10.902545824812048,0.10543470611586539,358
10.116887918423666,0.21511048061897875,362
10.745405096190792,0.11403468418809273,366
10.205623219475019,0.12261636220072354,299
9.757181137479815,0.1441671973929308,370
11.085956522544695,0.07618576863320414,303
11.261748294322578,0.06057899669651845,374
10.492172832914257,0.10705188465127564,307
10.566129988656359,0.07425940042969306,378
10.58763019144777,0.06266553934957746,344
11.032002553282705,0.08489959000761318,353
11.154231661062106,0.09276386306249465,382
10.793991511197714,0.19737860275340635,357
10.148732858176096,0.23937229708138186,386
10.234085188074522,0.11235541879447607,361
11.070015978244669,0.15432188954095066,390
11.200872312335314,0.14888857532084807,365
10.526067205219237,0.07217137515775332,369
10.55694144287287,0.1111419776203873,348
10.231179049384968,0.12362937797949317,352
10.736668397754743,0.08784537729281466,356
10.158772266058547,0.10716732379910428,311
10.658449307438962,0.1215672994429588,360
11.096055791980236,0.08950486634398384,315
10.52932952857489,0.1630415657400967,364
10.479287866769708,0.054868155294689615,368
10.051204674759415,0.06117937482924453,373
9.820219805127785,0.16654957330191722,394
11.197543617380624,0.1528984641608782,377
10.951924198583244,0.10009537497002086,398
10.955193617885012,0.04986735470712059,381
10.821586468288036,0.180066989887245,402
10.256579812805517,0.23888614164403826,385
9.961020241034404,0.15415460559956884,389
9.724932150785065,0.1850309643740789,372
10.394342313508249,0.20345198541988654,319
10.576377863066622,0.08898573219629967,376
10.082128657722208,0.14387917423043162,323
10.797650525517787,0.03273284040176788,380
10.519699467590874,0.10155998514968995,327
10.928431129799929,0.24799732068205016,384
11.229733138533675,0.02197559925338902,388
11.121222195612448,0.09581364157657721,393
9.99875134054707,0.18331602624165783,406
10.019034744932748,0.0549279067956083,397
10.833763076124157,0.15015778875381874,410
11.282458816251783,0.21454896592682648,401
9.73864128602395,0.13606017895190362,414
10.0368668155712,0.06320703005612043,405
10.36399133596437,0.014365975295320257,331
11.073186491993562,0.1595088073514627,409
10.178610432026206,0.18853979729335452,413
9.659174321559433,0.09793949075468503,392
9.97787459841547,0.015025336624818529,417
11.07860022972893,0.12783114812950275,396
11.178757768954018,0.18090913643281412,421
9.749368799588808,0.0421898084106481,400
11.075328680480498,0.2526364946911789,404
10.773080134001388,0.21236670537190552,335
11.035529664091442,0.1294151385640869,418
10.646775907689548,0.04760918425631103,339
10.409896705516019,0.15114597749501735,422
10.08832904153088,0.31261145581082145,408
10.07863208867265,0.12620518946104872,425
9.904450488850603,0.07022616339313949,343
9.711382329046444,0.25431975978593657,426
10.02972905438821,0.17100118046410892,412
9.889079194234467,0.2145267423858589,347
10.069547950560768,0.09158545561835119,416
11.01850897862157,0.12636452794883135,351
9.8271066311837,0.09911609010726438,420
9.933198566508697,0.19526940681876986,355
11.022951946520298,0.07723062599498892,424
11.170022744519631,0.26837735316182865,428
9.948595098109786,0.17626708341984798,359
10.156082221506395,0.12968668079264453,363
9.754374078926345,0.14088397891801474,367
10.537167854917664,0.07713247374437027,371
10.76097176952199,0.10748702687721834,430
11.00521265236041,0.21676233014941657,429
10.433189051668313,0.18444822451930384,375
11.249382335581862,0.09987161064204199,434
10.543865720306325,0.22713907506882222,379
9.782323921157,0.18653040811395827,383
10.144772596329165,0.10960863510310524,387
10.27421737875229,0.048922929864977704,391
9.71812527614092,0.10188416267937261,432
11.227764985374229,0.16936524558846505,436
10.660626410485808,0.0981710365028503,433
10.951582928516933,0.15563551891526545,438
9.762174928973268,0.14748389930568323,437
10.022265922342816,0.05823621257360691,442
11.29571087935959,0.21584025335126067,441
10.58740691272859,0.05111458291270034,395
10.13608739836541,0.13454926465396685,440
10.78141918936633,0.07016500213620687,444
10.110999281670505,0.2324039953365655,446
10.270474062849914,0.05319259620867576,445
9.675122130714664,0.2655005965231019,450
10.814623498132661,0.14770383033053125,449
10.14760032250309,0.24499918110381025,454
11.035821781167654,0.0961476805251869,399
9.685584348447577,0.029832469639342454,448
10.788081648773803,0.12104333462609634,452
10.75343811152456,0.1463442954100688,453
10.725195970942993,0.07170455124620047,458
10.392250261646366,0.17165427018287438,462
10.871651317117104,0.053913093431363524,457
11.270116950281354,0.11284389967762287,466
10.539864981453928,0.15313418641569845,456
10.010423037429767,0.25581274262824893,403
10.42414396421,0.10770490111014748,407
11.19140112029595,0.28252601605788324,470
10.137532528246068,0.14976061884979394,461
10.303061838149477,0.17867731178630533,474
9.860381203441337,0.11894094884218294,465
11.002486976523652,0.15489131021106922,478
11.213338942087805,0.12402771763482544,460
9.985622748049991,0.06959039783116742,411
10.355399555560995,0.1803485542698496,415
10.357636385998122,0.1680270836148004,482
11.042288717196966,0.09478636010427133,469
11.299028743848185,0.09868091855932692,486
10.357215553732715,0.13961835403208853,473
9.821905924401792,0.16437039162977135,490
10.518457821007427,0.21441637490272797,464
9.725697056680152,0.03798600554581037,419
10.921737746153575,0.13607965147534343,477
11.323982429364321,0.07909980502172788,423
10.178018475069944,0.2114614548237623,427
9.774440354064929,0.08248389527774586,468
10.48422752723072,0.09210655246732401,431
10.513703415148367,0.13753365045998167,481
10.844170946130408,0.1386950177108812,472
9.847019556811746,0.007025336619046547,494
11.199345678195437,0.06453585991848594,476
10.215398233761919,0.07690542395918881,498
10.972155211281297,0.07554955517585153,502
11.292046627391269,0.014487917165389348,435
10.202820493882292,0.08777064271967777,485
9.787963892476276,0.0965050729181298,506
10.973518684602134,0.1446106430792771,439
10.744934330581042,0.1468929190804042,489
9.930522237005237,0.2954092778906194,510
10.151529214664386,0.08215824249633505,493
10.033948038112706,0.278617574417592,497
10.469481328587543,0.06471692586298698,480
11.133612496409098,0.06439618581167313,501
10.941385895309592,0.18670393351197134,484
10.214642592457588,0.14167047258907703,505
9.90554705174848,0.28675625413132233,488
10.69805291929331,0.1778037467063137,443
9.86148104253242,0.04319308931893059,492
10.603004263440312,0.10420404252860863,496
10.470778076743064,0.23929363327009226,514
10.525735240253086,0.1454951006658337,500
9.687405513714202,0.14240273784555246,518
10.311915975596644,0.2474238569130114,504
10.781705836333675,0.025806886567772122,508
10.081039247660712,0.1333619114566779,447
10.261143466652273,0.0699811707648619,509
11.035020083211116,0.2216894140409421,451
10.414082849668368,0.04901132575117914,513
9.716240775165181,0.09131036020713368,455
10.441437713146382,0.058799246605381085,517
10.482351493821849,0.11935956531794034,459
9.986170007961558,0.07459837995322084,463
9.90085499087759,0.13318700186392193,522
9.984719833604755,0.08463346627504387,526
10.07209077149675,0.15915103940857164,530
10.988564514809323,0.09338244472222544,534
10.756011201038524,0.03946112907729316,538
10.017059376754899,0.1356748175157688,467
9.863628371785913,0.08606898104688016,521
10.489675121118093,0.15909587508126,512
10.822087799953806,0.15160384390896703,542
10.055895763207342,0.18036462670528083,525
10.275185308517756,0.035849319559681785,546
10.967330574304931,0.13045886843183327,529
10.573746903080702,0.027871015570871977,550
10.652161364390142,0.04282091912252413,533
11.218309731994948,0.07214938673354503,554
9.711436262578534,0.21839104364631623,558
10.091901286785752,0.08333802752154346,471
11.228512366296096,0.17485101633370911,516
10.49610498821645,0.20290624130497623,475
10.471685765547825,0.1714812105052732,520
10.768477922722695,0.0767906633887149,479
10.541488972913841,0.08183900408104672,524
10.784728783713843,0.16075231786815591,483
11.249407517728269,0.0693274638670503,487
11.23566873959718,0.07834868488450929,537
9.872329514551852,0.055870147081241966,562
10.127948902029745,0.06289325366293774,541
10.4318060563662,0.07054235163870147,566
10.833689628744171,0.10229295126895764,545
11.049265567989393,0.014421725433874558,570
10.397897273201307,0.1624150161512531,549
11.086885150640175,0.12499462187008226,553
9.715737808758266,0.044212143323995916,491
11.062698884751608,0.07688845086414722,528
10.203391430326466,0.1826660510839507,495
10.555772930185404,0.1116788076333831,532
10.030811071562153,0.08165628788083135,499
9.89903330419076,0.10614114752711123,574
9.959187811490994,0.3272190199154043,536
10.156717443256817,0.06260918934079195,503
11.013658286859066,0.19843868761107541,540
10.466056995559622,0.13726367750567475,544
10.606276728207193,0.15365121420158492,548
10.9650665684038,0.25624678897346886,557
10.41854198610577,0.08118836572893118,552
10.592725007581837,0.024964988202975828,561
10.397781770326256,0.08294675580626838,556
10.030958670665907,0.08231168160985046,560
9.662765172392403,0.24448418328196936,507
11.160480773794982,0.10082799001356896,578
10.343890698892219,0.1094540990841594,511
11.066551706335405,0.16845632790195086,582
10.350246365404754,0.19945774715663506,515
9.69255545426781,0.03658622382443296,565
10.791621835147383,0.057956922063556605,564
10.954712738213239,0.1850320325051592,569
10.256262014680726,0.13386355618834675,586
10.8712955218587,0.16303251016247056,519
11.099715571696647,0.09723341703693678,590
10.121180465169273,0.09473721354809277,523
9.764354918819112,0.09247459016904026,594
11.308943397417838,0.07322562231343174,527
10.593983309846873,0.1356768550459229,598
9.66076287806627,0.24943674417601241,602
10.675367433454337,0.17342262112316534,568
10.873290976627754,0.08947371355118357,573
10.88335721911982,0.029350469872831048,572
10.935850848936637,0.0947754423671262,577
10.85208820179291,0.18998895873697175,576
9.676174676682127,0.16737119232939568,581
10.692472504966542,0.04964879326097879,580
10.240173938254587,0.21904378925154877,584
11.27503785993883,0.10395146595334995,531
10.141455930897536,0.08960760733848604,535
11.16942794527381,0.25401283631286636,539
9.883254564297427,0.06923651530306026,543
9.659011658373297,0.278703253435172,547
10.816570250566118,0.07595113828015612,606
10.825486034294038,0.09706227886589354,551
9.853114761182566,0.07791028848673981,555
11.326117527578463,0.20323948615302212,585
10.392543927843349,0.08057835191544985,588
10.618937069664938,0.10695522551243651,589
9.744512756091742,0.06205867599898013,592
10.018144875699154,0.07912125362077857,593
10.629080311221864,0.24356187532901974,596
10.074765941500123,0.09373411445363328,597
10.986285911503511,0.17870863170626017,601
9.847347931124046,0.13592692971166043,559
9.899423592492797,0.1276742381900696,610
10.007456113635849,0.0794998709701605,563
11.045558321272926,0.1609347013141585,614
11.322010820618498,0.16571096289051182,567
9.675047298373254,0.17717916795605204,618
10.196401958294816,0.13637832033274963,571
11.315074240093429,0.20361622622052394,575
10.552968402639092,0.13567718429246664,600
9.69667746893148,0.17920460963425072,604
10.268784167768995,0.14733319604093845,608
10.460371452263175,0.13947025856377968,605
9.676775721007818,0.10711895106773023,612
10.504593950099189,0.2843099698491963,609
10.992898309108094,0.13083309807844895,616
10.587190922916475,0.1392586394907933,620
10.389105822622701,0.224229349620616,622
9.736646793760574,0.09308229109991578,579
10.145876929525825,0.1807575930353949,626
9.888055536596553,0.18097125533531416,583
10.178500082856875,0.2227458315917088,624
11.001565967224654,0.15942950642299086,630
10.429614944509138,0.15720684591594344,587
10.66424606569069,0.13900535746865272,628
10.448371740700235,0.10772853960394001,591
10.562986792492662,0.03176226622202002,595
9.706667891762693,0.13922951812169304,613
10.509818888237447,0.057797539981866146,599
10.714735219362474,0.05438931123518777,617
11.155374665589617,0.1528887823164922,603
10.477022320103147,0.225421594207258,621
11.00522010656858,0.07006519004538399,625
11.062911982985874,0.20084034457183086,632
10.594943899976851,0.14561816152869864,636
10.420760845173557,0.00602354252927631,640
10.6151422979419,0.17640872710563563,634
10.445957832434473,0.06643941351431432,644
11.27574868991556,0.09360905711491621,638
10.566208712749399,0.18363879938118868,648
10.630503860946101,0.06460704226324959,652
9.823884464862896,0.07399427501501842,607
11.163799697428919,0.16210434459390025,611
10.579708125057756,0.18612463527619472,615
9.646846264489243,0.1491037797135534,619
11.325107491913187,0.04661703321664123,642
10.299256076485626,0.05772066277964007,623
10.110379816871433,0.09347522687238284,629
10.985078113046773,0.04814682321191146,646
11.043125425608425,0.12963899749183797,627
10.477803426858804,0.10294729842824604,631
11.026891143210943,0.059490778176810144,635
10.472837501907765,0.3042547883574293,656
10.274115760159772,0.15312066217240972,639
9.880405978140413,0.21300960513714814,660
9.934839604295004,0.2258011913137347,643
11.038379503656733,0.11394454321825516,647
10.315161333498493,0.11208346089924531,633
9.796386257124048,0.06500015349784934,637
11.219636553340546,0.16988336880962715,641
10.294457070173682,0.09970653609014135,664
9.907223443779758,0.17177318486744705,651
10.125168325967213,0.2605242516477787,650
11.324087350286554,0.02407834974783679,645
10.376325375618386,0.13785039099817925,668
10.827244899198826,0.2557732287848255,655
11.253188955277464,0.09351379843946811,649
10.732253855495241,0.04060126566013627,659
9.87318785468805,0.07652480083302321,653
10.101892359319631,0.021556504384973797,663
10.006703461238459,0.17709061571525525,657
9.874187104548051,0.23894991980994618,667
10.988972969530398,0.06610783841894723,671
11.063843306635475,0.050279969421458764,661
10.475982393057823,0.008783732221721399,672
10.637702556693245,0.10286768802490467,654
10.94026716816146,0.1529974786778134,665
11.054445854041681,0.17816563145391232,676
9.919009448041686,0.03446119705740828,658
11.147040101669125,0.21032059462948338,675
11.065038511623712,0.09178926505843385,679
9.694480374998951,0.027686381299279868,669
10.679566561465515,0.11686479762808061,673
10.225884975891267,0.12785627885443876,677
10.750040560235535,0.08557029611176806,680
10.11497403670007,0.08185147055734954,681
10.285415634811308,0.16593686968689458,662
10.930746357462986,0.324338500168796,683
10.452940219425912,0.1578310121721858,687
10.945730146470465,0.052585996899679494,685
10.115096107352679,0.08117707734085838,684
10.870392961493753,0.04945590305796438,689
11.19916968467742,0.009107783049623145,666
10.78918523214855,0.05066093903588625,688
11.059117034228283,0.18269050018339628,693
10.73685232397504,0.319243740231389,691
11.198966855570372,0.02763941941550856,695
10.911832304523186,0.09052601609465334,697
10.235593512229267,0.2880283728223159,701
9.993038092491863,0.06296337072530728,705
9.757502289834209,0.3829042891074158,709
11.009918695368759,0.08053498874444585,692
9.950259328969118,0.03783061190836475,670
10.018232383493425,0.18266198364934375,699
11.237224867340771,0.07082164825399978,703
10.333997357439584,0.2006822775707489,696
10.792130591924966,0.13515071669516127,713
10.046551225432175,0.08421700797706456,700
11.17193597673721,0.1578158524981061,717
10.794125955708427,0.030870647975029687,704
10.536666793032603,0.11797060861727847,707
11.193913806245941,0.16687794937170214,674
11.182905475944315,0.162965937490285,678
9.889738870917292,0.21910175422332392,711
10.255718043378662,0.1048583797307534,715
11.240529371957871,0.051183796243636115,719
11.085216098938634,0.059747242438826675,682
10.135536863115302,0.307073363480582,723
11.033944060311974,0.12818616650951709,708
10.392946986683505,0.08564625844609838,721
10.887217024943611,0.13477278214558172,725
10.962786252191421,0.09014303657390879,686
10.42236640175322,0.056920450650174606,690
10.458307993620238,0.23144532123802614,694
10.621144911083446,0.16068908539834428,727
10.46694386283241,0.15786620389707173,698
10.951846173303146,0.18128078086161425,712
10.06971976338145,0.07274456011813332,729
11.308601232706131,0.18191906778551825,733
10.29634816851684,0.30414700657103766,731
10.22570305150201,0.0778813004227255,702
10.375974910525779,0.12764153539586906,735
10.572980466975949,0.04036470377298697,706
11.01338953034849,0.11537464457049457,739
10.6749085146322,0.049581421613259936,716
9.965745796088306,0.1627606659409344,737
10.606632732558714,0.12027737414148874,741
10.60382858203426,0.10838707966958722,710
9.742235745445853,0.011511841279713546,743
10.39253407072921,0.10599431512053292,714
9.654800748028975,0.08428217816753567,747
10.17307635331234,0.13511656429059415,718
9.662946878955738,0.13611793376890058,720
9.813523729117728,0.08723999023787138,745
10.418355912377672,0.16946120032808085,724
10.312861238933515,0.255477152148862,749
11.262952510097527,0.04645411853755067,728
10.02145426324985,0.013947420598487649,753
10.895530158091791,0.054513857390561,732
9.841793049989514,0.18160309219340198,757
10.543864781304947,0.2154517771460831,722
10.279201269245261,0.23656281633058734,751
10.20913940890512,0.12538617786901576,755
11.275684736925799,0.17757970851490723,761
11.271191211615907,0.12083435436979746,765
11.04639197729553,0.14506726294666242,769
11.0874203209774,0.10635690393969127,736
11.276109732397023,0.15666634464532697,773
9.951566588816135,0.11419794292399202,726
11.070311628277615,0.08288247710851912,759
10.335268226603999,0.036036373626455585,740
10.330802510869322,0.19238306263174268,777
10.941919882646694,0.20609907273496997,763
10.428965036963804,0.1864977186822662,781
10.854133125104449,0.1745667552754218,767
10.751773295774722,0.11006282027157857,785
11.233993845131584,0.11831835190467557,789
11.145401771697218,0.13538230900238132,771
9.995417008934819,0.05723155565922947,730
10.377480230772562,0.1177582687079948,775
9.747424594638794,0.11008999577850956,779
9.926939708038434,0.17551685165297004,783
11.146747979142553,0.19475433877812515,787
11.047187048588873,0.08526379632093917,744
10.947453031736822,0.1679709080600683,791
10.388136363815597,0.12770366518320456,748
10.616348372743579,0.1281646836711081,752
11.325239259096858,0.1259874292099879,793
9.67783555790976,0.03456896420693338,797
9.761768564116592,0.09210742042140889,795
10.947237597092608,0.11540581813679684,734
11.188922047586587,0.03524137189781214,799
11.03464685880888,0.09869757271406855,738
11.204502133310427,0.08349018765169253,756
10.280290552276862,0.11527989401392776,760
10.347259269885885,0.09074161753043464,742
10.46672599034902,0.0843457940451187,746
10.603154926450243,0.059136980318585566,750
10.483317262446118,0.11547502740112073,754
9.779051210965537,0.05947122773689739,758
9.993236314219015,0.0682004206425199,762
10.976254065100708,0.1187487922974526,764
10.064259948366432,0.16220120081249956,768
10.728342889276686,0.10560300568889253,766
10.464006897338631,0.1112680984068766,770
11.00474668230805,0.12513942474154696,774
10.62438206791122,0.06460588078776795,778
10.245744070712314,0.14017719214880348,782
11.23105380563955,0.21540065090047833,786
9.939105340136013,0.05197310169451683,772
9.823977100789646,0.1814784846041133,776
10.537845286234838,0.2240526774719463,790
10.8780867768308,0.04177641368119048,794
10.79082649432201,0.18752268576406628,798
10.838904187013297,0.09201540782405422,780
10.232691893692035,0.15815808083408636,784
10.584125529797898,0.27248065928575493,788
9.847324871396818,0.18644705972054065,792
10.70538751881933,0.05849173690606897,796
