23.436853354379338,0.023853487913407054,3
23.754355794080485,0.05324461063541443,1
21.49574658251001,0.10830305881255237,2
24.65631488763066,0.1465859321699687,0
23.438922095184672,0.027169803293995848,7
15.816258894469735,0.05387817378196891,4
24.054820239241685,0.05699497724875109,5
7.319396703708709,0.08817292530740198,6
8.57852364076244,0.23506283194253347,11
13.548266881166583,0.23004682886966982,8
18.36369297382224,0.2285388942781189,9
21.205057667476904,0.13635620761741038,10
18.347627278287185,0.1352470679114361,15
12.779463054120018,0.14337483475411014,12
6.325801162305478,0.08621533458223067,13
7.602291277331378,0.11503154892422521,14
21.310110353925186,0.04431225782249082,19
24.556380677079183,0.13213802466181274,16
16.546026537447634,0.16968502296677304,17
10.559191386399595,0.16126982157018077,18
7.729686513360605,0.08275690604841392,23
16.558417216281498,0.0452168619813719,20
15.639055113943217,0.17571910596312104,21
5.075384994694147,0.1744266925858794,22
9.682582708484404,0.1265208058392563,27
22.111455128632745,0.01622980078427313,24
19.729022374552407,0.077598839452038,25
6.976772876429342,0.16886800099462188,26
17.99783138519557,0.06214960132868498,31
21.674228826950973,0.20839453647344267,28
6.401306202777388,0.07272948022461076,29
7.400526685259987,0.06678626685230427,30
5.113319425176952,0.24938768900531014,35
6.586194186501264,0.203177275763387,32
20.490405938361768,0.2578379204001843,33
22.37124793148962,0.09796343111353092,34
5.527309578620201,0.18778013185638975,39
13.758983218389107,0.05682303153737202,36
6.560779066912312,0.029804998978732084,37
23.696199091959965,0.4524622880569208,38
18.21666540410626,0.1565540409232463,43
13.501308602036124,0.18995138848798598,40
21.75025199113766,0.10021523843007361,41
11.383462562670022,0.11830782207109534,42
22.56097023411487,0.18934386590322985,47
10.455622842279062,0.129455428419468,44
12.195126507477053,0.09680777034641128,45
19.41350826905948,0.11447259973552507,46
20.838395595728027,0.09520817605145639,51
16.576749428415265,0.01987257327152572,48
10.303586566548816,0.06858067217428891,49
5.2585394490108435,0.043604111811280356,50
15.698239452358692,0.027521349531619412,55
10.725041987769256,0.06561625500100074,52
24.732502371443044,0.06501190352138124,53
21.888501021253933,0.18923567563193555,54
15.933573975326112,0.12759202503958855,59
16.8718357391914,0.14495458517623774,56
15.349478145259582,0.04362376598008452,57
17.197711587873503,0.041892917400304486,58
14.039322029581477,0.17483216569170307,63
19.453359673345297,0.1511814670343659,60
6.7230526628850225,0.05878550950317492,61
5.1956947847655215,0.18624556497452727,62
23.189506559779613,0.17343387046311476,67
19.923767616481747,0.1697728119436543,64
16.718672100911675,0.04177721029238982,65
10.064514793887703,0.041270375593374736,66
14.383756228914692,0.11384402998142469,71
6.803646215623345,0.24051116545560614,68
23.24513912378793,0.08502712411397777,69
22.42747634938684,0.11506078526251758,70
15.346499078373217,0.1969528607400304,75
18.608711219550997,0.12701178367169783,72
6.448648309133556,0.1623936680948327,73
17.976108109683857,0.09964843058729018,74
19.41613260383631,0.3188461583707063,79
22.311340565647082,0.060289340336972023,76
8.863074371067192,0.162330222866509,77
7.204247733052799,0.13719501682151578,78
6.806496305486192,0.12210582113995638,83
7.652937027526092,0.10284477408229141,80
22.976612754236232,0.17488887891066662,81
14.577211727312957,0.06449301322791305,82
13.860099325886406,0.09947210704209394,87
20.871360272749563,0.14025082322813817,84
10.707234473098318,0.02495830286816791,85
11.366798126993778,0.09144553237714703,86
18.330041393664104,0.10606417890131792,91
6.056266180481929,0.16336803220044438,88
20.075229181193013,0.009536554627749593,89
5.397039377987214,0.17231733571564023,90
20.29351484239117,0.11456312913165789,95
21.48207492583253,0.14761890033706201,92
19.078642260978732,0.042661964578769966,93
23.845408613357673,0.12288957196905892,94
11.758822941692483,0.19426037730304044,99
14.603560609217023,0.2313028190897486,96
9.339026188514534,0.1271411932283053,97
24.079280931225604,0.18388708274867357,98
18.096568674724576,0.20059196256055395,103
24.05773665731963,0.17598978813127863,100
10.463522143722086,0.16419337326615946,101
8.118533274750323,0.07586378025076573,102
9.989959485782496,0.1630930088829301,107
6.623481289794775,0.14858314918008103,104
16.971444495703167,0.07451679099487805,105
22.354170675483115,0.24181330705058746,106
19.0515338366702,0.0418602928215643,111
24.36322567330896,0.09858578354844805,108
14.04618336308131,0.08975084394778271,109
22.979440927464193,0.26791656041384804,110
22.98759138548188,0.058454535604864716,115
6.23795586993867,0.01314549650498813,112
9.169318344443827,0.2626191412045062,113
22.391252618876393,0.09914175977524724,114
24.87172054410911,0.05810876920198315,119
14.28443592395199,0.21200685744136083,116
5.745062439841835,0.029954916571949066,117
6.298638617959906,0.1447916642524845,118
17.26666620900449,0.07327817145971659,123
5.832608376245288,0.11743122668637096,120
18.878554575288046,0.16735132554478105,121
7.618634971981546,0.11429217578490619,122
14.749767813515572,0.11414830260834485,127
20.38493803966254,0.06480426736824897,124
6.299081699897727,0.18376141501876095,125
13.694413712625336,0.2155509742907921,126
17.0437361794778,0.03167956928281843,128
18.496377887235873,0.07440485397341796,129
19.606819214115696,0.0409087540549447,130
14.542486929427984,0.09673384308252232,131
23.696830241046488,0.13711509278950712,132
10.66951011423937,0.14822470388666129,133
9.357770831753335,0.12221542190449862,134
9.969390207815266,0.07434468909861912,135
20.815413397997,0.2221534617202234,136
8.546550546302399,0.040805331042062874,137
21.839037223752815,0.05943374968543269,138
14.885576844593418,0.21650901789191504,139
16.447998868602923,0.17999824348623772,140
10.002355301297117,0.1716720295461514,141
22.704322185322525,0.23061681424550345,142
19.631367184709674,0.03426470540492729,143
8.099498300546815,0.10673767791067773,144
5.714299578648223,0.047135907076353824,145
14.470198997082061,0.1453068797466179,146
9.363966414950461,0.2262032257519033,147
15.672687439022468,0.04864878162036379,148
7.372794989780287,0.20444577705165257,149
6.337250892189932,0.10146738723384251,150
8.887902013085325,0.15535246740413927,151
12.16228222396288,0.030521435296665456,152
12.623981072859278,0.22810828412771694,153
7.4778717519401745,0.15165485263893685,155
10.783380514187312,0.06975731460753555,154
7.120945034884785,0.09809158976645883,156
14.380834702411054,0.11011737259290373,157
18.781618748742336,0.0648781629546402,159
19.52522828051713,0.12885265476748486,158
17.982756715170197,0.05678977859284881,160
18.963791683125862,0.1471752300811323,161
21.147940008740328,0.06258720410297869,163
13.378266716183608,0.19377348836629524,162
19.192112147083716,0.0738397956480397,164
18.537551777611053,0.05262716522581491,165
8.06160113665728,0.08666981964617396,167
15.025725367999014,0.15008437658734286,166
22.303278044845424,0.12384658264166237,168
16.32161530669334,0.03896323239633953,169
19.884750897328708,0.12892006408448595,171
21.08128217329009,0.07193195067648393,170
7.014532252885834,0.07918400141387966,172
17.512617920385686,0.05828513187483733,173
12.442420108287774,0.2052781536440388,175
8.211377948279758,0.06793789283889079,174
18.45182829777926,0.121591234545018,177
10.208087472362887,0.19880615603269322,176
6.5179140099062804,0.055963395896790384,179
5.975900355439978,0.18421827261177753,178
24.10760227780245,0.060203817775147654,181
12.432525016665497,0.05688290273819116,180
16.302033548841948,0.24708716256955815,183
5.322617949526098,0.16134394417630624,182
5.874958167175728,0.1293066505245932,185
15.23872620782782,0.10759977808468735,184
23.376560103929165,0.07983203646446574,187
7.963115824868503,0.08250321181554843,186
9.47661105836328,0.20846068436338958,189
23.026034546634662,0.2540145267082212,188
21.37946023534689,0.2961124332553768,191
10.22578529852577,0.0534502105864062,190
17.624277556856427,0.17489466832495124,193
8.990303296988492,0.2644924748936663,192
15.092774298838787,0.05759220930646213,195
24.96227979806442,0.29760505524666003,194
24.53349997881936,0.016778480504909578,196
7.332534397106675,0.07558069445550791,197
19.834103382208696,0.14513023744143103,199
13.546306945557596,0.06636633855620788,198
22.83045481948513,0.1215493992052622,200
11.567106131669094,0.07591218915950161,201
14.076199691570146,0.12146983458541363,203
11.083669242218438,0.13921908820026596,202
16.51929758542454,0.11843816935013683,204
5.242515804269567,0.12509052169396676,205
5.96873321434429,0.04145915384835144,207
12.674071199454747,0.07188587443984334,206
8.134381503601487,0.32044525596299306,208
12.983585537641993,0.09937630471293134,209
16.906667191639386,0.1510224513166451,210
6.065139574852989,0.0449380731024841,211
22.476414065209987,0.14997218020138112,212
15.26847501810785,0.12646802526188863,213
11.482006343310928,0.11094667707211754,214
22.951943221766893,0.053864655671305474,215
20.21785374829653,0.24505272638289555,216
10.261746778590306,0.034590758822160256,217
21.107659597474523,0.10899001722261321,218
15.972408458172247,0.0681380510560493,219
19.422770674149227,0.19947683937867303,220
15.727612872535467,0.045331427473774645,221
24.274847545686583,0.039726226406659036,222
23.778421398776338,0.2524273395976164,223
10.538166831180892,0.051229088201029165,224
16.10823953209733,0.24941289498907754,225
10.888017453886986,0.15226032390045302,226
15.709332772285528,0.118063321939693,227
14.298001092739286,0.09828830645830067,228
23.245001540682672,0.20217716324443957,229
18.023700788886035,0.11287639140348371,230
14.79172540646514,0.013823992889353843,231
20.83733672869085,0.07145551383857343,232
23.299075708356913,0.10485237225228097,233
7.714552291517611,0.17485365950690795,234
13.998171775137145,0.11160084242384463,235
19.60568620169558,0.06854889898933157,236
20.858990686222683,0.1692973784059055,237
12.401151350194228,0.04532978094325421,238
5.799757688681431,0.16259816794917722,239
6.03479226079755,0.13057549706085925,240
19.060626750357237,0.08649868846093228,241
12.442892936133369,0.1146683542049237,242
18.859297981878427,0.26500925029840994,243
10.60173258146753,0.07694150721898012,244
22.514194960371135,0.08444017670982439,245
11.917267655973248,0.05594211618361061,246
6.123902784470278,0.06897471258514087,247
16.272897372150382,0.08132854139627599,248
24.27612218429853,0.23892894184171454,249
20.069316222485504,0.07846046848129402,250
16.669060043184203,0.2283339231861286,251
8.289553067428484,0.07547782033559076,252
14.785178030697173,0.16952493376568695,253
12.6892104353365,0.15351883377194586,254
18.381991988015955,0.05015349044316369,255
14.037422811411256,0.03672031785263676,256
7.862273202329975,0.31632735756508623,257
22.12163438179064,0.17314463725950638,258
10.548754781705442,0.05634327287818536,259
16.11710206228307,0.07261684167193763,260
11.628556399486726,0.03345088933285483,261
20.61239022444662,0.05950968754169013,262
9.039530460385791,0.08673305498394816,263
15.946240145731796,0.09127028207920268,264
15.453915447712937,0.028641020317126266,265
24.869116280486505,0.12262237481030672,266
17.46858287311857,0.11665119800395395,267
17.138399726427394,0.16215627996100318,268
10.873963341122113,0.1742101933852511,269
21.153946618448146,0.03451007447292564,270
24.026467750752715,0.10358514795544929,271
5.794211852529488,0.20064206070952684,272
17.070167978009763,0.14226083564707334,273
8.66738116251889,0.0791661929667685,274
8.556394393451537,0.14446552048364086,275
11.666163571082858,0.13681503939030287,276
17.062542526039678,0.11054768925027154,277
5.970908276968734,0.10413236394319264,278
10.310249477398383,0.07378548737416146,279
6.556259621758098,0.10232395776226211,280
24.07877227810126,0.21390607879955234,281
6.801953486337293,0.11517399989577484,282
24.621990260723663,0.1469139869063955,283
7.014659045995946,0.03210832204738051,284
19.471469455901087,0.021898752981566308,285
13.339278561976977,0.04948827195592636,286
6.732752119218137,0.15878361222638224,287
6.284892758332729,0.19016845007828256,288
13.701618050024763,0.19685551470025722,290
8.322250506190528,0.0583361136826363,289
10.186856049595566,0.150894722347206,291
10.357873167360623,0.15290908652701551,292
5.6574575319067915,0.11730466849152699,294
13.063529251518515,0.08177425472852605,293
22.657949919816986,0.1193251885270019,295
23.382993579574396,0.09573164794980711,296
17.658519043213794,0.2853140507329035,298
21.91906903174736,0.21395762854843295,297
13.184833057112861,0.11943577490055175,299
8.118169353689158,0.18302528320812886,300
19.178154020471702,0.11729572797103197,302
5.785796959751039,0.07601932797483436,301
8.564648176684182,0.14605381180559793,303
15.998183406350972,0.1319161439458401,304
12.983407308265631,0.19872626475266475,306
19.705769434711474,0.20916063385788042,305
19.486222645295616,0.03868534020108738,307
15.608378701464202,0.05146838464038648,308
24.346456712015442,0.1393233457320115,310
23.54205672549708,0.08287470570080958,309
14.067935124961807,0.02836808666350038,311
5.631677241673723,0.042888202949200066,312
7.570631268767343,0.11979166001504674,314
16.53231632101605,0.18568485693090458,313
23.60091592621372,0.1824493965860211,315
17.39887114153245,0.19527894592534795,316
16.504096627421276,0.08381167591517275,318
21.715585391512683,0.1882443980533993,317
23.581233754078568,0.06999908182743507,319
7.91467009851462,0.04143600808634265,320
8.544131278993813,0.09597258710683065,322
22.566361537850717,0.25758047976742643,321
17.317156263410283,0.11600984700432233,323
6.085222393459773,0.16310432696748534,324
18.836991734842556,0.14315177056296932,326
19.878195617140566,0.1781103535219858,325
22.900011336866207,0.12320816903445786,327
5.3818483671561985,0.11785096249986159,330
17.67030099742339,0.2817987515419053,328
9.739507997301246,0.19027692027609197,329
17.963256350059464,0.14006328572070917,331
10.84857344291424,0.022930273004209772,334
11.812705041681696,0.1217522074271156,332
21.217000218233377,0.05765611402615578,333
22.42126578471953,0.14011593718799203,335
14.023643716574416,0.16668109217748972,338
14.534813031862818,0.14269045242557113,336
5.9629708873672005,0.1047272767345498,337
24.125311160959598,0.2461647495220577,339
12.716891605061553,0.15737973625023272,342
13.488073187095527,0.15496186179702634,340
15.34208659940754,0.16889396842215107,341
8.430106543941797,0.13790552906957773,343
18.79096423985756,0.12367232430515347,346
19.877602943783742,0.1433728069843189,344
14.76012158411962,0.06544893111106682,345
5.463236057860692,0.19277353904191316,347
18.781334542788834,0.11593178112032586,350
9.267832046533247,0.044109984001102796,348
24.700470546372138,0.08023027129481157,349
13.091111586582828,0.08897909578159552,351
16.622643640365986,0.018035835321880554,354
16.739711729592262,0.11261283793916287,352
12.612647874506454,0.16135013799781495,355
5.791643253908136,0.19084930795223554,353
22.490911138493242,0.09130237229177982,358
9.456575649497525,0.12724775365506003,356
14.42710792295298,0.10981949312369091,359
18.14427337999213,0.2023588317053307,357
6.006453886684109,0.037192974557985654,360
22.783380253198096,0.1220836399577504,362
22.393165395621747,0.11872150612574234,363
9.169297778953718,0.14829792433232936,361
11.11336745843094,0.12739985911222207,364
7.833227512919088,0.056607067069534014,366
6.020358616155352,0.04687848042032429,367
23.26134240694514,0.03300767124563373,365
14.676660189725057,0.12254798863386945,368
6.6467810142548505,0.13529074490127896,370
21.477036119368403,0.1879466513358351,371
23.878291150811275,0.12493726506006841,369
14.704634870080255,0.15386498961585715,372
6.316681510491955,0.17364175004686228,374
16.75086622224096,0.176248025122352,375
13.227292358636246,0.25612454822500336,373
14.687158490766947,0.3118460587428383,376
11.013988443570117,0.06075394837360355,378
20.142355984528145,0.2384838363773592,379
6.427600186751954,0.133754858094989,377
13.802800056021274,0.07612889401778139,380
21.97456633061337,0.1937841997279937,382
11.092769307932919,0.016900985175827585,383
21.073181948349124,0.09267565367753282,381
14.525300255078362,0.05236353143526214,384
9.328108877614518,0.2053666885333515,386
21.545213994448396,0.14469072996473728,387
8.374092670132002,0.07718795105362912,385
8.350813581115004,0.12417862912315954,388
10.646423957835951,0.08871997943640708,390
8.148770077587121,0.17758566474807563,391
6.695358299492282,0.24550049775687147,389
11.5998415612119,0.10755636375985266,394
22.605767221575928,0.08453642923871031,392
7.422085439735158,0.19197668463522946,395
8.077165490165285,0.13856533403408144,393
15.004236959317975,0.14678256977677318,398
20.810229620820973,0.20528118593719902,396
6.72578121830175,0.18623068749264618,399
9.599808782444569,0.09485828627005533,397
13.527296524003036,0.12549758814281806,402
12.502565317004631,0.0221971354065856,400
5.182846181906857,0.054672262903318204,403
20.23979967999479,0.06376552218945454,406
11.549405802134551,0.15412687888764684,401
11.793096320731145,0.10703887909537287,404
9.214133539689866,0.14128773583890908,407
8.378198682308916,0.08881634090737188,410
11.667058415304181,0.17462133491600124,405
24.650884403136367,0.3106104657131546,408
22.59780920318744,0.06046698267616038,411
13.767227234300645,0.10139941638417371,414
6.598454377764968,0.04778571630396289,409
18.425984413063777,0.10497352393119408,412
23.767056959886943,0.07360120739209898,418
5.381474037377332,0.10778007109895155,415
12.464583564545373,0.16007286851989705,413
12.814290560060382,0.05127422833210599,416
10.53988669164907,0.22886182425593443,422
6.916086893374533,0.13680295688306318,419
7.140328723429173,0.12717296251806637,417
8.998286353197539,0.15965292823762062,420
7.786589883108837,0.19056421707382737,426
11.997115634071028,0.20796561029852276,424
14.550435029155057,0.032145162502243606,430
12.84238428780892,0.17785665974326847,428
13.380244371526697,0.1416695201513628,434
23.372025847702893,0.10769602856464547,423
13.401206338091896,0.10940923083556708,421
14.726601739188334,0.07315605293475584,432
24.112204672929384,0.039151558096505966,427
6.748044379185798,0.12811484441594076,438
11.634481114748365,0.07406378020359682,425
22.58541435332242,0.1510305944472444,436
11.805217031338753,0.2671917534893947,431
14.476991267930337,0.11424008783001843,442
15.324872952162014,0.008230171891020412,429
6.008132572371013,0.23012160637994206,440
15.474373536759742,0.12470197488477852,435
6.8838465311396435,0.06672094423314913,446
16.70428434508608,0.10093441173367837,433
15.026835509260344,0.17037721431089503,444
23.95921803931347,0.041292688206111865,439
24.43252089794068,0.17142252499382293,450
7.608844722655926,0.12804792816690616,437
11.458349087488388,0.16414316562195846,448
9.747619221676748,0.170616140469048,454
17.220693935370814,0.09822906022847772,443
8.547049890551108,0.0994683684410219,441
20.101420552271197,0.15372338045858067,458
11.226725448001801,0.12420637247257307,452
17.71844795559826,0.1672681904624671,447
9.45694227117863,0.055856154980923015,445
24.600238057184175,0.12040298690751017,462
12.134102534719071,0.24047300287347922,456
18.356745422952585,0.11514165261953285,451
22.206206570434837,0.0435449408644232,449
19.226309820330634,0.2917851094175185,466
5.286555906428971,0.24150575693066256,460
9.975752946721958,0.2375873123120701,455
7.5061560920428505,0.08544558070208876,453
7.857492619619364,0.11648243794865798,470
21.621402021544544,0.11355653031271667,464
16.543988736266925,0.09114705434811297,459
23.62522273624782,0.08581879480422303,457
11.63227041679889,0.05794501298158131,474
22.557731284834084,0.12976578833995037,468
21.413905066145876,0.18938343483591746,463
19.014606601226717,0.11949407488072475,461
18.239019450173206,0.12143547712351402,478
15.01822236156642,0.1350572061820671,467
19.524210691667363,0.02349321158749554,472
20.57083472252879,0.1232586920709222,465
13.235647219552844,0.14486797506437332,471
23.452826642068207,0.09442573790001159,482
21.34435521201162,0.0624787315464797,476
11.335738984147971,0.13236042144253599,469
14.569715988885596,0.1334289917602825,475
19.824292773216147,0.1353208771652782,486
12.317435715403827,0.22375554080816054,480
24.045121806201884,0.1915691076965943,473
19.82387591573836,0.08285680574025613,479
7.687324401347442,0.0626112843581091,490
21.249867399490025,0.13394090260109257,484
19.074661321333743,0.19873293132429595,477
21.192935660953655,0.10024883968811651,483
16.399225270179883,0.16750117909237305,494
18.63836831089288,0.12230408218859941,488
11.042093414658842,0.08268190007152071,481
21.329335769764487,0.11712259766200989,487
22.608309341519696,0.08143889336954994,498
6.44310688910249,0.14953679665057598,492
6.351063472817657,0.14090499087035865,485
11.954655606168407,0.24440081578954206,491
8.668219291267661,0.110960018002759,502
15.261490572079051,0.09960477802978732,496
12.764514426984157,0.14922378694787447,489
11.577496770635868,0.22114901740758275,495
5.711495724576158,0.14944025376876174,506
24.68312843136175,0.1408935144605834,500
13.03147689042394,0.1621378886050051,493
10.67786782801359,0.19545633767431153,499
11.17016757738204,0.08160187065129776,510
15.224445790515755,0.16283096130292093,504
7.1033478907409915,0.143887535398985,497
22.032531629670757,0.0802638088209117,503
12.360243883006648,0.12910154701333756,514
21.066362402139372,0.028721813359204502,508
11.01459264901668,0.16728870320925165,501
7.632857142269809,0.24187082826244072,507
22.08478270083505,0.1928691876761389,518
8.75566568872933,0.10772745061268646,512
18.44817233048657,0.23382109416558847,505
16.25246179182264,0.07751622637062582,511
9.597799488372571,0.2544308605567488,522
18.37714657502453,0.1845825086858483,516
7.673405311825219,0.23505295692156808,509
12.534057362583347,0.1225397933638291,515
15.960860671297944,0.11440465498875885,526
14.985214473915967,0.12914462720767958,520
18.417949450088628,0.022063739390451007,513
17.933508072274194,0.09173911815611241,519
16.71243853840398,0.08567052696686758,530
19.801446680113592,0.15202309847064815,524
6.207048158232286,0.03684924399951186,517
24.40181954194221,0.07220531383461436,523
13.20456552011654,0.08564552593733965,534
15.647433833703069,0.30699418676291534,521
17.11899509009379,0.13529582680081736,528
16.930218972943784,0.12094961074998341,527
19.79530288667838,0.09112220629286538,538
17.490672272718044,0.1472357210297278,525
13.128798828951126,0.1080641469833889,532
20.251324995839717,0.11995074682042864,531
17.016324014649598,0.20689783722868393,542
21.91385243074827,0.172663564176235,529
15.000964742031535,0.15908283163738166,536
8.457260432374463,0.07302923691915077,535
6.699991983388993,0.12986346630945836,546
10.977983812528784,0.1155355282734355,533
8.894354234830892,0.18453507790930207,540
17.157670898290547,0.08726283479521749,539
17.769801307083558,0.12360082171721204,550
9.019627343275861,0.10883870463266046,537
7.554697159676365,0.10204368979252001,544
21.551937992163005,0.08442566973687882,543
9.793562796877783,0.15532991259768605,554
24.720243597071587,0.012150636655724946,541
16.05227977659156,0.20027846972363994,548
20.02192267164278,0.3434916297125983,547
22.84996001881563,0.08467310187329913,558
10.354919715741818,0.13682225929737682,545
12.068330552031467,0.09453131740743889,552
13.292122736973669,0.1049932227962225,551
16.310897713915423,0.14886994696410952,562
17.529739762217442,0.222981235615553,549
7.339768872647213,0.05006379242521012,556
16.410185907186662,0.18904380299411572,555
17.38445927456521,0.09787229278318088,566
23.100002124886903,0.05854776620285168,553
13.794566672573767,0.20409212683270753,560
16.073010614860088,0.026952854164033997,559
24.40291289491935,0.17914473026747138,570
22.691089826288625,0.05308950097821161,557
22.933797681850024,0.06106142839370157,564
24.31739815447933,0.05644483086043313,563
17.330874648103283,0.0773603475783944,574
19.20439133568716,0.10365340569324269,561
16.81982607159601,0.07311165427780283,568
20.809240835281834,0.20198372153183777,567
7.968463644236657,0.21751284981642238,578
14.168217894975843,0.08601946514844266,565
5.000412217655739,0.11341815903197915,572
11.75665122396901,0.13985726165633727,571
18.028779779309545,0.14130979455198595,582
8.683851805811472,0.08879921414792596,569
11.054035723612266,0.08999454553451204,576
12.296003838004797,0.08356685090629977,575
6.755519171010338,0.15861361338167226,586
15.502502456462459,0.20888785284491043,573
20.448744514978028,0.02041176940078822,579
20.745252807532957,0.17598306133593647,580
24.097435088671926,0.1217183251646447,590
21.83658982403478,0.0702123913912826,577
16.486394376620883,0.24562325107236088,583
10.298315773171641,0.07737430581096377,584
19.265998205225156,0.06345664238673608,594
17.797718912886204,0.07671698597335004,581
20.466283960862864,0.07560349335563876,587
16.229672385073428,0.21432869122744097,588
18.427067846666837,0.05641908595424181,585
7.4988596213328895,0.16646840032866278,598
21.153120328388702,0.16335805732475242,591
7.609888708629946,0.1384259276087971,592
12.628234049188086,0.07140691510303618,589
15.869715351850447,0.16885109997474368,602
23.03587159082591,0.18026272747428126,595
23.774330285613882,0.23265305230872466,596
9.97181663472626,0.17722421740652705,593
20.07799922797562,0.0926091197779116,606
17.071324919486017,0.1637589217660644,599
20.04352090826481,0.22104676219945843,600
8.407699111156383,0.14124553022594002,597
11.59983176669937,0.11094569984874417,610
15.003848140636254,0.26842271760926145,603
6.006229660442721,0.08819237891428228,604
13.279235358569784,0.06362101339686131,601
12.943623379588809,0.12695358948156868,614
5.853741835509676,0.12467362467831838,607
23.005302417633818,0.16398912641423544,608
6.180456579324211,0.15436746481765223,605
11.493318207259042,0.09967162162108402,618
15.835613797100848,0.34760819044338986,611
12.984125454804495,0.12931177270418467,612
15.645690970456222,0.07189412609962714,609
24.97168291150573,0.30708725502716,622
9.594177953444339,0.02151630861405518,615
23.564462410737146,0.11113429531097528,616
22.842749241716078,0.01943011044004002,613
14.09895037443978,0.07346876800783944,626
9.213682568027139,0.048001997108464436,619
24.29573704853127,0.13039473892740866,620
18.590031617929363,0.13956945905921775,617
19.94937148914851,0.07971592545930253,630
18.29620178181893,0.09888420605557581,623
17.313035732202415,0.01653108572712859,624
18.13513844637541,0.1048504424293813,621
10.181092824920446,0.06647542878458093,634
12.714405802146075,0.11624772055267574,627
10.980550183246793,0.057972709970464734,628
15.108090771779954,0.12697037844594303,625
16.10958779666132,0.12146315203012006,638
5.820986969677859,0.21396761114965746,631
9.67503045342596,0.13119950836762925,632
10.63595007437489,0.11687233627039435,629
18.79450467704784,0.05439578832253931,642
9.186669019432028,0.11029384475545137,635
21.378673523482725,0.029171363033212445,636
18.041954488224558,0.09608045196810748,633
11.933651940711659,0.08009655486442901,646
23.02295115369831,0.03286899636881883,639
14.240010232345018,0.12296377479810897,640
18.89384566613443,0.11187306388758532,637
21.825470006633886,0.1285064192128537,650
9.092182125219203,0.12249783693201616,643
15.599616561003536,0.043532015302592215,644
24.42421591063804,0.0556330827761076,641
6.1279262590563395,0.11069915051478162,654
6.598970491972933,0.17242251989561566,647
21.46917471091305,0.2540729368194338,648
5.407123925340143,0.12913718201737717,645
24.61281066301969,0.08611909457184919,658
22.330225714203557,0.01356606994344426,651
20.096182971029652,0.07322943751514564,652
11.401491713800025,0.03972646261072271,649
18.120965269666925,0.22996933694214122,662
11.515413483761991,0.14801208572324917,655
11.212254458653302,0.0883673907478759,656
16.3661310118997,0.13939357208454195,653
9.847668590609382,0.15436648529773267,666
24.195790641659027,0.19561000271494902,659
18.653523000175667,0.13217769399737733,660
12.615595308764584,0.10128412361124149,657
23.38798845491157,0.06556798300294629,670
24.0372685213742,0.12245546494412898,663
22.71377744103589,0.15173822372551488,664
24.146139488526895,0.24795553422865765,661
15.822508450826831,0.11472680461879177,674
8.038718192400742,0.09490344213154893,667
6.114030539722237,0.13672056372194671,668
13.206350823931164,0.19218237509818092,665
9.950581824163612,0.09924471776502503,678
21.04029080164732,0.15840843705590668,671
13.53358864269129,0.24353005461186852,672
15.682446531565844,0.11504665473141629,669
6.052761173672345,0.10043866963479192,682
24.31724304590221,0.10165832157493569,675
21.72376986748345,0.023757595489008645,676
6.047640180058586,0.08940996925632741,673
11.414551506338244,0.06667322707174013,686
14.29448982588708,0.1780438792191606,679
24.65960122886641,0.13848936967955208,680
21.356659007229936,0.058967267645075996,677
18.506868062643548,0.07529691749680407,690
12.307576386007009,0.21337124932561397,683
16.89576959064656,0.07779815838673725,684
17.592321548779708,0.030203759896578277,681
23.83513287167663,0.1476131488885169,694
12.003830809649553,0.212100601521518,687
6.2874287749208495,0.19501760892241302,688
7.508506547247123,0.2630807949063809,685
7.594415739158109,0.16659723456855557,698
5.092373717547314,0.15089079208613979,691
18.55221638196319,0.22482998747087068,692
16.798968505273464,0.038459047053242344,689
22.32705991105582,0.12846466947564977,702
22.649478957727588,0.17407737094893172,695
24.714728799266553,0.16185922829374313,696
19.518754175033735,0.19068239285393926,693
13.571266208415931,0.10083072458362603,706
8.142369741699895,0.12274586664976382,699
20.713937211381165,0.07444291443051215,700
19.10066137735815,0.0653335349117886,697
18.976122888053723,0.07510066879062055,710
6.105962843790202,0.02708516267182945,703
13.897342875130963,0.06840163924660614,704
13.147898551849305,0.049561026409066976,701
9.400468647345711,0.08287362806222315,714
15.91653429702575,0.05441553674369767,707
8.441427896134144,0.11926886266907494,708
8.448898794912383,0.11577483235812112,705
7.894255015177654,0.034186286034645234,718
8.630805873408242,0.15945720033462105,711
5.385199999908348,0.06000993915971026,712
8.992565292237186,0.16243717283652928,709
14.608889159291202,0.026425834651272774,722
14.230005172284397,0.2616164940969768,715
16.408811787146455,0.206403662135643,716
13.96703716547766,0.05386383098940753,713
16.910014281347255,0.17800865214968545,726
10.381382895181343,0.12035064744814378,719
20.328062430394723,0.06363423969609171,720
5.079926068449372,0.08584378564952323,717
23.16323332210941,0.16251032888030933,730
21.03893734547702,0.06700664319785711,723
22.797299173028822,0.06574786863697513,724
18.283931419804798,0.14542503718467278,721
17.466917775665607,0.11459921519795356,734
5.442457670890164,0.19420627807688173,727
20.069940326829297,0.0796266771450661,728
24.76428084888703,0.04369148572185855,725
19.849942473792417,0.05110206308339019,738
16.99371289540978,0.21194943894166773,731
13.153894727089028,0.17265883739344262,732
17.069664383530625,0.09707424568619788,729
5.135196343841411,0.061637920002210994,742
7.625264490814816,0.17251076279498145,735
19.428459434189527,0.09333765755580846,736
22.384784306164253,0.23428815953305265,733
24.66964328007111,0.023993529584512802,746
24.041848958590823,0.1871649644024985,739
9.18360587223729,0.09731511026791245,740
6.3281550952120025,0.208354850165214,737
11.580344596321037,0.10273559646127944,750
12.562285693717932,0.14222977311215565,743
14.251145803374179,0.27664833300802677,744
19.893225222516357,0.06649615597609895,741
19.581959871852757,0.0633282764105704,754
12.64559785113936,0.16949982810261477,747
19.003118957201536,0.1455359431281643,748
13.702183366545754,0.13020423089492875,745
12.742897316309413,0.06046644372401275,758
17.392373384796066,0.11945833414225514,751
12.77326977824129,0.12623035596473675,752
17.863879997256753,0.14053489163513253,749
24.05500521981732,0.09188647258768518,762
6.857691202052401,0.11318202021865208,755
19.790657588921842,0.1612192863668015,756
14.857769543501176,0.013162855739399563,753
10.445766374089825,0.13183760271723496,766
15.764954214529235,0.14451561854118075,759
16.6303305985598,0.0141649719208511,760
16.80898796498617,0.13373279641313454,757
13.766742888121584,0.06111684227235595,770
23.974260178330965,0.057378154926560954,763
23.55830808861394,0.08946741585037968,764
12.292941628320854,0.1128178171019637,761
9.751899145813836,0.04849832463512005,774
13.34599519934056,0.2376463260227899,767
6.93376059092704,0.2145404151044978,768
8.01131378776651,0.1485904996282905,765
19.162601753080253,0.05519429958549228,778
18.49359832957892,0.09112422983228216,771
14.316993613589426,0.04715908902173849,772
23.426763335347797,0.09249248956984785,769
12.239727580000164,0.20968413978049344,782
23.647166746710084,0.11998146714499043,775
22.13935739554963,0.09672880760584875,776
20.71664471206902,0.18322883591731254,773
15.94716018247311,0.05862676677695421,786
14.603490322538281,0.1351045327292031,779
9.252314474442818,0.08975878590614039,780
8.370450392036911,0.08915716212886007,777
17.39899154788744,0.17157760800985683,790
21.159895532425864,0.10491571347692613,783
24.447018313945698,0.1120579368737892,784
8.287762832155298,0.10438594859416975,781
9.828193142982029,0.1561359514023048,794
8.059839021007367,0.08036917998270014,787
15.235197688359147,0.035905903798073784,788
12.714332494554403,0.05178911231430555,785
14.301080571035953,0.09053963517131952,798
15.975475580811382,0.14982962827490756,791
12.396434331154522,0.11735423156110661,792
12.282601391788665,0.09446054129030257,789
12.61917413758888,0.06113601885014504,795
12.747939418625045,0.036100457822301896,796
12.798694923135736,0.06722977434386039,793
24.001609569631455,0.08425683365153208,799
14.601944356549856,0.17792541966351183,797
