60.797312586576844,0.1710893092154201,2
67.13315327988097,0.18602251572616998,3
53.58249610399717,0.15388379727856288,0
15.317186165735798,0.13415791871916383,1
15.96896767411617,0.18162002184008352,7
52.19984449876922,0.1498455975564221,5
50.169064946608884,0.1398023958984236,4
47.949806566877356,0.07457973608481869,11
16.53828835347487,0.1139401979081966,9
36.97314847681302,0.22446476068580756,8
24.881437294593596,0.1396926677327149,15
53.113788639698676,0.1373317592179757,12
66.10589696527722,0.18076125056632414,19
70.08133217596915,0.06696616337022386,16
63.38458445197493,0.0832225739788228,20
67.07546920517032,0.28670525637116057,6
20.451114051921547,0.17964805368136053,10
32.569168836092516,0.14509506213499943,14
60.30513690534894,0.09909891604891953,18
73.78130016103606,0.12503311960004912,22
73.60248439090947,0.1333301391993475,26
42.94256355206531,0.30255655287630534,30
66.03834685557021,0.12337291124332316,34
57.32685003060746,0.10179331264768543,13
58.65739361641608,0.17810835225624733,17
71.91014762444723,0.046710647903720245,21
18.067161034179065,0.1471740834182047,23
71.02600274405769,0.19333022583449538,38
17.06799025598182,0.06386757348340534,25
54.90616549794513,0.28930743572053336,24
42.202312708254325,0.16610433254617774,27
53.73801800497479,0.023378377384357923,28
45.407013530887205,0.09710160116968668,29
51.121232204305144,0.17473859366503494,31
39.40292934917704,0.11406579271215832,35
45.599103347111864,0.013196515684965868,39
17.70301593622516,0.19097721408265692,32
32.877200067892836,0.1502671368839006,33
23.590885009173718,0.08799729379263044,43
19.896514988506027,0.027630345688671017,36
64.94386089868404,0.17628104201120323,37
66.4192561856929,0.05387097791922784,42
70.50505480650085,0.24155829270314594,40
63.904328372938615,0.14204078529094186,41
73.23717287157503,0.08400935284418269,46
68.14056010481856,0.18364738538022987,44
73.94395193768732,0.09224154695737839,50
66.87405835981426,0.05200062807593069,48
49.43945015877115,0.19148016860567685,54
59.41440730682851,0.12753589145069716,52
40.730206706139576,0.047301910050943835,56
22.402763054332766,0.21952220725954358,45
62.712250287022634,0.12658190050690707,47
17.883748981303146,0.13685722034126213,60
53.67933841360403,0.04940373639882539,49
52.95354272860714,0.0686325476927988,64
72.45409491095027,0.1647171560124416,53
18.61154725906881,0.10822307062445671,68
71.4742252281583,0.3475989598416087,57
18.08792728968481,0.04807990778798451,72
73.0543023336542,0.1386916375411568,61
55.72275870565671,0.05146838138903688,76
23.02937350070465,0.16552018331597096,65
40.87390600282132,0.012896154765710603,80
69.21585404807489,0.26096488079429453,58
71.52082940807588,0.10114143752113292,51
21.336170103943175,0.27972864947513876,62
55.89164527409808,0.08917868891665207,55
71.45736186588114,0.13925483011812043,66
74.77075345951118,0.08312407528379985,70
64.75564806543457,0.044790093101364024,74
60.1074812958895,0.19622950745879508,69
20.112804896385704,0.06079596549337755,73
53.54831243320239,0.16126045033908123,77
25.69516410503634,0.0997398582960255,81
33.741317790534126,0.05695690279715723,84
71.84006190804314,0.12305713781605779,88
27.245972582132254,0.23719640370629716,78
20.747249577178085,0.16232094236134698,92
56.818313348979316,0.11160365377998004,82
52.917307273503184,0.16711672644653663,96
64.12429414323461,0.15734838458117525,100
15.039943064945957,0.20206715150300292,59
39.305337984474534,0.1569542309130402,104
66.23286943570896,0.08479412711569895,108
55.9315720088414,0.05012416246453008,85
31.60599028967516,0.1699296855681943,89
34.64646201462908,0.07393629230604108,93
48.25693689835308,0.2727040422448331,97
35.09029894545401,0.11501798078594688,101
72.5520991247691,0.09385718437117226,86
24.920422736981735,0.08763364984846249,90
23.686102901509464,0.17201919180017347,94
45.026396993309305,0.10632317808710244,112
27.570575961796592,0.08679232856115471,116
39.851003028660955,0.10810904129130959,63
30.130526663632978,0.08439571471377144,120
57.10539881446929,0.1514128263103775,67
57.91864518788563,0.11338046550109732,71
66.02208092196675,0.07897785696583406,75
38.17872842017832,0.21292597552214612,79
43.84478017084054,0.10346791770763915,83
41.283229591420884,0.08443978041434663,105
60.897473948879124,0.12095371855601351,109
17.444403964819827,0.06613624463144958,98
32.5718815800416,0.18589052363245018,124
15.613138353362752,0.07316630565743582,102
68.63714759851875,0.060527302075201406,128
57.388647169137045,0.2136103624653225,106
15.39308543435498,0.01696512610766935,110
53.44539968548285,0.2119251367387902,87
50.53289659053238,0.21619764913864725,114
68.21402757746063,0.06281153127875205,91
19.500896809592334,0.013705969385784118,118
27.076239399335286,0.21107510161453097,95
26.503242686901153,0.1195306470972354,122
42.68730308995353,0.020373054046539107,99
34.57357417694849,0.2074537613504251,126
56.77821160206248,0.23924771816491575,113
25.567704202633934,0.22289493757047474,103
18.800719290045734,0.08696025679789371,130
28.861552456794538,0.27304746759693765,107
55.30297703635642,0.17456902085959747,111
32.474635643037615,0.07182022593224933,132
18.68833569878926,0.1565793169728151,136
44.193172145549354,0.14163574718939123,140
56.35754895612065,0.14394552252809725,144
56.6837212547387,0.1264030280006865,148
31.31942609402537,0.061821397564731755,152
53.14293229128871,0.13503649207110577,134
24.959603752667817,0.16389951888644616,117
55.065273946103346,0.11382306682640492,156
36.25230726709487,0.09288343085463774,121
33.94995410198682,0.0534503277638445,115
57.0189640698813,0.10481624177019898,125
23.04382984195222,0.05328637097470105,129
60.10318114088411,0.26748453472559336,133
73.6845174999634,0.05835017689485381,137
36.09462373139982,0.11410910382148748,141
28.44740300492834,0.09007472844450223,138
41.956338186142474,0.07193418212891071,142
18.40308622208046,0.13644974975691734,146
44.25994393962607,0.18744230470734313,150
35.039203795252675,0.19024833575583266,160
51.235730529088016,0.22228599810090552,154
64.95212187698891,0.19276980417225775,164
42.682936176044876,0.19072490915789705,158
66.17405614939295,0.05851497146978444,168
56.583986056573245,0.17427821270046095,162
48.72033918881895,0.07052401206391228,119
44.89776700428085,0.027984388688940168,145
44.12380409446082,0.06636366691383216,123
74.69442703464276,0.04074323150109998,149
46.476005001259566,0.11055636102209035,127
33.16575147970307,0.20073688619792787,131
48.888135058501305,0.3168818166280679,135
19.012157731007367,0.0457545819186053,139
70.31604650739067,0.07278776620583394,143
64.79512073427415,0.10073247104003219,147
57.37736412240893,0.07482201761556907,151
55.13521929944296,0.09615321474342199,155
66.44147052334084,0.05153538261532277,159
63.85034926196184,0.050985003787041475,166
60.878719427068326,0.10184620811820576,172
22.06087410646256,0.13216832385996224,170
36.43611551888925,0.06212191710794826,176
65.13166696213997,0.11144913361232239,174
44.25303346737094,0.24000561946519072,180
26.058754311049505,0.07221157713059403,153
73.6893500247258,0.07556074523457083,184
29.55495303724946,0.1730617471433547,157
36.13181771473398,0.06212861988502516,161
69.46433399232066,0.10128081093812645,165
51.78882588183328,0.1001788992437938,169
69.93594056526013,0.12779839003490298,173
28.695382527734306,0.2420434029498927,177
36.13110202410958,0.1922149516163629,181
19.390627133904005,0.2672092754794361,178
15.126067800298602,0.15007166460602506,188
56.27228120752318,0.2646144611897151,182
64.78013149543528,0.09475256462258626,186
41.74692586347468,0.13413795181384025,190
20.040005379156007,0.06515365206695609,194
69.20481506414953,0.21181031340616463,198
47.959810798533674,0.046392296808144204,202
46.17609943935523,0.022972612121810704,163
15.535261494682782,0.08273150843112824,192
53.03885888144664,0.252746966041247,206
43.50766501020766,0.12093292312558351,185
46.786613417688436,0.03933636265723331,210
28.52237860548552,0.13106413835403946,167
53.11026800872972,0.24101727131917314,214
61.64605600230997,0.23964136849590215,189
56.53142431741301,0.11398911545224429,171
40.601211962049724,0.08287688870843207,218
74.66125932223007,0.23186782476037826,193
32.675070141399395,0.16825049207599707,175
36.38340068056412,0.06794531237341396,222
57.65973947954287,0.12425965758251123,197
70.2500405061295,0.15282184353677333,179
50.82106468729792,0.13782020585922636,201
54.0304151688313,0.09452029383921615,183
39.25456007698725,0.0767682294661931,205
37.36503974322295,0.03398137960126327,187
22.45215739384842,0.05928364647873338,196
61.522162927389296,0.1076937591963284,200
18.095817428503956,0.1607250372402742,204
38.28292528683316,0.20930317988823266,208
46.12454276135456,0.09723419397024968,212
48.43129397272436,0.13524176065145496,216
37.54833420300926,0.05348280638668917,220
25.925899306601572,0.026075142696261145,224
47.528144913652014,0.04770206933324295,228
56.936507481477314,0.21236028043129648,232
16.84466148358642,0.19930153867848252,236
24.293337887857376,0.10252942947329874,240
39.54243729669936,0.17364569133593502,209
24.547934271425603,0.03185033739880638,226
72.03560247946993,0.19583544097705569,213
70.62284529924861,0.10681266654596006,217
18.138450719931583,0.21628199010997165,191
39.69356770179476,0.10071668621390731,221
63.613033369269836,0.1251572894470547,230
63.079489250578256,0.002672596160367962,225
25.193436062748354,0.08894056805236877,229
16.10649497770692,0.06873156172825816,233
18.534076075834037,0.07265621548515047,195
37.272487808637464,0.07440422742807697,244
44.3684517461115,0.08491446088088271,237
37.0016901136417,0.06575055454543728,248
67.22577588861223,0.11632696113979045,241
62.9122656568888,0.14093036306382115,252
49.939308791197746,0.13949520345399455,234
70.60913602709348,0.20157434697576365,238
28.646324347400082,0.08020673241310307,242
42.92781142705063,0.14195595725226323,245
57.76822087340694,0.28101786301545034,199
44.88434900903561,0.12677820102366008,256
70.68122496004622,0.09559271437053761,249
20.911480062552926,0.05390679978311269,203
58.45160451295388,0.10010588768955515,253
42.17282001812241,0.27861315417340965,207
29.656721521382927,0.22637985817695633,257
58.594105899173464,0.17528965600814478,211
43.76493882982893,0.11761685336388501,261
27.350151238484575,0.11589170094200676,246
33.145046449212984,0.1198646073104822,250
18.839683715723947,0.2248571785332367,265
16.876168065873493,0.0522621583234533,269
48.61312681700856,0.09318016606337645,273
36.91673157908914,0.03883101573527362,260
74.8768374133449,0.21282944526914252,215
40.76359959738758,0.0375513427936292,264
19.79894271225227,0.06070413037504551,268
63.21739629052126,0.20010926588629419,272
38.085623305884724,0.24545203472778998,276
58.87519781201429,0.18215453609949783,254
73.08952046122076,0.1356513612400485,277
44.15901309477003,0.09243192851757807,258
32.36036110776233,0.2742094916524579,281
72.80346044559396,0.11064982881750048,285
58.051557436661895,0.11190934127155516,289
30.88783685055015,0.13354964426784952,280
48.92484681437606,0.0748744950976764,293
40.97672030740232,0.17601288765657094,284
45.07579314502564,0.16492860707585885,219
51.1425322592101,0.07076083557823097,288
66.14206180302872,0.03623361295769189,223
41.52800126953616,0.17228808282185623,227
59.71827783365743,0.1742239089222153,231
34.047032019703465,0.23264512578662835,235
34.011563083051186,0.09747610702776437,297
37.72818885208246,0.1380232530129711,239
38.286218468269254,0.16784806119956389,301
19.414113650288698,0.2452540981973159,305
51.93203689851959,0.054468578715484585,262
17.900154683997265,0.1182925008900657,309
54.46046813006189,0.18935415378046738,313
52.360317737402205,0.11370545060021275,317
48.318135203890215,0.04229497489260957,321
15.745947328669555,0.042238097885388404,243
27.87465234955489,0.1900275454362968,325
34.72065794294126,0.10678050458485938,329
20.812860916828598,0.10509749871386412,333
50.93385475291076,0.25028376246927847,292
74.4692538261811,0.045036761807505654,337
29.347665600810068,0.17769088929683755,341
74.05095855341548,0.11809647879820695,345
33.502150705368194,0.18944271872837692,349
69.46436197583506,0.27701848640271476,247
70.09285437235133,0.01573257540339115,353
19.561423445251027,0.09629841199180206,251
72.47617524658851,0.08357030759642463,255
66.87636076838595,0.22551612467458493,266
37.34596180028544,0.12536103755722833,259
49.05331421684182,0.1600736352482303,270
32.23044372846124,0.10907588671400402,274
16.576224780994757,0.03469936899489506,278
42.082863933641036,0.2051170546397441,282
60.69019099305922,0.1667202498229336,296
35.390273669198734,0.02090249384652229,357
47.287349988635846,0.046898556358217144,286
60.036051356204126,0.02870131738451337,300
37.10199452780607,0.09038255182148835,361
17.71370562629113,0.01780798806912098,290
62.33757452428355,0.1444974732659959,294
60.41948817213687,0.04596804106187444,298
53.83661471966496,0.04343787105572558,302
63.836728306525515,0.13225914233604727,306
72.17728759519521,0.15250054089294687,263
15.028973172722736,0.10705039989771797,267
32.79648266871424,0.22337911084857762,365
51.26837819169848,0.19436001248582355,304
42.74063898884459,0.14250590398870067,271
34.74303399998885,0.12408044865793506,369
67.99524611307496,0.1039695876353818,275
45.50212130426222,0.13063484141844234,373
70.44092360508856,0.25421009224772734,279
51.108679111865484,0.16449592322284012,377
70.21552913068277,0.11982376063380154,381
24.771651927110383,0.2023135063725896,385
26.596371760465654,0.11999987248272055,310
72.46044041408057,0.05342939444753201,314
31.682905129640368,0.06211369460137035,318
24.82493651855483,0.10941658824153455,322
18.1772267948645,0.12345656251943365,283
60.545447326936454,0.17914275887814904,308
55.837969086841824,0.046144481873278166,287
66.54215252951363,0.01975948091513169,312
16.062870090159166,0.24228769983266898,291
29.448194248191655,0.15613132345037548,295
40.83734481776287,0.0824046769316891,389
74.48356362181342,0.13883950681992796,393
20.147456591750128,0.028069282822059633,326
43.58055074075933,0.19791262419608854,330
17.594444426128813,0.19657103917470117,299
60.42488787452278,0.07458547188372203,316
49.3191516123637,0.20544340376330927,334
49.89020782348776,0.13378880028622003,303
45.77126992096534,0.05410557240810662,320
57.070729338393456,0.24233308192178893,338
64.75924512682872,0.1290597530551327,324
23.166724649850266,0.09904781024690024,328
68.40679524248566,0.27870368756894826,397
28.47333967921991,0.08997595586025943,332
31.088119893459254,0.2725340923705561,401
20.695936511196393,0.09688728426901519,336
30.497028553320952,0.15357332474381108,340
21.231035126108548,0.1594610033210768,344
21.103753473976397,0.23153002546724052,307
31.94035769714278,0.08084316582080626,311
57.180153271856696,0.13183400759401842,315
20.71422507524412,0.1086495641008461,405
22.878446089420155,0.24994281070108856,319
50.80382311964962,0.32951632431595684,323
31.94592880876491,0.03018931713361226,327
61.32368661866693,0.1932757503797558,331
69.71571908340161,0.13440806064232597,335
55.011953821740796,0.16597973906150476,348
74.17472513006649,0.21513034797173908,339
70.95350251241429,0.06707780895538136,352
34.46697213094197,0.09882580430694199,342
41.97506582625556,0.0844898840442944,343
16.526615516750393,0.02978499534980519,356
18.023522997071776,0.17947482998382808,346
64.6282681839877,0.10390295111842521,360
51.52619801832653,0.19213282043938396,350
38.79781395110354,0.06219701177370382,364
46.01443253296729,0.020349590202998945,354
15.22152244172278,0.10807454458258824,358
19.885711227354648,0.1436985886409962,409
32.88329533961661,0.2030332608005935,362
53.28405722551503,0.13616129847197378,413
65.35777125942602,0.07449409509873635,417
46.10722270513776,0.3152204841836828,421
48.80020379035201,0.07947107625024534,425
47.55678465308109,0.09866857227051062,429
66.730017615288,0.16839659926755574,347
33.81578553081734,0.07011995546206588,368
71.38938089514626,0.22739157625661358,351
24.666990234292644,0.12491357215047878,355
16.610152675690912,0.20859923901288285,359
51.532926974481576,0.12007258035884948,363
20.668833369508103,0.06936043007050866,367
43.89621310804421,0.09233326985500163,371
59.90353727413082,0.03960838598435145,375
39.54702927605901,0.2085801052036272,433
25.932154442868196,0.087169227187882,437
44.348596095435795,0.016453970546308063,441
24.169569794669503,0.16981934504295132,445
41.52309272680115,0.07653521312499063,449
66.53417021748957,0.16879669333989766,453
44.815893885215694,0.07977060220142043,366
74.14696614890502,0.10195929316736092,457
50.880883619445335,0.14331810629972883,370
33.23082070598369,0.08761864811144478,461
25.841247212541102,0.08631617546483773,374
44.40127713521198,0.12044469352117762,378
30.176385095262575,0.07999594481296682,379
60.37907669402531,0.10909671691782195,372
19.18076551692704,0.1352880153753445,465
72.9779718313819,0.2074812874896299,382
25.876790187991087,0.13418637418567733,469
17.404208725160032,0.11561674559061148,386
53.40363646976095,0.16122972821486847,390
43.73376246427087,0.04808219083849514,394
43.110085410340794,0.15909235828759294,398
61.59550498782391,0.12858988741066377,402
33.46286835260034,0.12416831028020277,406
65.97884559903343,0.16376821747185383,383
32.93876845256572,0.09917241455002294,410
68.88654674511129,0.20567057268250144,387
35.37854300427491,0.12387380695863662,391
72.90503128829116,0.20585381010338863,395
21.52528865624221,0.1307300627326081,399
52.97258300109397,0.09130476700667432,376
19.60352988114959,0.12007502125755157,403
24.50730482078236,0.198295058910969,380
52.75294995318353,0.114120334838718,407
67.04696633255557,0.17550795840697664,384
67.38460827766465,0.05081291957291785,473
68.39381273534995,0.04648784029727763,411
46.07103702871012,0.1043887179477978,477
27.277337916283727,0.07895652263573016,415
39.707063335315624,0.1546902135610077,481
37.2016471299454,0.26300559750673597,419
65.96443166563375,0.19695393682264803,485
49.88383270428649,0.12737700283283596,423
39.938559436034254,0.1184418576993322,414
16.94919725843035,0.20314240506269798,388
49.41395922988962,0.08793921460900947,418
15.145782129765644,0.01911423533753484,392
68.20871858135345,0.09833548744013226,422
20.31604503067603,0.040731266722648395,396
49.6297324177499,0.1379491488279854,426
63.82363420239079,0.10674587627482178,400
68.28588915688077,0.25295485624143516,404
66.90574911150298,0.10321238003699942,408
56.08877988430185,0.25530813215791265,489
70.39998861955155,0.11745378120241008,412
43.93913975868223,0.04647468190485919,493
48.07678637883764,0.08360250153849064,416
22.78325366640593,0.08587764383259772,497
30.210744943505453,0.02191217422237135,427
65.31636029325935,0.06407745573276878,431
46.22430318095624,0.15699412254027417,435
40.75402856101299,0.09866592110362404,439
42.146971780995315,0.15838902252979592,443
45.042618306030725,0.1971723326204316,447
23.537372032174094,0.03851564799002957,451
52.64792599932063,0.0943047104487691,430
56.598323032929315,0.05283962384715001,420
52.7332032422022,0.024367727008272055,455
34.439082389764714,0.03387243497357064,434
48.9544940794623,0.08067891018775374,424
29.882528923837487,0.052672132415431144,459
15.949482925810589,0.1594190278988068,438
16.54007659410591,0.08234672180686722,442
20.481063154067897,0.1374506318190389,446
60.63547880599577,0.10212240174424812,450
30.58836527714073,0.08230362191944446,454
41.25078281215226,0.12996680010026915,501
15.664049264012876,0.20036781289180552,505
65.28917890685288,0.09202190365473417,509
30.308355463025034,0.14989417649273032,458
62.952069909420906,0.11010790882332089,463
40.50128735396527,0.10293802004990621,428
73.27267307179223,0.1300605409154075,462
37.135654289669915,0.10886803666888166,467
17.944365337328996,0.027651735587782444,432
63.6580338801195,0.09701299852038486,466
30.595096046447736,0.19131573941118607,471
65.35395730375448,0.24066793655547525,475
47.578526734251405,0.05846542732674335,479
28.731764629331103,0.20087438903694643,483
30.543619274717194,0.18151723085435933,513
39.01817257944723,0.06124345337122386,517
65.54910023414831,0.18179966598359087,521
61.277417643831676,0.0305373564006938,525
61.52412206420809,0.17483914949285934,529
19.038218864467176,0.14666340326590524,533
33.19838185125974,0.008501776183374629,436
34.83831620565356,0.042459316084651325,537
23.985593950620654,0.07665781338473256,440
19.15807123497438,0.1531563278599104,470
26.28211016961323,0.08188319796437138,487
70.98938838683237,0.06670548697000776,491
35.82886774336339,0.15842943365871182,495
51.35066990177368,0.10052196878389752,499
69.03082559479746,0.1355765662985385,503
27.861160042858756,0.2327500119468014,507
60.926862595466595,0.14116339181805998,511
49.41770978532401,0.03175756012076266,474
53.47774873781916,0.0418304012058509,541
38.48461739326445,0.05000327367342582,444
73.77661100649641,0.008708583150429319,478
49.62315079461848,0.06602332160934321,545
66.52003571791832,0.12658484901537884,448
61.94202797467003,0.11128068788074992,549
50.99683628234186,0.11811483016713205,452
30.865735725117112,0.14977725050136215,553
56.03742377363281,0.11671285743337392,557
58.01991856825103,0.052018735324671245,561
24.41110007593285,0.14204672673571056,565
47.13511450829011,0.2054869384300575,515
74.58782016560114,0.13640291510176325,519
26.457234830423097,0.03253270822105398,456
48.958031958923065,0.09062603657195159,482
59.85001587737854,0.09332265262958911,460
63.891065529072314,0.06740853521281163,486
59.06005033467299,0.0034973359377768673,464
22.12726359874768,0.28341939963866264,468
55.0990773078113,0.2054342204480935,472
50.0425158579515,0.1334656461644508,569
15.245733819265272,0.17687562316111827,476
66.26078926147339,0.05529243626997685,523
66.41005396618993,0.0963467702678248,527
49.04075980828933,0.0457420117155649,531
53.256311413849,0.06897457271785633,535
31.862987942451177,0.20706988492427356,490
36.41684441714539,0.15049994259818206,494
72.57862918248723,0.0568192001624442,498
26.967292408272804,0.13523349280607808,480
25.521630574713903,0.1893013430767235,573
66.58051204259449,0.15553537433460038,484
55.65609642580638,0.04750059139586485,577
62.121085501731976,0.11660659532120135,488
66.56580635865399,0.16489988126194594,581
16.370259339601596,0.08063693385693835,492
43.310941598059834,0.034606647645226786,585
21.0478274366827,0.08691418510559759,496
52.79542208278673,0.09052822630532564,500
38.78377628257914,0.04160179032312131,504
53.638321158094186,0.12242449060457002,508
29.171447992908917,0.06254978337298665,539
54.6655587116379,0.19996977391450832,543
72.76070518776342,0.1719246216444641,547
43.79599605519206,0.14417619571124932,502
70.26682369600427,0.13873337443742384,551
39.27517315731602,0.16574603402520227,506
43.993614530662796,0.08744757812905567,555
67.97591321658587,0.1441886888897177,510
73.77683074738206,0.07604444032497536,559
20.00754461995842,0.2763904950253052,563
24.332637219735663,0.11056317548806847,567
58.2670059255951,0.10655153010176982,571
21.455401957726068,0.10347182566116164,512
63.12138038410557,0.26798683331904083,589
31.551635515117233,0.1467779079543736,516
15.945565137046616,0.22383318717337375,593
51.89273212456786,0.1720791541328809,520
65.08890567951306,0.12678709581966915,597
27.220084283375158,0.09607484114124458,524
46.45502541962571,0.12086185177323563,601
55.512353456276486,0.16388132944979258,605
27.835580741883735,0.052789579384934206,609
71.70837907224981,0.12970831703163524,613
31.27378981904236,0.0625736685888907,617
63.548438786566614,0.11953448498520647,514
59.538792195519065,0.2826656805372986,518
44.050508444481395,0.10381225674079098,522
39.01437945427635,0.06291375735187542,526
44.16334655541627,0.11884993226985648,528
67.92054017810108,0.11082645089650443,532
16.91917344448611,0.16561130776055866,536
41.18006071629266,0.06964349737591044,621
24.87530823482976,0.09455908420943265,575
25.71501974439846,0.07323273481073755,540
15.397777634365383,0.3263287477895685,625
39.29168974712244,0.0938864462404632,629
55.95191574541355,0.098299104134393,530
43.65589233666276,0.05224083514304807,534
16.32270819020887,0.23059304304233186,538
28.47548494833908,0.14568774895462946,542
37.073890201970954,0.22211601128509817,544
46.31538599667408,0.12313855418152755,633
67.58970548506863,0.11402582139580378,548
35.16434767421087,0.12722360410480058,552
19.240359839627672,0.14889847063657374,556
20.412928364059056,0.19492631381130954,579
59.816546934752864,0.10673283231329989,560
38.34551976353096,0.028184409877339795,583
55.92799429783134,0.1562064805091643,587
38.10592554974763,0.08986804739910165,591
57.036616990201544,0.10313645401337107,595
24.304115889081473,0.06288720749629165,546
18.75615143827524,0.051295801766460716,550
17.176313749040894,0.0803503040599867,554
36.09065024452747,0.08135850689241131,564
25.640851361498825,0.13139217318934088,558
45.25065936617072,0.07608000078256688,562
23.884329687005348,0.13961374938296825,599
49.98395909917861,0.14105729732481825,637
67.50172100982982,0.15002606304155205,603
60.22687932241835,0.10726912611900428,641
72.53944218959467,0.19723129286116384,607
35.01311315736087,0.06166705779633774,645
30.65787855906807,0.15304742732392007,611
17.908068134570325,0.21532605106115194,615
39.208342535070216,0.1129301311112486,566
50.41774926759633,0.10648646447395789,568
37.01891541580183,0.0762056087127319,570
49.04516834302346,0.14303060435346676,574
66.72225617329343,0.09672380590798903,578
15.925850373713743,0.19767866670537093,582
64.01907880359164,0.20601982534381724,649
15.516581217157972,0.0809589418616308,586
34.52436535137773,0.21767412224043012,653
59.02106617015998,0.1417517471330611,590
39.20845934335237,0.1881568606551247,657
66.32301367677763,0.15501923543926382,594
73.59456980774428,0.10063331743399101,661
37.67840068827367,0.08222164287850003,619
43.63035998249032,0.3327840018277243,598
24.603265329166142,0.21902000998313734,623
72.9352551979653,0.10458106746538583,602
50.26016363994152,0.16211937840694945,627
23.4632210529982,0.11520784782882165,606
15.14950409454477,0.1461395389570142,572
18.217039337795605,0.21393422993292394,631
52.71462586998508,0.09293589249827942,610
41.17086333815032,0.1100766953883716,635
39.75383349121998,0.05693711587265481,614
54.69930976790814,0.01933867629608035,639
28.565940723672966,0.18580494460527444,618
20.8709076610813,0.1832937042678061,622
49.35739973706737,0.19577998991351908,626
57.34826468002955,0.1554130660817102,630
52.732694062806836,0.10088490164619895,665
74.70591288271733,0.15483826656763017,669
27.704475161811892,0.21531655061754418,673
47.762029344832634,0.012923349132106639,677
46.982948089421434,0.04153796660350053,681
27.70788925853919,0.12389429316212296,685
60.5299092057369,0.21280004006144682,689
39.79797879475961,0.192458598402951,576
68.65243821133237,0.1248150888381045,643
55.02127995137477,0.017977166019326998,634
72.28951165724695,0.10501601638251486,580
64.03945537996141,0.0594700612163995,638
19.891133872235585,0.1106775471447439,647
39.58765330184001,0.10577240369732757,584
33.23963345955959,0.08842826143557365,642
26.192354722998516,0.05212504703561177,651
21.653358598816087,0.04638246023723567,588
21.8755870933728,0.059521655768803854,655
20.858345937618918,0.08187360869551308,592
38.86209093756894,0.151167549422505,659
28.180997943620376,0.058589132399058476,596
17.897707369814352,0.05677997769738977,600
60.3464216559043,0.12436447498040056,604
19.299481704892727,0.019276381685926873,608
30.532361588505186,0.14771033479029,612
59.05901196533861,0.10744362098534294,616
17.07674044538994,0.18036801773563035,646
24.556651381249544,0.14309456889031968,663
67.18899256557836,0.07490164357746527,650
47.140575099668865,0.20611801035392927,667
19.019530745429478,0.09239670827960393,671
39.57416167780357,0.049790078918741376,675
27.08612426919307,0.06971918156822418,679
21.757424836142185,0.009394202531350187,683
52.60729195728999,0.18551539169523526,693
29.321724841607125,0.04362923125716067,697
57.869336889745966,0.11876936333285691,701
63.75208309156306,0.05183870430812598,705
22.499593668045584,0.1768780067539435,620
54.87250281732978,0.21565847061457277,654
69.11492577683858,0.27991075069330806,624
55.81407166950838,0.12380607807088694,658
31.344094579035296,0.1537984706514859,628
52.99773086096447,0.06903697620049536,632
54.302316685080186,0.17033422697643102,709
73.77733625314463,0.3130597957616519,636
37.761291551283286,0.13564212372822332,713
57.123326164416625,0.09821424671286626,640
52.62110635520864,0.23389187322174246,717
67.86248296419683,0.0643604585929914,644
63.57051185302767,0.17198112005565527,648
42.806738461991166,0.07497633577116912,652
66.65369223035847,0.17827319458951463,687
65.2283150468815,0.08094523374408047,656
63.592849337137984,0.10453922251300184,691
51.06207354402404,0.19312010850180117,695
32.848055372735075,0.1516740882993281,699
69.20768885481982,0.15201161963877477,721
51.42544817482744,0.08425569282831664,725
27.500128552519946,0.18431641276930855,660
70.96685287835211,0.10131449912594953,703
56.996347450613385,0.13190585635845312,664
17.51891456946517,0.1512777971440718,707
48.49617043381951,0.048223566745645464,711
54.60914999660775,0.0604330570994993,715
42.65611653239277,0.1650009125929163,662
56.62474128324944,0.18761376491492499,666
35.173864834382904,0.04614679069397121,668
61.237789937102264,0.09832593909215256,670
15.420937199548288,0.04756195637550922,672
45.28998585365436,0.10330992577717409,674
47.21477156354138,0.1537611168746464,676
43.51619731034599,0.1577903536335414,729
34.813577316319474,0.04962389540431539,733
37.00002634056539,0.22597624413031647,737
48.51908927318277,0.26573717594562885,741
18.128253168205653,0.16065988982993368,745
68.53777823430167,0.021148151065679105,749
34.7122685570731,0.09677102147050184,680
48.53931799173971,0.1645562452404629,719
25.810629297564347,0.05397445089136382,678
22.745693353207148,0.20533657694423146,684
51.56159227547718,0.08701846588616227,723
59.09979006682892,0.13109833524347705,688
71.42338747506388,0.026181007656985212,727
57.24828532888403,0.13933405485217842,731
48.48711139329947,0.049380688046886424,735
55.34513056041958,0.062125476713342204,739
54.83849117991181,0.10539001214383965,692
21.04405057970238,0.15985842713857004,753
56.300010762151835,0.26384207809137,682
74.25969387908648,0.30377308055648844,696
27.073428206299063,0.23094611529935213,757
59.69179307327501,0.07897730323123642,686
35.650186455466354,0.10045142837598418,761
69.09692108358297,0.06342096018608094,690
68.87551216288657,0.06581718405581441,743
29.19735794229092,0.04823822711151404,765
73.10696904982476,0.10845774334758314,694
23.143876602099027,0.1513855825664543,747
59.151130250777044,0.18267546270833424,769
71.26304951802175,0.10359332728125728,751
67.08487632362474,0.25908702345672757,773
64.67370955098775,0.06738407473826045,755
37.59746166070436,0.16777360777953865,777
44.262453498762504,0.07448978813218803,759
26.02015705630687,0.11063475967317422,781
44.23386786004768,0.13680993559250484,763
19.57816189364244,0.19901390291890858,785
29.629598491920643,0.21721809278924342,767
66.78854560534525,0.09393943028055052,789
39.08082201828756,0.1532049792821735,698
38.5536389382656,0.2000072646491965,771
74.22311381939708,0.06459191273229044,793
41.24173949342368,0.17412910734895304,775
44.92934266305739,0.13502111336351325,797
73.4195168233708,0.1886385188481643,700
47.265273212998125,0.04663611575425386,704
16.309216524465548,0.1261567909327289,708
52.64302504791677,0.06448955887103643,712
53.31709326852377,0.04689327921884491,716
18.40085336028548,0.19708943840983822,720
72.47152501779864,0.0701726276772233,724
33.49040444357654,0.05775622126960698,702
19.939136601375438,0.1536923541855616,779
16.932897488837156,0.12826933460063378,706
36.83712571793904,0.13894721801936402,783
70.96836663492726,0.10636248797154327,710
65.68859762346528,0.09495306974610634,787
15.483148288074567,0.03363768722952059,714
71.68339755353138,0.05513664900615167,791
54.51473012735178,0.30112761837387986,795
15.748794340537058,0.06621193699532073,799
70.52029268364188,0.11573670797224289,718
43.33772314103307,0.1373516959000762,728
19.329355924017513,0.06052785854141407,722
34.94580606515848,0.13611139376582065,732
37.66880332796108,0.1351265573228343,726
74.36697348291514,0.22397393574452878,736
24.177819092714792,0.09901856843304274,730
28.77308798531501,0.23277118116781725,734
16.469687345655796,0.04365146542271715,738
64.23444518628992,0.08281119183288159,742
24.082868606199547,0.1448601749829511,746
60.666087245982716,0.13429875028880653,750
42.60613221471108,0.14306557055083838,754
20.879338848062513,0.11476463931067055,758
67.34015449968621,0.055088012507505946,740
61.243475498088884,0.131726672773611,762
48.103435220988466,0.1014891768304042,766
31.75232509062694,0.21760782636642206,770
63.59808858191963,0.11027799837513103,774
44.80451108617644,0.06770208033694536,778
17.12082559088079,0.12713620356301195,744
63.094157204129516,0.14076986829661436,748
22.778010918901224,0.04978500218048772,752
20.745190277356826,0.09068039928283277,782
26.044051914518825,0.03121883199358339,756
70.1126491492546,0.057504369491186064,786
73.07103812214751,0.19751097274164303,760
72.04745054748491,0.13970700961453117,790
64.98358910329206,0.2393194766343236,764
47.18961604585664,0.1262033341507321,794
51.83008468481788,0.1741692164286842,798
70.47686978677369,0.17402705754659778,768
64.70018881718167,0.1039925117074496,772
61.18985503324935,0.17051329864211764,776
18.201922746589858,0.06769304126188999,780
31.214811831709902,0.06809585353906958,784
70.03532599700041,0.09822134890662652,788
29.310090415773402,0.13131636397812904,792
49.0191004647734,0.08204531562918921,796
