71.96042328543128,0.07980938949531201,3
56.022898633501136,0.06945347289078783,0
70.9174450710392,0.13078976876634146,1
15.799824507743459,0.16477604572270235,2
59.873816643802954,0.18223797587026602,4
49.46842524722064,0.13364708470876263,5
47.06671775296941,0.07118831286483183,6
67.08014423716658,0.07354140024105135,7
21.74354331328917,0.03537511503304445,8
71.2100279500327,0.19316796732440528,9
33.20088257398024,0.19150076038568997,11
27.194855229844187,0.06581739775701201,10
33.46260302096321,0.05295224213030443,12
59.68658251420494,0.14577455240562923,13
39.17120536739301,0.1031748810321638,15
54.830645910989574,0.15063473389210233,17
72.0418867486718,0.10349330424400863,14
24.47090118069667,0.21346263709670554,19
39.133067584504175,0.07850943787661364,16
53.61291408071338,0.20616405580947333,21
24.51365501077635,0.06788225078433975,18
18.675060938211033,0.05667500122508114,20
56.22220713311105,0.08748499248249665,23
20.48495689283747,0.07279483719312152,25
17.35528253515749,0.09416842153918971,22
28.70321101430049,0.14795437383344448,24
63.49181644926177,0.17984460534108493,27
17.727096331451683,0.06591172275138706,29
33.65630197084341,0.1343194221455665,26
20.161462765128835,0.11707158929766714,31
36.66451995043261,0.11098115805917685,33
29.274433037804847,0.0739406403034407,28
42.246150394060706,0.14764404157210506,30
54.26654564902774,0.04821423890267606,35
25.790857888413758,0.16182383682927803,37
47.52432465441065,0.09753587374684554,34
41.78561390546927,0.04993760577644385,32
36.0231601475848,0.01633840019245121,39
66.82348693459969,0.13990752319523278,41
52.11917297550029,0.25630692770868707,38
33.53756734162719,0.0946192501467811,36
54.04420752465524,0.14222030137104608,43
55.32041529862011,0.12567286490508087,45
62.6222339364732,0.08669560749637958,42
63.86431030334664,0.14314537352717857,40
43.46928521033709,0.1737782579670299,47
56.998722167300414,0.0808608191914669,49
17.553914768529857,0.08630895890604943,46
55.61090998306524,0.11422982888694211,44
64.20308918925296,0.04755565605882182,51
40.30425425886726,0.11833501727509088,53
30.12810064503467,0.11230844619484313,50
40.79418878976282,0.05920407325859414,48
30.188439849538156,0.05503096632936144,55
21.701384567331502,0.05905290978578337,52
23.70386910834085,0.06652668256397509,57
49.32044190637485,0.18697199338775985,54
42.03092925081846,0.052661203410682006,59
54.806285056116884,0.1060968472521642,56
71.64339243605681,0.0582016639012286,61
31.335454036621154,0.1253666513398125,58
71.4302917959901,0.11468527922965444,60
19.658517145032782,0.17451316852859222,63
56.057477419846634,0.15699768442761095,65
48.9727431330576,0.18631802242168166,64
38.15882284822093,0.06403815896198675,62
54.02369919446585,0.13199294856272142,69
42.86379939613195,0.16884329163592873,67
41.25689400404167,0.12588615464272834,68
70.65828591224258,0.1166181674294981,66
33.734411451263895,0.09354751207550747,73
24.609737031163327,0.08193594119333869,72
57.80098759908131,0.06939763039815909,71
20.718911779856985,0.020929090774811948,70
15.950805989407584,0.1353882941335717,76
22.821281910020154,0.13096987808158211,75
41.328657117456544,0.10336183291697819,74
37.68149343251568,0.10507319767500166,77
33.976839387073326,0.0993851621053651,80
52.671407791217305,0.10979789093120829,79
36.34889805480849,0.2769091283268549,78
25.70786924367456,0.12028955086458754,81
35.41363499999934,0.06441001136249654,84
23.490937198092656,0.08160047884415715,83
26.810733089438514,0.29187547739121716,82
46.4123642949956,0.16877368619908953,85
22.112200368148677,0.19602260830936302,88
57.38501071013404,0.016031726403549676,87
19.52341589456191,0.013464026439134864,86
50.79213941706608,0.10385499480254118,89
18.643745256417997,0.03157008870911094,92
69.64406749295512,0.0687432426579049,91
53.9161963492237,0.06489277056309577,90
22.494136736357845,0.101968541669681,93
17.291711605988603,0.08954312881331736,96
51.33333043129593,0.21504415973714322,95
33.3273567605732,0.1524355954075425,94
17.896468366854663,0.16998552172008233,97
68.566613233705,0.1655798943704418,100
70.6449688919469,0.14296589344207591,99
18.377660206335623,0.18768789733466265,101
56.55390214967052,0.12689943736002504,98
41.89820199880297,0.06113515900314651,104
63.84590828755305,0.1647632687661076,103
35.25058640605721,0.14042553419175705,105
32.94962022563731,0.2138337985143237,102
43.409528445632944,0.21300501709610212,108
35.34570619209807,0.028877244146431554,109
40.159465150761584,0.06560212044870305,107
69.82151726841917,0.05132017389544177,106
32.23628068315687,0.1738896667623897,112
57.65264082141161,0.18046081594319185,111
49.10108257641394,0.14428534703621743,113
55.54288957959149,0.04930556382220786,110
49.490269529318866,0.07806240523077335,115
61.170982747862446,0.09125173287501859,117
65.69910933712461,0.03842240113872,116
37.65909554550379,0.05336177854730389,114
50.97045566369331,0.29317475421592054,119
49.61964435431166,0.2258963895502904,121
19.350070457142387,0.07610454369162518,120
15.663945310966952,0.11644434030868878,118
20.95240051788437,0.10426862870403426,124
67.09252067093617,0.07585626041028953,122
55.5505241996028,0.1336558727887201,125
57.74306760400861,0.08536135318534221,123
60.15741465881379,0.1185505331459922,126
37.291347099086366,0.07888344975338071,129
55.28694091745194,0.08491701945292314,128
74.02974878765285,0.11339911520195041,127
16.98958324372761,0.138097054313724,130
33.181606969509346,0.10874036100964549,133
27.395567046162345,0.11735942415367136,132
35.26292764592389,0.18933582357308845,131
43.357565408737464,0.039525484827138024,134
63.10623218374461,0.11843853545148433,137
66.65518567550792,0.12365918165617368,136
20.830396747456753,0.14417394638043488,135
56.37796838690464,0.07091235808888482,138
49.329037903048224,0.1283389698313605,141
48.402571342320115,0.11053092846858359,140
71.93273314765392,0.28267841836846613,139
51.29607182964357,0.16332123590713327,144
41.931041377528835,0.07581073746712612,143
16.340302484437224,0.14818203101579172,142
49.16585801034752,0.11148050214871266,145
22.086227275999054,0.11853965840676187,148
73.33666596567204,0.11316797879279801,147
29.10370371732658,0.050080857028053975,146
66.97335483191125,0.052444359705919624,149
31.396252488180604,0.18960851516979582,152
57.123582445863875,0.02791798488441388,150
34.050220634570266,0.17045675380108538,151
61.20603358591605,0.10820108658325914,153
58.94168682331912,0.2173272699184881,156
27.65883189879534,0.09069036763555449,154
31.49427942721654,0.24209779128531334,155
17.527899366947096,0.1354732227363947,157
64.93709080037485,0.07465418890278439,158
61.69501330320743,0.25181264767666633,159
57.4023399241073,0.20675345178558518,160
59.82147836313184,0.1472818038456045,161
44.50896895048314,0.0038316054539766667,162
70.76304297599215,0.11556181891338689,163
35.23737536152652,0.14364444811692442,164
39.58439282827933,0.14294276393262825,165
41.516234351589866,0.2623704922170661,166
20.657468360402017,0.2419414945579772,167
53.373960012241106,0.19591562501074938,169
70.15077070270932,0.08900995054108161,168
55.2187926560462,0.07321934443693852,170
32.731281163055144,0.18388746841353604,171
57.50011980087634,0.0969284295220895,173
28.50954981824085,0.11063846970817469,174
23.571663857313542,0.10067919313257888,175
25.013148515667947,0.12385064889554936,177
30.97699630145058,0.23302151531216153,172
68.2840252150084,0.19723032083056025,178
32.26950802668419,0.08345969255569885,179
16.4416445870965,0.13716211917493099,176
70.52848901232451,0.14485580605753676,182
38.86531251405525,0.27536709293733447,181
21.62465103524984,0.1384252696923219,183
59.596632351906855,0.15775260582612366,180
38.28429077287018,0.22009193014943823,186
27.17961664101319,0.06132378312471146,187
41.791594668324024,0.1205973069526082,185
29.731218380243032,0.10654551830503223,184
68.75619892425922,0.12426769969327685,190
46.79690105012619,0.06995856245618585,191
25.817842696957097,0.15578427397939268,189
22.047563310676875,0.13333307076635406,188
26.06052919300272,0.12316750257445722,194
61.33242748535656,0.270398259371623,195
25.734429488289848,0.11414698818604137,193
73.75815674268883,0.20467214214038432,192
35.82011538534715,0.2375280044280851,198
31.896942003472283,0.15356478741317423,199
20.670455427928296,0.19478388642597066,197
67.84641954645551,0.013856311667839316,196
25.33289410964072,0.18053479900619676,202
70.44932505839333,0.1905617149068348,203
35.79582743416004,0.08448504472232973,201
21.57118771437089,0.27285332823329106,206
73.2583714666631,0.14676449150166987,200
57.90533422284837,0.18966096605643967,207
63.40843263075459,0.07435941536313435,205
38.79536885043743,0.1590143571891012,210
56.232605912815764,0.18203997767479294,211
66.26454589965044,0.18041724125245961,209
44.81612405394688,0.052302476588599815,204
18.635268131806658,0.09575391802521149,214
29.09609413834997,0.08086536553389008,213
62.59991923094989,0.1282243755104745,218
39.42336595868082,0.11488939974994757,208
47.06679838487685,0.23164168292724285,217
16.9393351016279,0.060428054129661374,222
37.936593374894116,0.10128893404342568,212
42.991520013186715,0.3957791044264257,221
39.78705087277224,0.13156786872929147,226
44.1672310187585,0.13408969861758865,216
53.232972814555374,0.07953331232416348,225
59.53605689694751,0.047516902508360936,215
52.00124463205072,0.12889200352525534,230
31.422314369677608,0.055916901042087575,220
16.08936788982465,0.10795113573044475,229
45.802439710332735,0.01790772688728939,234
66.06476828358657,0.05848902152998875,224
34.84627616794738,0.17788111786570068,219
24.5408383989325,0.2201942902696283,233
72.4294615996005,0.06619784157644938,238
49.76568398554093,0.14325925732040473,223
22.934236426869628,0.09875113392736719,228
74.69046459007626,0.2812237304626916,237
20.22932754203933,0.2174804874532812,232
62.15804919983961,0.15762324962403865,227
46.348457093211984,0.2762749908604084,242
25.60276412068952,0.20702645252532667,241
67.96034669676071,0.12660801042514616,236
36.899718587267124,0.10674717785649812,231
26.91135872726514,0.05201165278723141,246
51.633067291026734,0.031875046474297904,245
67.85993226154497,0.08295491164395262,240
17.970749681682683,0.04672927120788618,235
54.30178096083724,0.06306769786912345,250
41.49785203601056,0.1625155961763023,249
68.93786501444436,0.2629393232672395,244
38.74568017106758,0.14461539166043194,239
17.700462695511394,0.11189397625795461,254
34.947261311126006,0.16275971519672994,253
74.07015577613464,0.08653720310636767,248
51.979407444173674,0.1347138014347961,258
18.214111963378446,0.14246675825415644,257
22.283448750576184,0.23235604712441393,243
33.70440467486028,0.2809341015821129,252
21.00183624795814,0.12875423300493158,262
64.32756811641487,0.1026657396247102,261
63.18243578169513,0.24106916940429862,256
20.627609673611687,0.16984434641339496,247
64.85077915281963,0.136652531761903,266
38.500515113969264,0.06135019172680263,265
41.61930287464277,0.12805392302025215,260
49.23344353516059,0.11430093677748283,270
20.477153978325312,0.08942276735519822,251
61.71983025155907,0.09488900319682309,269
28.01445084048597,0.1023520955219496,264
68.07069203608455,0.1467209140426709,274
50.11002348984429,0.1846967983083251,273
61.14595641132865,0.05561352933829199,255
72.60104745531518,0.21511166668025622,278
43.13518665778592,0.04766705121936427,268
67.08089379849262,0.07847740328386504,277
66.95750873103447,0.13076132143441463,259
28.25867219988116,0.13248081146294097,282
15.518634506119774,0.14385398828639,272
34.65699441699884,0.11638830955484399,263
19.27305799278784,0.13901077884200524,281
68.59345873933177,0.17743255282676917,286
53.493018656945445,0.04086777135798285,267
19.41418877355548,0.046754436330212305,285
37.52415972729763,0.06779336219267422,276
70.17950020367758,0.045815744178107756,290
67.13772984193673,0.14018672282241085,271
23.712846429984328,0.15301901436045426,289
16.541919451695257,0.21947978655028422,280
49.09112123673086,0.1322126922800874,294
34.22690720854719,0.09310005837696737,275
36.35421797146161,0.04141421127250669,293
48.09740591051725,0.08029253713041032,298
37.83011544723573,0.04287646764433781,284
56.41930995825136,0.1233997104462552,279
46.55140393511159,0.15876470251794608,297
37.04355491596078,0.03014323381344034,302
68.31290772704504,0.05477866729581138,288
49.862254506875985,0.21753413385114306,283
61.862440830053465,0.036222720137194186,301
51.95383593241963,0.09420738543856302,306
36.71205800372754,0.12312873101993083,292
66.69572094021257,0.20827345002244224,287
22.592994309998847,0.05659825110082606,305
37.78961464498725,0.06427080113358377,310
48.3274287827788,0.16010560797708967,296
57.412145670263556,0.08619228359947417,291
18.426395889824065,0.12081886493456534,314
23.637000907389204,0.10167022767314529,300
65.97723003191486,0.08284928218355649,295
61.91717751173007,0.06496787182817663,309
67.64353093193643,0.13643517638808603,318
49.35612121388355,0.07901248964674355,304
35.86616622975333,0.1950239527379421,299
18.784481765253382,0.09802062736746081,313
47.38266871319818,0.033190399421330445,322
66.62502976714318,0.06913686272101377,308
52.84097487609493,0.018493799259475176,303
52.64382012388007,0.14156729597913817,317
45.618094372611296,0.20107769552552274,326
24.6461545866575,0.10294438649662799,312
64.47044218326747,0.18042436276733134,321
34.726067740872196,0.13143368785250648,307
33.04604373568142,0.17234627378421413,330
18.109718153855102,0.15069349818744804,325
73.90501996571251,0.04354952320018119,311
31.46650568618304,0.16459666222213284,334
39.98327546414163,0.16213653435589936,315
53.16589798889794,0.16255548048325613,338
69.74957431510035,0.17520150403759582,316
59.2479373079161,0.17182675425753136,329
61.16681513951913,0.1706433541134479,319
22.646253359257756,0.1690054194740902,342
67.80872775854989,0.015625573496661598,320
47.74820697520564,0.21729592251947621,323
29.03478084282919,0.11116790211902464,333
30.18350451931571,0.1474324923542165,346
20.85819786336091,0.19381040932401775,324
67.63526866222618,0.14264293861847874,327
26.49846068942852,0.05798238980360565,337
62.84115225847939,0.16339339897186808,350
45.24866426803797,0.10421538458908595,328
43.11121013175196,0.19550996216690272,331
22.009621147746113,0.07198347957107974,341
69.45143562730938,0.11503188700299632,354
42.732648939215714,0.09417571200307909,332
46.364526718655696,0.013728194724186911,345
19.761800539852956,0.13492170633547282,358
45.14803105578871,0.1626827066253862,362
68.25822123911735,0.05780616903130225,336
63.31139685822541,0.056190330539864546,335
42.91998891209988,0.11567432179082092,349
52.520847547534814,0.02939314646623485,366
38.17859546430351,0.11355748110008533,340
21.883487113610975,0.03604021892334141,353
57.46170251178833,0.13003918425988703,339
58.14916237094809,0.13852891134125148,370
47.030338048170435,0.05265808147103787,344
36.854540028783134,0.12879742505046152,343
21.647231527388488,0.08143307635247196,357
24.042623741151466,0.10936289651697571,374
15.877233801066485,0.07479990430123708,348
33.471738992244696,0.07006710776879395,347
44.280470891553556,0.0809193580581668,361
35.853794195544445,0.09375825349339405,352
55.614609362369556,0.058938816651702655,378
59.72889547255218,0.07614459990939612,365
71.92736689592192,0.14691070027684025,351
31.001696761010503,0.14226420592615763,356
39.39580369410261,0.2794034998944962,382
47.560759345015995,0.27099015037326296,369
69.39924066850207,0.1817317413682643,355
68.16700321542228,0.04845102992420455,360
17.513373408553548,0.07896950998354427,386
29.28732270164462,0.08557441377438663,359
57.655510398134275,0.0375673740757248,364
16.80085029380139,0.09886681257341418,390
59.05121963453722,0.06810070180839622,363
69.90967422067244,0.07040530306688639,394
43.172978326056665,0.06523114628290548,368
44.4492643204883,0.12130209501591778,367
70.3272904918908,0.11351790156886131,398
43.67256000151097,0.27221516764194215,373
21.117624783015877,0.19172386569226074,372
48.92016764768405,0.08834866746566991,371
50.01870026817531,0.10558977880497356,402
30.82574402895063,0.14070985764102248,377
25.652403773519293,0.08669820376872435,376
55.64346657918204,0.14305635763100144,406
63.65866329470393,0.0951812210804669,381
69.72995851014086,0.19461071213992717,380
19.291769056567787,0.1798935003982881,375
35.04271212174886,0.1083639459980224,410
16.059172915500127,0.17245183521527427,385
45.4573415688149,0.0549772397757588,384
60.927835455767735,0.2286939009469423,379
44.94039519717361,0.2804737607767002,414
38.80695094757927,0.1336484914323691,389
42.85713997178654,0.07367578510071889,388
54.07970872203148,0.08740504877903835,383
29.893762632842922,0.10344329583581605,418
16.424607613089567,0.17370580141510167,393
35.53002948867923,0.17029306567643965,392
56.488884416765906,0.10501277918577992,387
25.51531682887732,0.17409579724553392,422
16.815753956207093,0.20374932060407228,397
22.159923275603873,0.1465593381000658,396
23.097658517704325,0.08204185790606633,391
67.09854182130788,0.07653221186451008,426
69.47759221156997,0.17636731649044113,401
15.346011726858993,0.041866184101105354,400
70.44379335007027,0.03411311909293253,395
24.97349154630713,0.08515184120792427,430
66.81953542714493,0.11198700854379982,405
54.71120357071265,0.13798532513985756,404
56.21955734841539,0.21452190908332636,399
39.85594499327311,0.08118467523709166,434
48.066004907871914,0.20102842723810732,409
67.56928933648555,0.2439647463277561,408
39.94909992404153,0.12308172231325767,403
70.73706548217432,0.1172890485688932,438
33.80995927970468,0.02282727410825388,413
56.94538570205158,0.05762220975580362,412
43.507080634295875,0.12875823385303445,407
16.066467159066313,0.11305135947219001,442
40.56433565045536,0.1627004227220266,417
62.84881682247475,0.11782098686982288,416
22.073830015861347,0.2375679262483845,411
35.05825710939464,0.21195369874758274,446
44.908336407571625,0.2283275938776384,421
74.55276421748275,0.06300674518883846,415
74.70982237543538,0.08828141228726874,450
16.937661884213597,0.0636237026815549,420
25.048918603698194,0.21896784111107692,425
22.662163359953468,0.03405798695137357,419
42.04407658155318,0.09588830253923268,454
50.81750019922753,0.15720358393315612,424
20.291387591692086,0.08723692154351315,429
71.15736285823583,0.1057789770774239,423
20.688481898091585,0.10563192519953041,458
64.30276430676855,0.23462606093676694,428
41.38439168403122,0.08709448552926735,427
36.617003249149164,0.1953484378808917,433
68.44507922927599,0.126294343017849,462
22.54080807737589,0.18307810779752476,437
66.07201366710558,0.16977980913566806,466
33.12164935117073,0.20046429821794642,432
72.09368873021324,0.12999831625128552,431
33.05187319055427,0.25482591550908745,441
33.374178268570404,0.0797247689559294,470
22.453394819979827,0.07391217967929686,436
24.591845775628194,0.0853085911600314,435
46.53979417315047,0.21775348661766003,445
58.79112233799821,0.16148565877715193,440
46.50077070127587,0.08826500761103417,474
34.69316970509395,0.14341992691517932,439
46.22345327975217,0.09759277397200017,444
70.81519780864114,0.20567746523056596,478
44.236889515327675,0.03898424044207452,443
50.840594463853904,0.11852255441740761,448
59.873154854135656,0.030280588178796176,482
38.14089841358749,0.22051056996535429,447
48.677369283825996,0.18283999456248065,452
41.21148323638813,0.15354255551324475,486
60.66657769781153,0.0915696609723432,451
20.275603648611863,0.07383701799435714,449
74.97353151707702,0.09417836273028402,490
68.72100603865499,0.07804452570005954,456
62.382656336723514,0.195806960093159,455
64.05634722244434,0.08285961724434757,453
46.97467500283368,0.07935126344852318,494
57.80250937413615,0.09506358762619273,460
48.853087580305115,0.2748208352431717,457
67.04634387769076,0.04362640487788114,459
44.89979282588098,0.08712202945547769,498
17.449132130363687,0.12889691271383358,461
67.23533769979863,0.14854650859178825,464
31.468698674565236,0.08125422044012247,502
64.42289918517397,0.2874468090708999,463
47.25501127423186,0.0972423342840534,465
46.1089348635375,0.15897858171748988,468
57.43907363631728,0.13095510039301123,506
66.3248066498123,0.05939527489137552,467
35.88871687864305,0.06435779305346012,469
42.7149801207847,0.1410812070276157,472
39.63922496998036,0.07371299075404476,510
68.82345174289676,0.031789800551276136,471
59.00487076219701,0.2057892528285366,473
29.639095983427307,0.1140569307877522,476
28.67692030479489,0.017968884071408123,514
66.09130552207584,0.10449748578315013,475
51.405892288774176,0.16888791641444384,477
51.74405513544716,0.14509132734443547,518
39.1986712665117,0.12404375863165751,479
22.362086825654643,0.10580108435428937,480
53.194813929158826,0.09240244658847813,481
48.88339020542757,0.0360115073605959,522
30.060226336970466,0.09525330301431284,483
29.390069530922226,0.08949809410333075,484
52.31738118770611,0.04626272461184546,485
19.755290493547854,0.045620900877292724,526
53.16861441390622,0.2543606065559256,487
56.87915224156746,0.13151486662560669,488
57.55363914803364,0.0659631690688061,530
25.161122272693817,0.19461289106941249,491
33.8262016358465,0.15000737660993047,489
16.428622951603423,0.04710518197188876,492
72.08146319009708,0.09838148129905562,534
28.686613107708382,0.08355110162720365,493
69.41896664549495,0.0983585575702221,496
43.282401307464674,0.16268041422082385,538
35.42717187716067,0.11919698532715793,497
65.70309979014823,0.19314119251112982,500
54.832333007604255,0.10087607291132694,495
58.73384601933005,0.2057081574825329,504
62.609048503405035,0.23768848261365816,501
64.40686392066954,0.08824285779795353,542
17.500833624095662,0.06383999232633118,499
33.62183378990861,0.13168493246524204,508
69.74540724279484,0.10056382094696821,505
57.830911181697495,0.04590954153462572,546
65.66688433639467,0.07225318892678827,503
27.51885465967224,0.13996982690553483,512
74.1283282696823,0.34586442954159036,509
23.24141449695368,0.06493373746008813,550
45.214922788393196,0.022208108346171446,507
41.8779927441003,0.1725413528382057,516
29.367177493378637,0.15547124354540293,513
52.07161542886114,0.06716668443368491,520
36.73611027184748,0.09793553866719902,511
24.227413298607416,0.07991679746992433,517
63.012658140319765,0.16294282625915496,524
40.99220216661935,0.22236106661370655,515
38.34912168814945,0.19507881042779585,554
74.87978499676768,0.0330986072814892,521
61.254332839643396,0.1295160085964267,528
74.45053827577918,0.32124180814368725,519
69.92119402285752,0.10266248814339828,558
70.49930371004079,0.1437283461174272,525
57.496601870213816,0.23401470184122003,532
48.68410300440731,0.3029514580556949,523
49.48564407209982,0.11063997742817565,562
43.36837643583629,0.08488491822658091,529
18.854169773208632,0.12435632936467217,527
72.19344535078821,0.09700997035507067,536
17.140560649156324,0.16972946696846816,533
73.51026608664213,0.09184181532668796,566
44.496325330547606,0.14563827864273285,531
40.44733244768946,0.10623156330448708,537
71.98307908243791,0.13268540154090014,570
42.93267134696296,0.2252760966612152,535
40.37945644597693,0.18505473488776966,541
31.97949872436859,0.09952830729008824,574
57.51116626763292,0.18775607917600656,539
39.69468146399018,0.06393873320786335,545
38.75791720003323,0.11481141164872595,578
45.41506867376028,0.05517663713666237,540
19.061195361866154,0.3065209001195023,543
54.96079296620362,0.18660423532099824,549
21.369779199671136,0.08934088368307452,582
47.53335285828485,0.0684441843037339,544
16.02287496779669,0.1691989920222682,547
58.43686553813604,0.24780902155339224,548
34.09431603726111,0.07388546806621006,586
71.65792686116812,0.2175903118887079,551
35.09123547739718,0.17130644431713787,553
67.19712957790735,0.08572426609552576,552
24.20653318336324,0.21236969075502843,590
45.30819260816487,0.07541636733361692,555
35.779835049115434,0.11091341883783334,556
31.951819679189654,0.019266290639291465,557
34.808682837198845,0.22453528189563943,594
63.88140109945174,0.059713653675815284,559
27.38512931143981,0.2299037342293577,560
71.32517396627027,0.06688461688894713,561
70.36247711094197,0.14037790646371825,598
41.70759520751233,0.16820799472476225,563
16.411128625865796,0.065275364418709,564
39.22534640392107,0.12766545486142675,565
58.77082289348454,0.01153090144592453,602
20.534400494465103,0.041630651251545234,567
60.50817953508435,0.12805682985361946,568
21.28824145896713,0.206471397725416,569
46.60275712822599,0.060142879009647376,606
42.51607826075685,0.05022325102636752,571
74.0865540538902,0.0756245074296864,572
37.72196802677908,0.12486708694072213,573
61.62813119988179,0.0027037226745012873,610
58.274444334467866,0.17491695391070902,575
53.41476752296427,0.252096283150554,576
59.102338322492855,0.07718311813793131,577
32.28964449470636,0.1548719153564142,614
37.854365358233714,0.0279769558374256,579
27.883800331963563,0.2247689493046525,580
54.604733360483664,0.13527645574044075,581
26.89727947934096,0.0750388879012975,618
36.41045631155856,0.039945431641241536,583
74.78909229103664,0.048703964186041074,584
29.29162415189341,0.14771665367179776,585
42.64077874388252,0.08617181348184845,622
74.31264772448291,0.09902293498285743,587
21.942544001994086,0.26950976376203145,588
22.365417440716676,0.055015565985807605,589
69.62325288727587,0.07094857698788555,626
67.27702512379565,0.16174563673233527,591
46.81573928618138,0.03692364461231344,630
72.00577661978232,0.09606618745131426,595
56.6636452861901,0.08529271312026143,592
31.55211573193541,0.21632533337660287,593
19.59674061414659,0.1839505168994563,634
64.05136056969828,0.16678745425353722,599
37.43459034641319,0.16422472651051756,596
25.426830332642652,0.22061658799785688,597
73.88947380659468,0.12932546564317268,603
48.78902510727713,0.1448138887254493,638
26.93770010937597,0.04288929475082271,601
25.4945021878077,0.024618160768261253,600
70.13167273863343,0.038926908986653935,607
35.80962675745822,0.2024070416098628,605
24.985466261477626,0.19556832770197408,642
17.63633009968697,0.23186952603755914,604
70.47890083563144,0.15194712922252365,611
20.736781745649335,0.10266057790801685,609
67.99757059320243,0.08720366558900022,646
19.269447199446084,0.06630940917909692,615
60.022240443085636,0.25399576933853574,650
59.590361622839175,0.07141235671966654,608
67.71133329218824,0.016463197354059954,613
42.64837838971759,0.19049316283504317,619
40.480350280993,0.1349744071831899,654
32.03441329251485,0.38443948726818516,612
27.1562822743131,0.06120269858399753,617
47.575168444469774,0.06438958040082024,623
42.2349333306376,0.20049950287294555,658
30.66498883113705,0.023553417969360557,616
31.553298569152783,0.11444102498529592,621
27.59945770748378,0.17527030495896645,627
15.187061924915115,0.09123273724631392,662
50.22491941135599,0.05683635514854416,620
23.22076012739789,0.14214749661590934,631
27.65654881451234,0.11443838241937809,625
28.349873872358092,0.10572120566808572,624
49.071182547007254,0.06340133411927609,666
44.27993013897208,0.30799775253511696,670
15.960887692913877,0.05597452079643892,635
18.2951790173187,0.054345381320696176,629
72.38138527249109,0.08837100392137577,628
38.926669594701764,0.10511857328183123,674
72.6126334964342,0.09303226593352376,633
63.38429100521908,0.22385613024481296,632
49.35363908299952,0.13602474278697324,639
67.18723350012051,0.18087718392548305,678
46.38708306765931,0.12996405061418925,637
67.87410726601581,0.21248762225667642,643
35.22426006731264,0.24498539993347157,636
43.84929339685698,0.17625474860695073,682
63.903706358084,0.222470538583448,641
28.047371688069692,0.034574690715585686,647
16.575849531774747,0.04858832566251463,640
67.05565395424621,0.10012299391700595,686
56.80875026176583,0.07655318654781669,645
23.662407007404525,0.09165843590513909,651
72.78206544071506,0.09427032861829981,644
21.89503694080422,0.26267003734537603,649
56.13453486036944,0.03028644049788667,690
36.182269689374806,0.02726214015246798,653
18.467425495388415,0.08458828100928596,655
61.94784043338,0.10529884203957424,648
37.36479056313995,0.14400077757657534,694
57.07020266137952,0.02303025933272179,657
38.44568179328341,0.10784823985012322,659
65.32791654178465,0.1997826579172081,698
42.02439571764011,0.07400834820944166,652
61.14219582187721,0.0633201360856106,661
21.87595613373852,0.2811100185276648,702
25.11832157306622,0.1343286210913682,663
32.07449787457787,0.032867598261770624,656
42.97069256907043,0.06912429007713741,665
38.86518917630613,0.029716217732897583,706
47.81302680120026,0.06620306992254597,667
43.188597033370826,0.15410494704161626,660
25.67183822017743,0.15423939343991616,671
20.161324527403874,0.015124942627310012,669
26.931130937378043,0.11291175769755313,710
57.573976568811624,0.062408740904642906,664
33.65912389932797,0.04010867488464326,675
24.10320893770273,0.07744701111514563,673
21.269371405106448,0.03854828931166543,668
19.5232493508803,0.20011575809857948,714
30.659310271214906,0.10461188447393724,679
25.77985526720215,0.17453680817820358,677
30.93890823256942,0.10963824626050114,672
49.789106847173095,0.2841807079281996,718
48.718350066393285,0.08370123648850217,681
24.35435622638861,0.12596569374693262,676
65.61181831956992,0.1644537125856846,683
64.23450189757938,0.1500540618361609,722
31.94838554205548,0.31895181675294504,680
55.35656702458235,0.05061542546615967,685
16.039069139070847,0.13970356484130939,687
73.71814685360502,0.166739656463807,726
27.024888879301038,0.047449156924034196,684
61.922683933719036,0.11779984273742446,691
26.38240646528142,0.16944687558404067,730
22.800889175984764,0.13440167948100487,689
32.10390143447246,0.1347227071245308,695
38.418536590313735,0.048460246083720626,688
58.17143733153142,0.07096540900711326,734
24.594537151825257,0.09709354543345046,693
62.097635083847585,0.10041430715279301,699
23.919926588940193,0.026014927353778312,697
45.01069687260504,0.1173410833230494,703
45.17896624258271,0.060364702310017365,707
55.49962323345642,0.14559977928823417,738
70.79091650990605,0.15169457965733002,701
17.42185878610564,0.011983500304777324,711
60.2800865531396,0.20633744927426068,692
30.211464425711398,0.21963212261865928,705
52.4338419242235,0.10858030478616545,742
30.828149295795342,0.10368177165663087,715
20.323057421719675,0.23223605189347338,696
73.0169603713438,0.05627237614679514,709
23.01439825437331,0.24327142747697997,746
58.6503992600338,0.08083839089328333,719
54.218129769485614,0.11696913111374577,700
58.87672223769283,0.13811235340044867,713
49.241356952102905,0.08248098313155744,750
21.710964459082597,0.027512448437486,723
55.05778763362699,0.11559512583641665,704
68.41015165484728,0.10400423973200004,717
62.926000793172676,0.1332178286862516,754
32.439999058074925,0.07389845686166206,727
20.81190952328946,0.13593266839814916,721
54.48432911810236,0.14695775220547905,708
61.669459314610954,0.2064284775813505,758
45.70107943517803,0.2309961224110183,731
58.295811762852004,0.17425327764442236,712
39.9195788652178,0.1335520481846065,725
60.342033274032396,0.04907011940458916,762
36.017641191360404,0.11393261124375507,729
47.061495634515275,0.11054604938956794,766
43.280317708461915,0.06943596077010103,735
18.09705062177346,0.038101780323008656,716
50.95085367606155,0.05828692843471095,770
23.424070136265428,0.009630504033451233,720
42.51769842294861,0.10162527607139074,739
33.54107883929104,0.13575708164134936,774
68.52889395365165,0.057840564864994726,724
73.23898194468967,0.11537803905528046,743
67.88054600577766,0.10886724083643479,778
68.75728556587461,0.032021559176918395,728
23.030067048752883,0.10113726739129986,733
25.960628880648407,0.2856804516889568,747
55.06398478482861,0.3141346027266928,782
69.98763780595381,0.18268594286515982,732
72.61130892313162,0.0071492534513237635,737
29.710701035349402,0.07700698808981164,751
39.89975460812452,0.08545675026229178,741
45.70035774897913,0.0540334771578872,755
73.13177162617833,0.03614245773321481,745
40.567802989246026,0.0971198126675643,736
36.94684728956179,0.034455360934766206,759
66.2607260649486,0.07870092604455778,749
61.36169147042423,0.2891809017715496,740
46.9988831075473,0.06673464971933815,763
18.608502052087907,0.1320972916875281,753
47.73323040985457,0.07783123582976642,744
57.856286925237896,0.11025125715508666,757
64.96139874450745,0.1418116118815752,786
73.68399290500247,0.14723382450774078,767
39.00169600400406,0.1351418146500549,748
55.26991553455281,0.10482819869272963,761
29.00258903037328,0.13747359330408437,790
35.27590358381352,0.21974578302890646,752
47.51553317790188,0.13667033079393448,765
24.543145654056165,0.18875224752059194,771
71.24950680142078,0.06508913074114037,794
42.912412966800105,0.02531651439911217,756
37.17981642586518,0.1311208531167784,769
48.46474426068197,0.0409685461275967,775
73.74950318201185,0.1467493310837907,798
72.97677605943039,0.11401337481528831,773
73.57002659169723,0.05236236232566576,760
68.0605799854168,0.11402756028273485,779
41.45034048185715,0.06343141760955777,777
62.73575360752101,0.16244441502229093,764
42.97291612918802,0.18851982903840764,783
26.660727457821224,0.145851143215309,781
18.823078448109413,0.05615142544044334,768
15.942354683861897,0.25661255212058726,787
42.05117036895861,0.13343414271856,785
61.24335388477702,0.029173554427728555,791
60.355922676119064,0.07608769199512616,789
24.724433082947314,0.10233359560749299,795
58.831609808261014,0.1644359432139345,793
17.93949388435479,0.07733604223653542,799
39.032072060293224,0.06585882845031948,797
33.30625482862182,0.10399372810368852,772
36.66686586416628,0.019432837965187535,776
37.31856907707558,0.05982491379846148,780
65.60990342220336,0.07244932233772182,784
27.309680663741176,0.07992927389764087,788
51.48657047113586,0.09057234809337773,792
32.40710998600641,0.17767875375096875,796
