10.851740893138006,0.12503686315279672,2
9.719558912366491,0.13526335332163106,1
10.368809512092174,0.09619949690988126,3
10.588085715072346,0.16268990449034845,0
10.757789299528026,0.15716084931103805,7
9.959504291193994,0.056808880397848,5
10.178864306718937,0.068137715032517,4
10.594130654183015,0.21536499037152312,6
11.330378703458543,0.10570829127391168,11
11.362472322485512,0.2065917365199811,9
10.645705291190819,0.17403653565841082,8
10.214698019162219,0.09226525655612636,10
10.07634198600943,0.10437979220199345,15
11.430211623116692,0.13403683751884243,13
10.824135251870898,0.06864784518391476,14
10.545314963020665,0.026553696106001775,12
11.289945525840311,0.0440469876258552,19
11.143653875073026,0.23044741007077554,17
11.293133008348555,0.17798155084995845,16
9.997537321835493,0.1525353853482918,18
9.8024835885425,0.19379910077600776,23
10.156248155084382,0.16801517772375804,21
10.42163198960434,0.09587313173862844,20
10.76552109772641,0.07863070507902294,22
10.505427108954486,0.21285350161685007,27
11.598133856678558,0.07395589207599854,25
11.033652516375998,0.142121218665915,24
10.759585679358095,0.14156987549580222,26
11.639037722790256,0.0366873565797304,31
10.903081519310549,0.051692762738934805,29
10.609455610551489,0.1438007746278121,28
9.617962073491656,0.11372293019105145,30
10.320075126406692,0.17073522724357282,35
11.574723198419555,0.04625920564232124,33
10.26597673120121,0.0344201582004301,32
11.558336835132454,0.038251652231918426,34
11.022310932081917,0.19213270446047814,39
10.143131435848037,0.17637540000073965,37
10.875674009531565,0.19540303006045587,36
11.234913974857468,0.12699719282715083,38
11.446232519322761,0.2845866482331896,43
10.080047512964775,0.08852502053562816,41
10.898005000776294,0.19912955114560363,40
10.59997035854943,0.12481310319184336,47
9.97558258883851,0.21121521872289023,42
11.12672355903516,0.050334768174901026,45
11.56325924902979,0.1336869701161535,44
11.495223241506773,0.24192540324304593,51
9.7189833328404,0.08078242524105998,46
10.908900524864487,0.07680048929216518,49
9.838755355540457,0.10750240346833094,48
11.056569293758326,0.20174147488943325,55
11.076286001653413,0.1269750436592576,50
9.65948756485546,0.023875406446647426,53
10.084484996887035,0.06896087532339955,52
10.951017226963115,0.18707563456770368,59
9.606807057393402,0.2317908351631552,54
9.850415306108697,0.14155895055390125,57
11.419114503382456,0.0981758926096006,56
11.439185908903088,0.1089774832956349,63
10.180621815763988,0.14650364626788365,58
10.484056699665533,0.14819594475170447,61
10.962590532886022,0.11151234375136838,60
9.9759280397331,0.10292573253580967,67
10.466375861951882,0.1404781121435152,62
11.508301881047078,0.17664733261528168,65
10.354016233644634,0.04087182510735027,64
10.763418428411265,0.12158722646290461,71
10.948728923336821,0.13074925573853496,66
11.305788124747236,0.10323604533453799,69
9.905133577430302,0.07815307117418197,68
10.652215108608214,0.1974750744712781,70
10.906555503293797,0.08348280242495831,75
10.720126045839422,0.03679583326909299,73
11.09085594605723,0.10125662744310632,72
9.625843394098892,0.0817200570715937,74
9.901753853642756,0.09632786077643485,79
9.629562381582431,0.1948659148176269,77
11.117712414900394,0.08923640347574449,76
11.599797164682206,0.09138477960263268,78
11.494215140040255,0.12472036810135685,83
10.196573621988994,0.16559017138050516,81
10.387761785928916,0.20123350647951468,80
9.834217113602739,0.06939563559060154,82
9.761272642683846,0.22276037133164356,87
10.947739078081348,0.09711143511424927,85
10.248647301570815,0.1325736675295317,84
11.060896692844741,0.07384646458448237,86
10.038823510551643,0.21858890792612487,91
11.01243503859268,0.0827492737048983,89
10.44810588452227,0.15481276343917022,88
9.977056744257977,0.23458306803275844,90
10.530879680837947,0.05037071688568574,93
10.010324717646919,0.08304175457859214,95
10.664227676601698,0.16786487633011657,92
9.971376999448509,0.16540357435439673,94
10.365671231997993,0.09126382699910596,97
9.658774730044547,0.17028173406323893,99
11.072056635107629,0.016287093575903085,96
11.193361531999308,0.0923630818087939,98
10.328742040851512,0.11030269471576798,101
11.263136231450119,0.1566291669604977,103
11.370386568865133,0.21498997288809965,100
11.078182637651901,0.07502680408113888,102
10.816445003360641,0.04932392568254491,105
10.777251460037784,0.08235988299135442,107
11.479282290392845,0.045881149184671705,104
11.364839268704396,0.12514937957687106,106
11.488599893772735,0.2082963946391972,109
10.594448184782976,0.08134831242974606,108
11.579920212309782,0.18220808555700532,110
10.579362180888898,0.28423229281470574,113
11.532450119384688,0.18951084455178072,112
9.788665799092243,0.14980066919129162,114
10.501176027553324,0.11107137615881842,111
10.022231034829632,0.1723768248142984,117
9.863463295649161,0.08046843975080048,116
11.162050242731768,0.10087829496203855,118
10.74166087704976,0.17653086021915007,115
9.768228628992556,0.046999436944401035,121
10.938009426495995,0.09188548977103202,120
11.043946132583788,0.05502088809956482,122
10.919475561912662,0.11194686001466757,119
10.108379659825989,0.032489307850736435,125
10.029429334224092,0.14113350932740823,124
10.165897390187487,0.12380189354911696,126
10.093059773311436,0.1466652951752265,123
11.236590971357323,0.08568297481803035,129
10.517142318616015,0.1448735955659069,128
11.359456516448745,0.14028269003969404,130
10.22484855431494,0.1327803638428754,127
11.100255747616332,0.18477264797078066,133
11.333906866135006,0.22564071177045145,132
10.266373942491361,0.04313014389901977,134
10.109693388177137,0.08615631367001038,131
9.832543551827515,0.12196939206450225,137
10.972792753686255,0.15433536510944204,136
11.304871682140666,0.11648070794387333,138
11.531271173721718,0.10634681697541692,135
10.989883985314895,0.05374809409936692,141
9.777280623480817,0.16342195658035696,140
10.175782133321698,0.2689452416029783,142
9.953528355926194,0.18918803647818405,139
10.669953908673975,0.269137775287694,145
9.748075471659787,0.027989092906931873,144
10.341207989214215,0.21173764368335435,146
9.951220909425988,0.041226055637755554,143
9.866819088538271,0.06919415900840019,149
11.232023484612675,0.05078690440707152,148
11.394991386113556,0.08423056854031362,150
11.473905932873636,0.07185188963684612,147
11.061399021994273,0.20215609221469674,153
10.03399561512536,0.11851816660601239,152
9.76346887056064,0.21737244291804037,154
10.47640892717219,0.1096071793038002,151
9.638718308451672,0.14877213901236783,157
10.068901285105126,0.11185828657363357,156
9.999586962086285,0.14106291843329452,158
9.74830685273752,0.14991924326743433,155
11.374670614636674,0.1352549725904227,161
11.510310298192936,0.09583119462600065,160
10.446828472593134,0.04418241731755707,162
10.129243146460963,0.15071174512168645,159
9.613954436855085,0.08675363593712859,165
9.859593943708042,0.08246046140284137,164
10.6507559425257,0.13979773829463957,166
10.125767020437777,0.11820539975140265,163
10.904530260385176,0.11975606267452209,169
10.441986669718842,0.09371445452607852,168
10.97633878032716,0.15915679054456378,170
11.453944529812357,0.10032164260504568,167
10.07335446408483,0.20771973297434201,173
11.012094722001674,0.12609666442513248,172
9.820585987986725,0.22247288129672144,174
11.503045108562304,0.23373317999486554,171
10.173555885149336,0.12986165405253,177
9.855593548988258,0.055601515254051714,176
10.21266538472267,0.11646132572826316,178
11.272142806962508,0.13448991256866735,175
11.648882240049126,0.07957165106084721,181
11.60723430827039,0.0654526977119089,180
11.199994735573563,0.1040020840839378,182
10.367335944635856,0.09848114191263431,179
10.902661052186746,0.16402247220901722,185
10.347609656179563,0.2865536189229989,184
10.724318299201608,0.16447860694982674,186
10.751967909437237,0.17089698326680336,183
10.090065694228842,0.17029899367230783,188
11.249407507392112,0.1196188233188124,189
10.906680375224642,0.11682413081468655,190
9.817497371097286,0.04516943705157296,187
10.964731972037198,0.14993524047929582,192
9.734012590801791,0.13490678625420102,193
10.11236470475994,0.11070029246793588,194
10.325492829405395,0.018176530441755528,191
11.110378009845812,0.11412126397030996,196
10.149843284285273,0.12039575159285498,197
10.260648917992127,0.07637217085189779,198
9.876016595937113,0.09592878707780206,195
10.888647043900928,0.06827970108011078,200
10.85379642959326,0.11592760645960805,201
11.652204306288604,0.17079606267870823,202
10.813307507946872,0.052206500222371444,199
9.921166158512667,0.06983455548843444,204
11.234818384360421,0.06501724356497036,205
11.143979777364436,0.21052068188229797,206
10.161897342166037,0.06292962901742587,203
9.630726723095057,0.18207613726728952,208
10.20578586014285,0.1629930803583012,209
10.417451658050176,0.03571315433631957,210
11.182225363663813,0.13090681292620082,207
11.399593459066264,0.1524934118076908,212
10.269435516172058,0.17948686030911176,213
10.067081364707459,0.17084550620844052,214
11.597255089386728,0.04223937142512246,211
9.952439934240145,0.051145828649758654,216
10.117652049556105,0.060033267000560345,217
10.469856512870498,0.23694105829468382,218
9.617112045178395,0.1046545026466844,215
10.594934479796727,0.2083055216259128,220
10.710576903743371,0.181660611831994,222
10.452285380213677,0.08673821744090232,221
10.875945353087822,0.0416162217783917,219
10.347203607961463,0.1427578876619094,224
9.887371428354522,0.1055634193212211,226
11.398502677350276,0.09559212332947695,225
10.878082760743856,0.15173226363545175,223
9.899811136875242,0.13786756672886746,228
10.322722630641142,0.05948756140281555,230
10.853295413898117,0.13586875284308914,229
10.916992021186369,0.03859008362460378,227
10.02439666054741,0.0896340197756701,232
10.058799025685735,0.22573557720152962,234
11.109238546023539,0.1897110290832042,233
10.676524785937612,0.19324781552719075,231
11.219237424178525,0.04767900623968107,236
10.69581217210204,0.18327206163593945,238
10.111111356486246,0.0826512388173795,237
9.87685044740975,0.12968554981157984,235
10.73259727529168,0.1378847808775698,240
11.55294812429595,0.23976065235852811,242
10.33469331423974,0.0488362279784217,241
9.836487819733444,0.07981092422133873,239
9.912155802397471,0.08179943441639993,244
10.225296887692089,0.13959732324885074,245
11.064150312156913,0.10015001364532505,246
10.612267058271811,0.12782807122556955,243
10.408849020133312,0.07691042285950987,248
10.363708686338832,0.09948925754930255,249
10.279357496947615,0.04305478674740111,250
9.68095003593516,0.04544093734387233,247
9.827042665494014,0.1568515802409643,252
10.600158383049754,0.05751885528717417,253
10.074438480684295,0.10824790740519914,254
9.84202991072432,0.1496199038437104,251
10.545614913341876,0.11750270163404297,256
10.021729859235593,0.05458668202426936,257
9.621591014203345,0.055196660787565424,258
9.908673383773408,0.11114550548280336,255
10.906638150424651,0.16129984506103529,260
11.631977928000483,0.21301303530712473,261
11.553571557030054,0.14429777645842193,262
10.073026656434205,0.10696821543760958,259
10.228931108870617,0.16521332592701915,264
11.502506333417053,0.15615665306679583,265
10.29472742635724,0.11403881312846072,266
11.421009866941485,0.08741526897655463,263
10.272876088681905,0.04648917664805789,268
9.986381529719417,0.09113472213894919,269
10.866190500400855,0.08200246741291722,270
11.419310271125646,0.2076278547569449,267
10.227980273207393,0.047052987413724,272
10.227999439017047,0.07758588015918927,273
10.483628557163792,0.1232014721599114,274
11.316886192481025,0.10381231052666517,271
11.203641299845872,0.07051204194849028,276
10.422408448938338,0.04959243347850954,277
10.07599260701009,0.07565845637336617,278
10.296555814163211,0.1308791894684635,275
9.95280993319318,0.06907298327966253,280
10.830138341696244,0.05638588320903331,281
9.670578029015145,0.10675364071900909,282
10.762511976363776,0.07944345148472672,279
10.521519364586966,0.05242472469193038,284
9.693740927765347,0.21127579013636316,285
10.538267054678322,0.13231630229419053,286
9.855053208801928,0.2823466011421123,283
9.750982725483615,0.03522750042095256,288
10.75434573885936,0.11759925464195534,289
10.209330358239557,0.07790357806777615,290
11.135951987044413,0.049914996782122883,287
10.629862630696262,0.14625101700339388,292
10.605294621228998,0.055825748989588635,293
11.344140582103341,0.12827477698818612,294
10.832261154365803,0.024736626793207442,291
11.150149145362334,0.1955045319282333,296
10.56189837649456,0.046099623071461565,297
11.42295503727958,0.0565277244659104,298
10.569111998012271,0.025551983503390437,295
9.776353711425275,0.08003982307937363,300
11.47820237423951,0.035949140787814575,301
10.352188833581716,0.09899300247024029,302
10.228695625052588,0.27630018706885373,299
10.965674975393169,0.10514064815783941,304
10.248339715981674,0.18738519128633258,305
10.149968220437637,0.019909575341876415,306
11.401555316870427,0.12286016451869225,303
9.937108627240333,0.08668338346944274,308
10.038536745727411,0.1858866074421189,310
9.983761106145817,0.21389189278552806,309
10.227772653100647,0.08129704930731786,307
11.166826922564972,0.10288389780970131,312
10.029339099274392,0.1254719823897604,314
9.686344207869196,0.30070893839201435,313
10.922326882705214,0.17134373528422997,311
10.250714635322687,0.10999739974570205,316
9.727253744918288,0.07899560839803367,318
10.929170008905276,0.1505383865618837,317
10.594798586086615,0.0696986768060409,315
11.563246924062819,0.1429504582930484,320
11.564434569648267,0.18146001687408814,322
11.526273197135794,0.1488987734925956,321
11.158524926671879,0.14567618183463282,319
9.803111030673469,0.035685129951708285,324
10.729259925070425,0.06745488640453487,326
11.476754280517365,0.11093563732841355,325
9.938603370188615,0.19386979020119155,323
11.633435892559117,0.057405469842683056,328
11.480124805948664,0.2478101929285845,330
10.427825841245074,0.1459502219977452,329
10.755932155057378,0.17945227142026873,327
10.352565241687065,0.24794829617841982,332
10.522956962369328,0.033095185768118526,334
9.720443005026716,0.07234766390814423,333
10.081336121720938,0.12133715859864458,331
10.257802106719051,0.10854069664150208,336
9.753177365597663,0.10944730684529287,338
10.06507439963509,0.12427266135596692,337
11.445909230523572,0.14677577770093023,335
10.559210561457995,0.2324513283493237,340
9.676795091917484,0.19989122920286145,342
11.380153063161389,0.1780804113517963,341
10.241987425711885,0.05544513654935446,339
10.283518998192003,0.06620281707684886,344
11.462536719276,0.09233285739089997,346
9.86403196472798,0.10191612435101845,345
10.441114282530695,0.07907637591843333,343
10.197165219101054,0.032910796187115614,348
10.87916253984496,0.19157737199958524,350
10.90145987738587,0.08803908681977801,349
10.034627627453016,0.08476336196627471,347
10.205254805356422,0.14212922357820576,352
10.127601237240425,0.10084875864128606,354
9.881223171816838,0.12416400914833754,353
11.52915710175192,0.10814113628749696,351
10.146935826735168,0.07233845114424543,356
10.969652598901492,0.1905077857405406,358
11.288287213770905,0.16725971666710962,357
10.655719903389006,0.07554404884114968,355
10.069387078493612,0.15004943390181832,360
9.941373136699074,0.05781232275031411,362
10.7700084522779,0.3128554551705542,361
9.611846315658536,0.01298869524155095,359
10.682380361140979,0.05458368508450228,364
9.977072918593125,0.11498829367526225,366
10.005224078023554,0.24009153660862248,365
10.286072591737327,0.0747566737261862,363
9.939407128323495,0.18406706070104017,368
10.929284942202772,0.1603641683813838,370
9.931707797822934,0.1699424016986183,369
9.64284068071763,0.11007010045644275,367
10.172541996464064,0.16859113526998318,372
10.22319605283228,0.11870755972418448,374
10.419821059055685,0.09760569896004459,373
9.724361258422041,0.20841514854380933,371
10.989934349812028,0.0642177169645209,376
10.256241925513027,0.05728034835081544,378
11.319860644889948,0.1594746881788086,377
10.455050335409833,0.20376703542443275,375
11.339098615923183,0.19638955678726056,380
11.401294306990547,0.11461815051634892,382
11.502976239609024,0.17371820154459233,381
11.172205824149168,0.15472540019256908,379
10.259508742839392,0.0975976266034129,384
9.866430454961872,0.29009500251014564,386
10.25876401333096,0.07189516357442947,385
9.65498333895125,0.11861448828270296,383
10.620969305580822,0.12599597306646146,388
11.057223472979233,0.075117874315858,390
11.508670176821425,0.15936149608640737,389
10.474694358720013,0.15425780014650273,387
11.102620425855715,0.06629384215902269,392
10.291802280363866,0.2315517314516866,394
10.074747277803048,0.15344694910984133,393
11.257473839952366,0.1532826793441557,391
11.576308056135423,0.08800298209266832,396
11.137994100135538,0.18157982741884357,398
11.280329984193443,0.15592995197870252,397
10.39084616763161,0.17252930848907755,395
10.541230747305711,0.1400441678499722,400
11.611249665128895,0.17746015371919022,402
10.727484409959626,0.08408148128567802,401
11.41061902454902,0.08153330761200202,399
10.443312664243386,0.05880513535817771,404
10.436234083947742,0.09376858067415263,406
9.95480844215891,0.2523855352929953,405
10.488273435038337,0.19114248897823283,403
9.763849728529223,0.14781200296358935,408
9.853411225120716,0.11771123285876864,410
10.213257076116617,0.10764110611691542,409
11.148439614467193,0.21204208991867157,407
9.743114322738354,0.22783857996758733,412
11.255365624168286,0.05084158992210761,414
11.392201759738033,0.17205320917264552,413
10.27877442958992,0.158516940972611,411
9.977794362689986,0.11320757204599581,416
10.054772950862954,0.00348902111790475,418
11.270901541322187,0.1647412463413204,417
10.928723555048252,0.1034134928388669,415
10.87778477382168,0.04249893571698182,420
10.597727176489576,0.04861646318999771,422
10.60413088547671,0.03524618687408714,421
9.637835969159712,0.09517760699865765,419
10.090596548103967,0.1182374574721332,424
10.403115538490493,0.08138346198116807,426
10.2358429176701,0.13447401251032864,425
9.631872248575172,0.06154677323591612,423
11.576587178273643,0.05694569621789554,428
11.004747246238793,0.056426903130076506,430
11.196631324930848,0.2803350767066117,429
10.725955688084667,0.085524800754067,427
11.188479214570464,0.10669791689617723,432
11.170938478033301,0.1681167438997941,434
10.445074650270922,0.18676566950575946,433
10.667958889482557,0.1592904920627977,431
11.455148630253166,0.12530262754617047,436
10.20084239790788,0.10026849575409774,438
9.917521636105556,0.12391153624479007,437
9.671755718860696,0.24152970038166727,435
11.533754193234145,0.08339896834989177,440
11.177588176112504,0.17877776501704423,442
10.194014704213842,0.2222891028848201,441
11.4575553822607,0.024565374456918077,439
10.551002761010722,0.11753501183931199,444
11.370034658052841,0.1345658488637696,446
11.340747507066247,0.04732158070133877,445
9.734785538712742,0.0554271446760387,443
11.351884780210357,0.1095993716474161,448
11.58654740475321,0.06674737183498744,450
10.707400288175476,0.11767828584781673,449
10.516327475775547,0.10302937417844596,447
10.801461208983184,0.024704089083527867,452
11.544668803396771,0.17230880990284647,454
10.175570240387545,0.17725042596502394,453
10.648528252914252,0.1013853253661104,451
11.305797940407267,0.130507903323708,456
11.415131568854338,0.09731413957379553,458
10.073520732172739,0.10382379552002452,457
11.226736581790185,0.08662715990955051,455
9.714627665255149,0.045776240405132916,460
11.250938186906957,0.24680141432731093,462
11.626646445912753,0.05672916192796758,461
10.714156040243049,0.254118865510962,459
10.955588131728476,0.09756744847244,464
10.976380010221563,0.03016442524925346,466
10.514323840529897,0.03227037068475718,465
11.214136548632016,0.2461227113978588,463
11.424035614439346,0.04299775651572413,468
10.605724188454733,0.18398016551349228,470
10.57240083504339,0.22301886050892678,469
9.880847160870657,0.13232604278959512,467
10.76282882984558,0.11211683903889139,472
9.928469115631565,0.06059589398991046,474
9.77297825681134,0.17374333224177563,473
9.862026793089388,0.10463680230704571,471
11.40759879551856,0.20739707386717063,476
10.832090228297895,0.137147052163484,478
10.098649634987257,0.21168138440881418,477
10.681093838136578,0.05480275158614331,475
9.756831749400186,0.290851515334038,480
10.071480371601206,0.26513035622306147,482
11.611766824623423,0.1387694000035634,481
9.69241996622513,0.21622931428366352,479
11.049369406184784,0.06862771506694872,484
10.442961337235385,0.0395505443268635,486
11.47054042316358,0.10185731911526962,485
11.582319046147187,0.026938760167069226,483
9.739583901699566,0.10908189449052477,488
10.237568185131314,0.10671315056053202,490
10.437260835835218,0.23483098712575182,489
10.829512857630299,0.06332061443350663,487
10.615041926660172,0.057196309665415106,492
9.99113807151348,0.04521208312695619,494
11.402064101639757,0.047380681707303855,493
10.560889523470529,0.14927285053083902,491
10.497099855252348,0.10553417791803187,496
10.365512263019093,0.09350401954730579,498
10.217743101053749,0.1345175354468196,497
11.573617792511222,0.12067630135521215,495
10.402163860122641,0.0867593062357032,500
11.228357652850951,0.15444506697352947,502
10.572767428337842,0.12143047544167783,501
9.922671531804784,0.13029766186681194,499
10.562433993000411,0.07897164670478363,504
9.756005922978414,0.22554812259816517,506
10.228175747336119,0.11096539311117865,505
9.691910076373786,0.1696640904262032,503
9.799941105191241,0.1439330000361204,508
9.942851641991064,0.028129989697331742,510
9.70356361445323,0.012932366454391497,509
10.40555843327804,0.22003478887970798,507
11.036360783879582,0.1958382337958982,512
11.268235551583036,0.20366594042180491,514
10.451073335559224,0.14926551969687912,513
10.892526726080298,0.18310169221184608,511
10.032057461287506,0.10665228733703891,516
10.467251658364816,0.1109244545866833,518
11.404380731337753,0.14243906329428466,517
10.340033556960059,0.015602527626321026,515
9.670530242607542,0.03719762723551964,520
9.67240455203151,0.03317906617587881,522
10.478605592052759,0.08994508506722487,521
11.023491097787076,0.03788679873919221,519
10.008362989257202,0.09549869318260021,524
10.225934977941105,0.08029631073713532,526
11.586440935335242,0.15811252240173673,525
10.67750722474956,0.007463921647623198,523
10.674325337868963,0.10717757796035109,530
10.96034362916142,0.14005595997748302,528
11.258224576316124,0.021882701793401692,529
10.102307317620612,0.08084858980435676,527
9.624353509043175,0.13494130540422708,534
11.24291128471822,0.10043485967692459,532
10.686778959973873,0.1606449690551306,533
10.23588515604106,0.07572683368409026,531
11.217019102111001,0.10537346128052792,538
10.494050144423317,0.11943283916504693,536
10.81182331248775,0.0743168855595839,537
9.795407808353234,0.1104954242441884,535
10.112080939824502,0.09798020637074106,542
9.758752097530765,0.11597504669770549,540
10.738493502742259,0.08633478636281636,541
9.716996743514713,0.18882369330009333,539
9.635737775800436,0.08021416652069069,546
9.655103667134041,0.047093344487479524,544
11.29201281211413,0.022989049507402468,545
10.711244583924353,0.12122456006972245,543
10.669805826889473,0.07496472244344925,550
11.512100417077072,0.09064802898894063,548
9.742802842516083,0.040428506067400595,549
11.613044260735215,0.08467678052402673,547
9.634037971421657,0.05250365816592317,554
11.19309944526272,0.09683241848983133,552
10.602375546213251,0.061960464893512146,553
9.79765932774541,0.10721226232855448,551
11.196285093112802,0.07538353959175856,558
10.485387297525383,0.12116377741421175,556
10.013270698472471,0.12105955699372778,557
11.284567404613023,0.16702294085940803,555
11.542200219467333,0.02962548512798323,562
10.301276395775151,0.03561325455394904,560
11.142399677702755,0.0690114738078076,561
11.653611473920929,0.3045702380418527,559
9.654245627622924,0.2145211019795793,566
10.017404248883492,0.0789642904058212,564
9.67397634510051,0.04316340258081315,565
10.160858236953732,0.03831832431724625,563
10.415290092006757,0.05273327820449578,570
10.814749998652948,0.11254985127889493,568
9.714974163821939,0.057320328397066606,569
10.339489869366027,0.19514681118144972,567
10.450378600290257,0.1998527647141879,574
10.106855463202008,0.14024143966782707,572
10.017189466177266,0.0854294142095744,573
11.210184300135648,0.16848396431675428,571
10.650188276728368,0.0973715216517479,578
9.946508235742083,0.24766365226294407,576
11.431670147618231,0.11379833988404194,577
9.976164008225929,0.1609731944028222,575
10.68062278216729,0.07188443748777616,582
10.34327693482223,0.2422448462945883,580
10.777266798957667,0.14119595316034653,581
10.229015702481263,0.125229445548739,579
11.118029611272638,0.06169443986331357,586
10.981967606956376,0.1261447354669943,584
9.90566028248722,0.15811964729975475,585
10.73647975206827,0.26035821673823445,583
10.67663734803599,0.07266723842247662,590
11.475365862870037,0.23473105047213597,588
10.506448938375446,0.09457828106743177,589
11.217139773027059,0.044183808995145527,587
10.628452181480476,0.11750287562472064,594
9.716022534697236,0.02519169778589694,592
9.645579240690692,0.05467177321391195,593
11.261797303018598,0.10407754931230842,591
10.372969461551754,0.1440903582135161,598
9.731433694312031,0.10860352655393729,596
10.309508547503858,0.07751731001613509,597
9.656112396171311,0.1509640784410051,595
10.031412862080437,0.1287803196328075,602
10.241801470935833,0.116750343073215,600
11.33918719725949,0.14047613999375608,601
10.543507967370038,0.02543955023825861,599
10.225032620414897,0.036662193425456395,606
10.42752898385449,0.0913927977718701,605
10.472650040078353,0.23001916534497258,604
10.389735941180216,0.03010233337666895,603
10.25716821626656,0.15734422754109112,610
11.423199712628513,0.06923504016452418,609
10.151616607800475,0.09649654098101607,608
11.123858084841212,0.0889691320011177,607
11.652462754469505,0.01880270762042842,614
11.335015295569951,0.08203937652164837,613
10.30297995926804,0.09192350568076198,611
10.87815141916236,0.19484094261203802,612
9.971031351834638,0.19196949460257476,618
10.46706329005806,0.058488390185014866,617
10.733630794521327,0.05655326266101923,615
10.123920312468398,0.17358468760935966,616
9.609591861166033,0.08309953964315236,622
9.693033380104373,0.07078457083875532,621
10.926296171001336,0.057134265057454614,619
9.836445918561264,0.1291529159184192,620
10.845567526542782,0.05698145723869763,626
9.798266285682043,0.013187165741809396,625
10.179761654253134,0.14661840573430496,623
10.127723919604108,0.049352509684667666,624
9.761611927893659,0.1730413658089527,630
10.575889409387,0.22265290918112896,629
10.985757827386797,0.16019526744114532,627
10.356370189151136,0.1464056227412328,628
9.94579240007478,0.1825044782860088,634
9.718323493214527,0.11621043741169995,633
10.984319317337754,0.06855491522486871,631
11.160839241744572,0.09263283153677755,632
9.692185876759916,0.17167485609665267,638
10.564735911208734,0.13234827048627543,637
10.301629288417102,0.10226829325414144,635
9.69036111863197,0.06635889243734437,636
10.088318316863157,0.11914536449512819,642
11.510576430014485,0.2202319742688169,641
11.618653891076221,0.04966562599186641,639
11.476028537714987,0.17615597221291024,640
10.67616305548937,0.14880111705443197,646
10.389725462902012,0.13855771983795592,645
10.23166041036798,0.1960486130295029,643
10.52526010550774,0.053026034025996475,644
10.66407413586552,0.06190135142905369,650
10.27999320027584,0.08064395819032855,649
10.728720952757556,0.09319349647776004,647
10.870964492780331,0.12971565286811587,648
11.39747443824161,0.0897427844963386,654
9.643441901501449,0.2504589453922846,653
10.398144969007975,0.09127188279723727,651
11.307736230162252,0.16879874837843142,652
9.988717584348125,0.03390102008390587,658
10.719712341682701,0.1702190988639789,657
9.687665573670147,0.11098042498866612,655
11.552413972220103,0.10125413664356456,656
11.290957391395974,0.15441171700615705,662
10.609461630393067,0.1869828170379817,661
9.897772118397366,0.03911100831920919,659
11.17678800612109,0.1744300409064235,660
10.757010123820114,0.15769555187907303,666
11.204007591074156,0.27769456846310464,665
11.418487195167597,0.21532722074888327,663
11.586061144175625,0.2733006257946197,670
10.6420162226371,0.06425174644514292,664
10.26239156608265,0.07873583053783982,669
10.529708937151174,0.054274001436343526,667
10.246472587510972,0.13089402242861078,668
9.92840016664844,0.08887745351739805,674
11.035560074318418,0.06318171647033728,673
11.161612952299505,0.27729698468509406,671
11.202653377429,0.009407264776623197,672
11.562521303322454,0.019576826640287485,678
9.981351554143906,0.033044907645574856,677
11.113832149773172,0.09074432103394248,675
10.100787433959113,0.010158644291441529,676
11.55816022920008,0.13561155431048547,682
11.306789712331215,0.12306127665763616,681
11.149125072410802,0.07826857320590005,679
11.004840591209286,0.2644444367579906,680
9.95146511497111,0.2758550045104818,686
11.499641230136872,0.08486317624566066,685
10.866859209672569,0.12263538180731488,683
10.105349793607498,0.10116588242358385,684
11.568351047909319,0.20115159857536835,690
11.618636177824783,0.19323317799985662,689
10.989336049919551,0.06104293199304026,687
9.67485772841379,0.09438509740971518,688
10.509001658891284,0.024332256607239477,694
9.811190308058539,0.061669729827730495,693
9.719167246081117,0.1474392503530738,691
11.527715025879179,0.15262565884933899,692
11.37809463524054,0.14443805105340407,698
10.510919587424185,0.07946237734954628,697
9.635940879404707,0.053352122191534374,696
10.296866120142045,0.20917742215599142,695
10.725402813918722,0.2016783486036614,702
10.953081072053545,0.2222557934522826,701
10.979872181650123,0.15931855154916044,699
11.028421028380459,0.17712539720525666,700
10.521932252367893,0.02944990116730686,706
10.657833488665883,0.03131302670880997,705
9.631010845588309,0.1175968650261293,703
10.010442238019984,0.05465204876835057,704
10.891802240561468,0.03926869912449354,710
9.653444553245539,0.16007808550091568,709
11.459315064899274,0.18308577071068013,707
11.483714959662365,0.09203923073919394,708
11.239376988934104,0.17358327515216154,714
11.193624779169605,0.0933637123367828,713
9.761216577170675,0.18629907934808473,712
10.624088131430945,0.17118693605000068,711
10.580508208611002,0.15369159522371448,718
11.141395857829247,0.13509993055191458,717
11.653811340393695,0.15325188749491087,716
11.087647849292654,0.027187867056836297,715
9.817522443354907,0.06370346877176496,722
10.770420698339755,0.11285263013162053,721
11.62825444224766,0.19246433447953715,720
11.418893123924878,0.167675747174552,719
10.275368455361347,0.03603606375368092,726
10.02613522277827,0.14910801747700927,725
9.696576527014138,0.10476730212859951,724
10.320621752374196,0.2071760902801399,723
11.37983132341987,0.08377127110552347,730
11.0957404850964,0.025474084448766556,729
11.068294007690382,0.04372729507536403,728
9.636990051594541,0.08508196566805984,727
9.737356032147215,0.08501559983139398,734
10.287998331024685,0.12064953709623315,733
10.22041342373199,0.1405954215829387,732
11.387887943953498,0.043999470788595604,731
11.057314845324884,0.050884821812859776,738
9.856627602333225,0.03444291673454076,737
10.520799755877986,0.18848709051056978,736
9.997044364050153,0.07638468304450785,735
10.223133843299811,0.17113499999726423,742
11.3107785648224,0.04250553373740584,741
10.41936332399948,0.01591365522286129,740
10.338360608742878,0.12231195719405502,739
11.001140599694777,0.04828650144123471,746
11.251343846445172,0.09716283715139581,745
10.081175724331496,0.12408788028444424,743
10.79056752790517,0.0758591071990629,744
11.45124250707067,0.13865200467499184,750
9.776491317896607,0.1703136219821847,749
10.537644458347108,0.17354885538825704,747
9.799635552504252,0.040285662988550554,748
10.012544679640333,0.060032070173381,754
10.74625803912891,0.06061070010013789,753
10.903402960844765,0.08213432902172861,751
10.175556425009066,0.12165717735085445,752
9.852372900716594,0.16433372939939775,758
11.526739927666299,0.07289358739876242,757
11.60672698405486,0.07444138039002879,756
11.379958625049783,0.14577222179120483,755
11.339091534124483,0.1782901142656846,762
10.177547278356167,0.24852623040603883,761
10.68845243034582,0.24531462254902361,760
9.835021664460054,0.17233794823383752,759
9.65381288989646,0.15993320121002932,766
11.626698757140051,0.2475949761926411,765
11.527855386089756,0.18435593869201045,764
10.386490704729377,0.0369010534664303,770
11.492612519638744,0.05757257293179266,763
10.103091695877724,0.2560294287411017,769
10.606578539528499,0.01537104443008191,768
10.085753374384046,0.07564228217366845,774
10.1360308714457,0.19062473197675717,767
9.728710000842577,0.24990386372782472,773
11.467152065146797,0.056531401773391235,772
11.644168188149672,0.11127726613424962,778
9.839938257569171,0.08637078097518341,771
11.633856547166399,0.11650454459038107,777
11.559241842240816,0.02167943246409446,776
11.142822270905551,0.10581583812629143,782
11.139028400210783,0.0535995979582167,775
10.866645728997376,0.10081203338931195,781
10.6356468074968,0.11951201693530236,780
9.66040001441026,0.15791806101306197,786
10.393251745414652,0.1741379758252621,779
10.428710467679853,0.18152674143568184,785
10.371555677607645,0.012016651373281345,784
11.395314477084588,0.09314010383998059,790
9.995197866380046,0.1099980091922298,783
10.581640744503646,0.11513177403691358,789
10.177778164395834,0.18826070282376783,788
9.887633363567288,0.0843764516352821,794
10.971269375850632,0.21403166721755318,787
11.144167939355548,0.13121010226670304,793
9.901852013615873,0.06205044331740979,792
11.348144627082767,0.14350110145818049,798
10.097038052968175,0.11261894982434494,791
9.693405479607476,0.12632564902049642,797
10.172651064799542,0.22506237954641542,796
11.596298304031711,0.10973211739816664,795
10.217087073651015,0.059487240065523764,799
