10.380545780258302,0.187632549424382,2
10.659060418868373,0.14982828823631647,3
9.857830109115003,0.0705694830219785,0
10.177957785621913,0.20660512647928628,1
10.388095267966973,0.12504464719530844,6
10.515965528121761,0.09580456260377787,5
10.441047233857656,0.04809940009841957,7
10.026217025670388,0.21769377653884417,4
10.35324693150425,0.2638446426394272,10
9.792850759716243,0.19299589593802524,9
10.632453554771338,0.1148335186759739,11
10.292474715223648,0.03645503479788128,8
10.529074183408088,0.027700124519789926,14
10.57092201950441,0.054801935665656054,13
10.46551379277967,0.0515436732799065,15
9.777884522367275,0.09461943792821959,12
10.463492130385857,0.16154445531749329,18
10.645677632929933,0.008793605083623372,19
10.337039978829388,0.07198403390290169,17
10.491846940202507,0.1892697857713013,16
10.360134340663217,0.10510768815411427,22
9.84713938937752,0.07155313257382077,23
10.161726068267487,0.15474566166670922,21
10.397237150673384,0.11173397030490413,20
10.110196633103195,0.11257241524447006,26
10.287973530921171,0.053147696391799906,27
9.817543079404436,0.0634898368296557,25
10.130963424993224,0.2386456325723379,24
10.185915913948367,0.13447878452666098,30
9.75361498392065,0.05960672108392016,31
9.783765436610151,0.1385664270109714,29
10.279485568207088,0.05506853909502618,28
9.83690695585903,0.05266876038945839,34
10.578685039635337,0.11205688468239346,35
10.312701234139833,0.11152400102043013,33
10.359923449323972,0.054364433653254746,32
9.802753912257515,0.13338414900375192,38
10.210716502347802,0.13244826412302196,39
10.514596100867717,0.15217734688290863,37
10.404555698035843,0.039790011844926386,36
10.065056558160636,0.16385748287553004,42
10.640350520824514,0.2025847932111305,43
10.313977612260711,0.08485119756584977,41
10.656304380545222,0.031788060010126976,40
10.069567085349588,0.12853019616793693,46
9.91438188707107,0.05815702460799796,47
10.228070491462804,0.10480398500698894,45
10.583438332576655,0.16243167477154272,44
10.503686815810276,0.15807549928942904,50
10.529145768371766,0.18684842092258636,51
10.018566611392881,0.08850491964259662,49
10.227094264886501,0.20986800027608454,48
9.966368759320531,0.14555097893380106,54
9.762722859040474,0.0984085013441136,55
10.36047371210098,0.1714280794511485,53
10.293066423237757,0.11645681776076684,52
9.986981873407103,0.1280423541518684,58
9.853073760555649,0.1967658295255616,59
10.010107937482827,0.1254917790157277,57
9.752878247229125,0.1733383963101321,56
10.391326262484158,0.12230083956935243,62
9.753224814333034,0.13274683320301128,63
10.235266349799973,0.03269121964093868,61
10.449985614983616,0.13189342498431175,60
10.282470310822243,0.2405649669554717,66
10.2452256784177,0.08427964309099094,67
9.98511198400951,0.08071755699405046,65
9.822689838732924,0.12317995157950024,64
10.533073121268517,0.12376583399996195,70
10.380656544307278,0.058261346553135085,71
9.765729010505728,0.14855215770242977,69
10.611660235926246,0.2028048387123608,68
10.411290450347627,0.05379553344285424,74
10.091669319537033,0.09082601489053088,75
9.902690070373813,0.22404307246248104,73
10.214174602444034,0.09861178822389575,72
10.523825215511698,0.03652250652842804,78
10.335364050736457,0.07915479235032997,79
10.421738935326701,0.04102740158873745,77
10.093192456475467,0.16964843344250616,76
10.266294648637405,0.11602405592113677,82
9.790788509283436,0.09999386258756499,83
10.0414985344779,0.17795576381438216,81
10.54010351611885,0.3085587220074113,80
9.97568618183456,0.161671794803096,86
10.061079595275293,0.01909143957476531,87
10.078642903022155,0.12156767856838735,85
9.780800076182018,0.2665622636429682,84
9.859446298294186,0.1509027456620855,90
10.39573577245866,0.14060078601681958,91
10.446342064019412,0.15899429686510802,89
10.379334261451069,0.030273120575412406,88
10.040658308706846,0.14400454263977583,94
10.559267585488799,0.12087745688793772,95
9.89551986649439,0.14202376505815603,93
10.543398625468924,0.19380543608940698,92
10.557025652316888,0.1642624160174285,98
9.867246760826088,0.06981488260765427,99
10.268563997270501,0.057421343815947185,97
9.897745486161954,0.12135128061306011,96
9.870159082169923,0.2094842619675874,102
10.220969927942903,0.09733939745894232,103
10.012859862672002,0.03541849911026868,101
9.8775255160957,0.047533938328828025,100
10.32699059661901,0.04629103042471831,106
10.61223304392836,0.12769746162894255,105
9.755176205860923,0.2203497015250714,107
10.585938511490484,0.21215634878513343,104
10.028589370410142,0.17285937667623508,110
9.9477104061336,0.14987943658849143,109
10.042122706102932,0.21145218871076113,111
10.678746283512297,0.08639372369737759,108
10.22644393285808,0.03807978866608558,114
9.96617690803973,0.15532425299291377,113
10.529539231271146,0.13433346622502904,115
10.549463005843855,0.03823987366885559,112
10.289319173200546,0.038130472783602924,118
10.44410290832749,0.05891247976736833,117
10.208444415463903,0.18554617876300117,119
10.378234798968975,0.09434848206306118,116
10.129593620031578,0.16468162855000862,122
9.953043233245035,0.0437723837513054,121
10.370312039095225,0.07084986006939252,123
9.84252807229044,0.008644757011846207,120
9.740350496186709,0.16791509677512276,126
9.851397174379196,0.2093800189590502,125
9.956063985700451,0.1620724899956076,127
10.394032169256176,0.06531579885216675,124
10.615194008509942,0.010591102811395326,130
9.997256122148476,0.1782394708861459,129
10.347493687967727,0.02886583073840175,131
10.220868714903922,0.17924524290545782,128
10.201825519991665,0.030348495450057175,134
10.09451765591908,0.06261351112396295,133
9.812768061974916,0.1086489287906506,135
10.018786645978977,0.226991556573013,132
10.541980033293887,0.14314375473784027,138
10.591029501223128,0.2143864722476336,137
9.808581817442077,0.1533090024452875,139
10.237613211050613,0.1553699982070691,136
10.164048895391256,0.04749109874975484,142
10.05837928698182,0.03699001583732113,141
10.495495432231058,0.15696219949907414,143
10.621320945625877,0.14251270390231066,140
10.30522367708128,0.0940389767668155,146
10.31161710298736,0.24119736132281525,145
10.032244305098466,0.1761616438183915,147
10.326391122091954,0.171441809748219,144
10.53962305188192,0.15156729361566734,150
9.835233473354558,0.09443838502421477,149
9.807891387617207,0.2924664010916578,151
9.822112542799536,0.19392032268919807,154
10.220903088094243,0.02565861294648037,148
10.633184511072411,0.018265833359489902,153
10.657680735600678,0.12089146718341577,155
10.066755878115426,0.1846926914171907,158
10.068834420354815,0.11157191990626358,152
10.052557106907091,0.20280684224687284,157
10.663369109220023,0.1845508126259176,159
10.30013998818606,0.14054977342698868,162
9.75053148648172,0.04938636791278067,156
9.835969876020268,0.06738754693396173,161
10.628465245922502,0.2439384715666334,163
9.965957734548358,0.12572932208248264,166
10.603573187719595,0.02370957375922238,160
10.351190748475753,0.09787348445800555,165
10.02642676514531,0.10326007226881756,167
10.631380158885156,0.12401204513514295,170
10.325220812581607,0.24119747599857302,164
9.859479399063915,0.16886179272886115,169
10.538257111749482,0.062272335972046525,171
10.024902164296595,0.057198728906382314,174
10.236820614920264,0.026965351911007792,168
10.3833369505963,0.07823974938683602,173
9.801821211577682,0.11310758048498122,175
10.61845415093999,0.061051998043081104,178
10.341458730485273,0.038054551894622174,172
10.416072703889043,0.23971977126895655,177
10.509846557351691,0.22811659492195863,179
10.37468394585494,0.2055378622953418,182
9.890129591828753,0.07774034883641705,176
10.188605716920206,0.11273565026839452,181
10.279550601041379,0.035588557772919784,183
10.518424205589325,0.12569603332450038,186
10.351902195315821,0.09245567664822468,180
10.204396389413459,0.19498257543279973,185
9.858766436786459,0.107373751492706,187
10.221614011658355,0.17748706297885541,190
10.281888887552356,0.08527762448730376,184
10.069965641969794,0.02604674287334224,189
10.47661187266243,0.08293508806699096,191
10.087569456717679,0.020089432255532523,194
10.102658912317773,0.10570838082311754,193
10.598573203701719,0.10995242187216712,188
9.749052558313497,0.11726295898270447,195
10.613389041053935,0.03154888058668818,198
10.11193255357377,0.23984070725871254,197
9.887633689391937,0.03180125260205157,192
9.841649993665255,0.04213339482924174,199
10.492734647976341,0.1259978683457747,202
10.027003196557766,0.05214966077444533,201
9.87667757807831,0.19656680767671839,196
10.571929315185459,0.0327058761588933,203
10.027258700806705,0.12252584333735575,206
10.483113231187513,0.28475419885642567,205
9.955665986456046,0.11347314748088949,200
10.239365022739651,0.11000157282575884,207
10.124176318890541,0.16387394654411924,210
10.23373052267666,0.11960942873924024,209
10.617285427451877,0.03615063928628563,204
10.441840963614048,0.05797001440267422,211
9.968179416565555,0.10822970915564421,214
9.88117808198399,0.16695559690952003,213
9.817201617028624,0.1652638073409406,208
10.353831192627634,0.016590922580890073,215
9.743426790349162,0.2863370287649554,218
10.01267106125404,0.1369939088789797,217
10.151800876348135,0.06801260814728464,212
9.856949657189917,0.12730287237959192,219
10.319599129558988,0.09815933391940473,221
9.851430950285994,0.18642980400312387,222
9.767128469758639,0.0836437305002194,216
10.344909348166428,0.0757653574044459,223
10.218455715299413,0.050868684919162944,225
10.598790562414312,0.048632063759349156,226
10.116270262248594,0.10826561140175656,220
10.16491839440125,0.17412630414308253,227
10.022806998377394,0.0976141593276816,229
10.020989725559248,0.14468162750446387,230
10.159090853680766,0.09097505727693826,231
10.528777897778019,0.0748006814538521,224
10.220049097696615,0.17136680760178344,233
10.03636274370524,0.07981704240046612,234
9.863355380685094,0.2720649007197905,235
10.012873327661538,0.07377478170662637,228
10.177994735225758,0.17288012452390733,237
9.817942777019711,0.19532718538532853,238
10.265301647643328,0.08966598473751064,239
9.936901113017477,0.04522294874530136,232
10.366410788807672,0.09936714224238598,241
10.523893239444352,0.06193949300471118,242
9.986030332537448,0.049830359009164577,243
10.343078116658429,0.11897505185856655,236
10.36253240629113,0.11683119963524227,245
10.526160472961388,0.1581584590419779,246
10.659853073835297,0.022233185875104304,247
10.046774342909483,0.07181086243794307,240
10.415827107930992,0.09368054176023471,249
9.754463685863309,0.06362942132867928,250
9.968351998971498,0.23369631310168032,251
9.795473122470067,0.10981829668498133,244
10.497043098394848,0.07486921122536726,253
10.373991509415784,0.042287047719010845,254
9.785391146762128,0.13135518715430225,255
10.485764663976967,0.02592463009698397,248
10.343967038412858,0.017203345992900666,257
9.83911230942466,0.04946717755541844,258
9.819555229192334,0.16335003989660066,259
9.987702813284479,0.2972736474794101,252
10.471932401722334,0.1251468778199547,261
10.202700008510085,0.052369446447020795,262
10.606311270845193,0.12972535579761302,263
9.88858841829784,0.062151761786661666,256
10.369605153616632,0.0665923082603234,265
9.824168749596952,0.025642338273969667,266
10.027744282470909,0.09619733681287776,260
9.843244263654618,0.07540806189870168,267
10.056118912156595,0.10279653146096708,269
10.558156265306785,0.07789254288446235,270
10.414094411974432,0.08531546799557096,264
9.921084920920844,0.15340102505248251,271
10.252864271066862,0.12665854867488444,273
10.293450698145193,0.10353459731403472,274
10.094790907190083,0.09412740756080434,268
9.968326048156262,0.027526511353567158,275
9.983902976223233,0.052541282489177624,277
9.793937038025566,0.0804837987641167,278
10.602528895119631,0.10868723066422692,272
10.157695596315543,0.0806222469376554,279
9.777649119684359,0.08308559576215914,281
10.681038237836574,0.151432894512611,282
10.013546101436793,0.1005727310944382,276
10.424803005065392,0.27053989897787684,283
9.847158257357467,0.2043827843227844,285
10.162350839039,0.08938121641344586,286
10.529490904173818,0.037565812293178166,280
10.662547501170646,0.06967950932402732,287
10.574041819977555,0.1891511805539691,289
10.669241551750723,0.22990101315124192,290
10.172043372774876,0.18190631236874244,284
10.331934534984496,0.2232769079269902,291
9.942829321445341,0.12730514322851938,293
10.623508628023947,0.08078324076527471,294
10.218725480592123,0.11007701375125459,288
10.020665871953819,0.12415029145486632,295
10.394683201600351,0.20175096858161626,297
10.229822899712566,0.07345326161381507,292
9.980579169231827,0.13249629998743975,298
10.628157724207222,0.10952037798245084,299
10.333041358656013,0.17260991748346133,301
10.113398613574386,0.07409319661141826,296
10.005474058405646,0.1564599341282299,302
10.23507145771888,0.16912020556223933,303
10.19436901498742,0.02726803062157576,305
10.622555190108745,0.04762329176198441,300
10.67929502333986,0.24034970037611647,306
10.67485374393864,0.07157055677174083,307
10.225997319838797,0.09187259300535816,309
10.396116846864231,0.07762290680177836,304
10.331465694938585,0.23407355537773294,310
10.328092206920589,0.2684399730484672,311
10.557634024254638,0.26383842036047483,313
10.506362003274297,0.13952123151607182,308
10.667681358022326,0.07010545959526078,314
10.450974060978591,0.09889884895714426,315
10.56268782004758,0.07487794989424192,317
10.682331565423555,0.24091901386335535,312
9.989923161056094,0.1737018606914439,318
10.146963073204432,0.1542092057900498,319
10.640847885771015,0.2141918979328272,321
10.422943567778772,0.056577358109038446,316
10.453610773287082,0.21365659955696492,322
10.400711096017975,0.11572176966239517,323
10.032886300867114,0.0816466032099649,325
10.245803684727596,0.10844493944447882,320
10.173836925466771,0.10678109442457591,326
10.58482595652962,0.16020017941786902,327
10.456763411507225,0.12669492504737787,329
9.949214637962907,0.21170045379954075,324
10.56677672891918,0.15798246111467992,330
9.969758005163147,0.3220586166956516,331
9.951090251940716,0.13875996538665517,333
10.532457904993539,0.0619004120746626,328
10.52949638772518,0.2718561225851054,334
9.997750358201998,0.282648636665319,335
9.767798774929233,0.06846369520649526,337
9.741792894381254,0.17254227780903383,332
9.87630534736118,0.15882271199461098,338
10.640379847320864,0.09646907166036739,339
10.28481106013955,0.14489134200191486,341
10.330385098037238,0.07039723338863488,336
10.372102010717175,0.19700381110323215,342
10.003769283864072,0.07461888986119418,343
9.926855009559336,0.1063015544525471,345
10.540611322380093,0.045678467371547855,340
10.339836743071135,0.05947295487504829,346
10.075366604102673,0.11678585418235952,347
10.380824552170417,0.0416333390506216,344
10.122310681787589,0.03299059799989677,349
10.114310770081048,0.12569728004478284,350
10.107626237164276,0.08658105782205165,351
9.98751069909748,0.11395748362119205,353
10.006316535062377,0.22363783127017187,354
10.324527090635247,0.2782803030504171,348
10.358330084929865,0.056331860375776525,355
10.428760544170666,0.17976602488082694,357
10.607227249760886,0.08396788795635518,358
9.972720756984504,0.14180958528459417,352
10.393504202893471,0.07920455494139607,359
10.603211243888818,0.12141299708256958,361
10.445459696461327,0.1252988956091774,362
9.90053006364441,0.13935938999699524,356
10.315897041772034,0.03636050312955555,363
10.465371017257997,0.019783200246831268,365
9.957536857315857,0.0570509825594717,366
10.36172981447126,0.12712159981937213,360
10.288929959537661,0.06332210310516864,367
9.922116335491136,0.06395472125201321,369
9.896795297626182,0.13631440433987183,370
10.305901137838525,0.041902723539808645,364
10.313153957968762,0.1274643149986221,371
9.760321709419777,0.23879197559229823,373
10.340510070788469,0.10999745179830989,374
10.675611044339377,0.0635692837867176,368
10.448072726929784,0.15306871695281166,375
10.36645274572647,0.24343550231689243,377
10.531129336221328,0.34251571201647857,378
10.327810648388992,0.17302104922287267,372
10.519927492815055,0.2764831256796434,379
10.62921283931039,0.042578718063589344,381
9.935962096619885,0.030063818246216973,382
10.223853952010112,0.014824823889668898,376
10.151375477386797,0.16416608375179934,383
10.076216696605561,0.2992680751088737,385
9.783027956214678,0.1753842410103592,386
10.15474649395731,0.08125765672134659,380
10.463488331082077,0.17539167296186953,387
9.773934853053284,0.12656814900618582,389
9.948130144924272,0.1414492892749387,390
10.394001831054746,0.23874522298538803,384
9.922462879378037,0.19598658813574268,391
10.569932269196025,0.1367910730402145,393
10.297331905412394,0.3007371971474798,394
10.599549810378578,0.05707255890872287,388
10.655688256303488,0.006980912320643924,395
10.052011869622174,0.07165237302878803,397
10.347938682183095,0.05572384670400258,398
10.140967022222702,0.12411278806189602,392
10.113882928513743,0.18733616260313124,399
10.618190304186156,0.14373442067493283,401
10.57015152605505,0.16756118555736166,402
9.805783107402164,0.10062310127269546,396
10.171685580131534,0.0943324508618481,403
10.034423694655954,0.09554022944360537,405
9.870119168451648,0.12604518668415296,406
10.1552034963848,0.1321803613667338,400
10.600175011597937,0.03237885287869973,407
10.280792848383333,0.016111616921086844,409
10.228015809918023,0.2793955415711238,410
10.179338456751902,0.1196172323588646,404
10.208415901437169,0.18901030030757593,411
10.136543194072823,0.1313933695650058,413
10.0109780655909,0.1642494053715612,414
10.653753612248313,0.15174784662594457,408
10.109118659949017,0.019673243118297,415
9.8942393917133,0.15551156945349856,417
10.582483660397955,0.15714977025231075,418
10.491435943730105,0.09140172783703354,412
9.764394808105935,0.1740259280074651,419
10.614008570308187,0.10316455628976291,421
10.144273207195093,0.14524322127593395,422
9.854076135394685,0.12896174909624253,423
10.038228894508924,0.0881071881552362,425
10.058377740734896,0.151160060186563,416
10.466075805033276,0.19339469294443878,426
10.274050823287494,0.13077058267438638,427
10.298480332276773,0.24859306677272852,429
10.496461255261199,0.12847997070075745,430
10.020670294597837,0.12583527310952464,420
10.665214144815423,0.21219099744408362,431
10.578985604527393,0.10008088766521557,433
10.230931428494168,0.11642151582078115,434
10.40053898244342,0.15938635408430718,424
10.518091001524255,0.2481799732604266,435
10.079958352593355,0.04090919607325463,437
10.190644804696955,0.1076361032174696,438
10.12045002563333,0.11956987109302795,428
10.668236412403283,0.15495690349854485,439
9.779977564415603,0.08964439490686855,441
10.32005963020978,0.14147777468876288,442
10.303211833684921,0.180615815602359,432
9.915207248075081,0.19492117332681036,443
10.627992105042631,0.13936109141129735,445
9.829871764189972,0.007652968248529348,446
10.67503807039349,0.3167978183317613,436
10.243296645270819,0.10356271617965628,447
10.601314486951953,0.14971875250043212,449
9.940401547154469,0.2031497042465349,450
10.224238814108107,0.12262096227684433,440
9.967534627696256,0.08605574545860145,451
10.24338746173093,0.07539316184907634,453
10.518719462080437,0.16448660237215307,454
10.125666328040543,0.13572061824501974,444
10.288080606642142,0.06056589448264498,455
10.215108998100566,0.1451254314504223,457
10.16919745346965,0.031057288019603353,458
10.172007892985725,0.13051910559390822,448
10.015244939505862,0.2611234712619344,459
9.990526456257976,0.07782860681462433,461
10.503635452395384,0.08525535737173413,462
10.47838281856869,0.08874084478983556,452
10.014816078037422,0.01168928588219917,463
9.854405205451332,0.18347686827445714,465
9.806912425265457,0.09352625473088312,466
9.851896029837867,0.06914609665364252,456
10.603937235697236,0.0753734652920478,467
10.13878608595591,0.0486011337289766,469
9.775175121251564,0.0749276406634443,470
10.290468548991656,0.13161999141200356,460
10.078287930582643,0.15899453924304907,471
9.987162058380065,0.09266921296385573,473
9.802061423296786,0.22700308933099259,474
10.677469599098503,0.10064358886834156,464
9.886221471526166,0.06751418613309484,475
9.848671290236817,0.2036590514323975,477
10.370174857165638,0.18705793335349966,478
9.99635587233005,0.12440098353624905,479
9.931490335573997,0.1529586086338677,468
10.510706975073465,0.13775307305156279,481
9.739947810888207,0.13760733049592003,482
9.910456644501977,0.04274334033732258,483
10.577576325964513,0.09952770010439323,472
10.00682456038101,0.06643824647400311,485
10.011180875256539,0.13151883619806856,486
10.35146346318659,0.10753728647183816,487
10.454045653100877,0.13096857176211538,476
10.190094996139063,0.09849046148546053,489
9.953104238030981,0.12561940450735495,490
10.442478370458142,0.11421067886628947,491
9.977525594092555,0.12936061077793068,480
10.467647137304642,0.2424226772512087,494
10.16264637611876,0.14665693277253244,493
10.509897927715329,0.08860681558266814,495
9.915493386244218,0.3019754229446665,484
9.843564064512266,0.3087262449272854,498
10.32719601030763,0.06679659621433975,497
10.136215906075432,0.11262227644885121,499
10.202258094964275,0.07745783524912779,488
9.895952503479542,0.023177100971321724,502
9.756856471119264,0.051042232357805806,501
10.519928323903045,0.18521173833690366,503
10.207062889462966,0.09233241635397904,492
9.987549947483807,0.26577192489728907,506
10.497020189728708,0.19460678606234277,505
9.838046302201008,0.13370349217194732,507
9.873368540892477,0.19574444603370292,496
10.084201522682541,0.12607962640778667,510
10.10433611687242,0.09960227533615312,509
10.259265223703295,0.0636260532039369,511
10.314892917217096,0.09964706718632377,500
10.2019841160077,0.09151552371635688,513
10.52493925390747,0.07742909922398246,514
10.530512468521447,0.10590313912288535,515
10.525675775265201,0.06685979107578593,504
9.784393618983318,0.030143385405222423,517
9.841512075097853,0.05995993290166521,518
9.905704881776751,0.12476841688040015,519
10.48341069896234,0.12680277058812975,508
10.24684681601826,0.10507523387831226,521
9.794401529066016,0.09317792360349803,522
10.31633304055776,0.12988192632588375,523
10.055869382544184,0.08595715034448285,512
9.918859144264994,0.19033021475319978,525
9.747782050582858,0.17686870464351387,526
9.768746016475156,0.19826022918029387,527
9.960071457853173,0.1088892704066989,516
10.181000266069152,0.08174620576089017,529
9.748216499966176,0.07872060447160967,530
10.055204711925228,0.15200621735061984,531
10.28664608369429,0.021562969992959157,520
10.054148238176882,0.042832522428494446,533
10.028578626613534,0.19971753399136033,534
10.23849464031371,0.09639874565460123,535
10.254405607044829,0.2201629564919544,524
10.242317372008449,0.06450634676441278,537
10.294986256634033,0.32840494326201164,538
10.006791157369065,0.1304700641426366,539
10.459662494232091,0.13708693047958578,528
10.237271806495592,0.11419911098980201,541
10.16867333981357,0.22701044116906532,543
9.964790480792278,0.08202051016419332,542
10.44194003149864,0.18475442015870142,532
9.847225194639663,0.18191641281220908,545
10.381423780242505,0.11976293847423672,547
10.30680465831783,0.0692212321757743,546
9.743173116527583,0.045036540411983274,536
10.243647721790035,0.2816909537659435,549
9.958913371159088,0.144160245927991,551
10.531071779784078,0.11116218778095521,550
10.347835290792586,0.03775732368830201,540
10.083493427948934,0.25178700898080114,553
10.196121862055351,0.28205774201079764,555
10.61017166732165,0.018256275863005895,554
9.86923430843688,0.056185944546994465,544
10.098270389494632,0.15732295786071782,557
10.227316099133974,0.24623688546804115,559
9.766439101486926,0.1169189078882934,558
10.209158551423425,0.20641235593622007,548
9.962792799490149,0.0862028865634058,561
10.411684111184783,0.09023127770532163,563
10.395469520472485,0.08184548838900395,562
10.11117096410031,0.15737422574538917,552
10.265404586199637,0.07280354197443904,565
10.508132415857482,0.08502919710509571,567
9.91258195383152,0.07347806048449114,566
10.527441253155587,0.024202616618155925,556
10.378778890596916,0.058215701010605116,569
10.457145494214284,0.053732785196246746,571
10.51213890193771,0.13832595429787425,570
10.115230671713862,0.20205865797541644,560
10.480961175015272,0.05153015287804583,573
9.797242069424888,0.11542789898645495,575
10.332880186385735,0.10243810252982549,574
10.044731623482201,0.05858776933175604,564
10.542220800746476,0.0809877316608217,577
10.516874378799901,0.16682974867648773,578
10.356740556602842,0.031090623116509515,579
9.889495972050893,0.21281067341206406,568
10.313617843794255,0.09345100736320881,581
10.04500753565185,0.14285267398505264,582
10.017025949831753,0.12888307378321726,583
9.942221262493586,0.16762097812697185,585
10.568980432917384,0.18089079605672298,572
10.03125933638266,0.07704966317616381,586
10.254695796311518,0.07664251779405312,587
9.992937771802344,0.27114927163192476,589
9.89468202925351,0.047037973128149765,576
10.070268474361574,0.10359128551957111,590
9.839913312848898,0.10915118790500443,591
10.032905082572094,0.16455984511310434,593
10.000372694664676,0.08927042324587428,580
10.052137123543591,0.07422934041464582,594
10.065213482717086,0.1290516933137012,595
10.350640008422893,0.03917719750886644,597
10.666548633686475,0.3421690158635275,584
9.99464228894831,0.0320116501666481,598
10.64341728077165,0.30087278996105654,599
10.119006625415304,0.06408484461166296,601
9.85400107389948,0.31761524726214363,588
9.846313420898932,0.1024705115408226,602
10.563626235213851,0.14172644841671025,592
9.845652020603692,0.10068432590533448,603
9.834510325105537,0.21667278948573762,605
10.193746775733473,0.130376721657815,606
10.026871026479446,0.05178149542723834,596
10.395210516408877,0.12765508199733608,607
10.091747940066547,0.09776999346589633,609
10.16707623249235,0.029969308126713237,610
10.472591234600282,0.10287047070832832,600
10.087436931906536,0.17353600022928217,611
10.396510653552172,0.039287710464738966,613
10.678312074354048,0.14416959238474897,614
10.567055000535822,0.05712606054575914,604
10.669640612152651,0.26833778238256284,615
10.427928358911469,0.059532849330746755,617
9.766605458850933,0.10330884207412681,618
9.931722443502162,0.06576293777210379,608
9.85355186662177,0.08926157355298436,619
9.820099670873482,0.13342575427225642,621
10.415062965915856,0.06452244102226334,622
9.898546825905743,0.0812870965286094,612
10.159252404121428,0.04360671708545188,623
10.534927661611835,0.13347300295520498,625
10.579646910649604,0.0857325510512184,626
10.306511261677732,0.1885060717735236,616
10.33504210472606,0.21721127388070466,627
10.223099334757901,0.088803227622569,629
10.44499162477132,0.16123501690137948,630
10.540394839308451,0.040328929559779424,620
10.191129091414451,0.16158071627498377,631
9.934915826271126,0.107067234216804,633
9.893237517285236,0.02265615505403127,624
10.497843499706594,0.14690339064361166,634
9.875632734440003,0.16986719913588033,635
10.432329804593103,0.11388180463673248,637
10.061297120239061,0.04246169813135239,628
10.043640257041952,0.18761716857313024,638
10.646754355479365,0.2411561777799335,639
9.76251987146787,0.06752751713176251,641
10.009078885570325,0.21387853580709926,632
10.4176749315646,0.024156572825418308,642
10.070203468009751,0.14193294425455438,643
10.527082668871097,0.22543721810809414,645
10.261473781403906,0.1857775697050458,636
10.426509977764981,0.09396545328033677,646
9.8586574235747,0.10369996503223367,647
10.068092734998665,0.17796706038329102,649
10.365740247911042,0.15580927060408115,640
10.216944617278955,0.07816692387887049,650
9.94330835768641,0.10263117261912208,651
9.94498110353626,0.11830334125993032,653
10.470922810601131,0.022376813747263618,654
9.801432991378164,0.26740663184345154,655
10.017373332064624,0.10288146691513522,644
9.89210271965798,0.03914073262916282,657
10.373326456638917,0.026790622755427058,658
10.153979207408817,0.11341179777328991,659
10.48176948809257,0.10470218831865,648
10.334801820313153,0.19275771296466396,661
10.465245198978689,0.17738383061068072,662
10.012085498971661,0.09478940847782523,663
9.971528998512676,0.1822995051857723,652
10.349414129968125,0.22317609048543807,665
10.360575982507049,0.05738435261870531,666
10.47103447160024,0.08637786548676318,667
10.146391486258192,0.0795490754483617,656
9.951250730936168,0.06375774293779234,669
9.935870337174398,0.1413600988661151,670
10.108007760563853,0.16864672877843673,671
10.234220419094397,0.06487869569549984,660
10.552900629365787,0.0709511642280515,673
10.300942152682293,0.09023537225911747,674
9.85169343634473,0.19691979377041408,664
9.860239515858561,0.1372012697693942,677
10.04819316275688,0.10655948212646225,675
10.314866866914837,0.06000958470323697,678
10.27154732097471,0.06748236245882092,668
9.989632250246439,0.08529830786034268,681
9.835124659483004,0.147084746989733,679
10.147993013597471,0.20564107044130264,682
10.397147829074473,0.20530689184664577,672
10.313780939210758,0.00525791743185046,685
10.43756375861893,0.07849924645252922,683
9.923723844079133,0.0457504807032117,686
10.6404832216051,0.10966982290993338,676
10.622452034154227,0.07629414142983271,689
10.28671536659625,0.1008875438456993,687
10.50996604939235,0.1570045441724408,690
10.457389307874655,0.17859144306636213,680
10.390995207389697,0.15423818054339591,693
10.05755763606791,0.0946332567193222,691
9.81975492699689,0.08104906410113166,694
10.107193198521273,0.0590205417379979,684
10.47825579234996,0.09585149097300777,697
9.91251873755468,0.13685655937793104,695
9.933105589858185,0.14188860376342569,698
10.291129624171907,0.1928731889137453,688
10.097981465534136,0.10323300843645933,701
10.1860043591063,0.14167731525247337,699
10.448132897514316,0.0770234211877283,702
10.26418606922662,0.12820841088387813,692
10.623053212761006,0.11092493349846436,705
10.610591330888274,0.14858508501702838,703
10.455731021887372,0.14934768006126806,706
10.384171394808973,0.11520681879954096,696
10.126845572570083,0.2416406318315421,709
10.33469438130882,0.20472329156398528,707
9.761172598004938,0.13106107801526976,710
10.539699291783467,0.19369283155702618,700
10.127521303387784,0.1453308437186823,713
10.582179543791051,0.11213292148072602,711
10.174184950721513,0.2009950816026451,714
10.577566275264397,0.16009683039333616,704
10.341285646917486,0.11122596258863178,717
10.323728007991813,0.2641299602446571,715
10.380438209633157,0.1187028503410072,718
9.895292246447314,0.1551993277431324,708
10.010881261612322,0.11471124182876594,721
9.82060848413624,0.2364867898229699,719
10.176100820398956,0.13851891902092353,722
10.612139450108003,0.1528723544294938,725
10.131554640840296,0.09063629841662665,712
10.6229267628535,0.050505567975986966,723
9.869312520476191,0.18357388738729802,726
10.2544960297878,0.14022048952419583,729
10.478500272500085,0.22443378964311134,716
10.147447672750067,0.26389460590817326,727
10.50540974147522,0.07065790817522266,730
10.665945740653628,0.07370308400992968,733
9.875996962466942,0.015997106557711426,720
10.569897668589519,0.05376425448454517,731
10.21381121388702,0.1124929687609247,734
9.972358933880205,0.24397224106850582,737
10.166820178146123,0.1456046731751704,724
10.660160183939379,0.19556127274240737,735
10.682661101608044,0.021675616956316826,738
9.869102108619101,0.04407107592155254,741
10.65168604603351,0.10756709075393643,728
9.860960115807222,0.15954337486708733,739
10.52975087571254,0.2874801486980913,742
10.67329960052497,0.08211692281432076,745
9.96945794040844,0.07456859862633351,732
10.64535802849036,0.10415130396708674,743
9.97772102797103,0.16722524074436382,746
9.835594555684906,0.14358365636295964,749
9.812075944663299,0.26864217369892446,736
10.564703544345189,0.14839835775624613,747
10.449134584557854,0.17519640090033056,750
10.19321045792589,0.19583379200671303,753
10.53200488530602,0.06740782788932378,740
10.469919459865338,0.11975450137153865,751
10.639670758417378,0.17297071423985425,754
10.233068245232067,0.2722061977541816,757
10.112138998174789,0.02333043839233638,744
10.317422022936217,0.24717916925848327,755
10.25763700760493,0.14065991437554393,758
9.985703464647292,0.14090396542688324,761
9.818500092085259,0.10966963500314714,748
10.023261109784677,0.07230772831802018,759
9.853133507272018,0.2494432099312074,762
10.222953275953675,0.1706527956949423,765
10.161034694716045,0.07885956388353983,752
9.93701774534859,0.16094573489467434,763
10.124776996846768,0.2242179942073264,766
10.054227812991877,0.13195697492455027,769
9.863468309372985,0.20706248795717197,756
10.626974170064932,0.06666746180354255,767
10.257035504693208,0.2272081832982914,770
10.580351321141588,0.1382514900385382,773
10.186512318666335,0.054412922425579616,760
10.331268937783966,0.07542161164918876,771
9.904751549454971,0.06737490678081136,774
10.220555607055326,0.1765258813464089,777
10.477219535380883,0.1483080707204607,764
9.78692709698832,0.0906814773006795,775
10.369829927730132,0.17042259381328584,778
9.826527385967209,0.060943686109022954,781
9.916202886617583,0.0741493796981788,779
10.132715808818595,0.1961113718379158,768
10.520150785432328,0.15159389025498937,782
9.830360466978002,0.10084760640127977,785
10.546476600294554,0.1498752892368596,783
10.134171871350164,0.03877059747552776,772
10.634550297244074,0.17155125933457566,786
10.536730819545623,0.13124645206919305,789
10.152727515160587,0.14580694804216388,787
9.848015452083512,0.18435067753964623,790
10.152621059473208,0.31420102801112226,776
10.068880368535934,0.07422960521597259,791
10.257737379268788,0.15008382637761636,793
9.94929862251684,0.09422749305588018,794
9.975718104804248,0.2461326853919346,780
9.825499835429184,0.08972021282829398,795
10.22204393253815,0.10940397350110126,797
10.54770836349244,0.05999254173404979,784
10.321445124316423,0.06596984977331041,798
10.004189930677972,0.22212356841684142,799
10.253698872669395,0.04342000236826389,788
10.244363866746909,0.13471825154723502,792
10.18901151454152,0.13999711932351794,796
