1.3668333698687933,0.14144540888630158,3
1.7531749043537017,0.13427814709417288,1
2.0121056631846526,0.08190175171543791,0
1.9608167929628049,0.07314389047229534,2
0.8515669716564493,0.011004714414777607,7
1.4403818801715336,0.17371777658422605,6
2.1654928523346775,0.29142946437528683,4
0.9916251065022432,0.12520347557752465,5
1.326077589143253,0.09182931849948232,11
2.2944014101237507,0.16387030037192965,10
2.458379387644926,0.29499811171950147,8
2.4971674632191965,0.025886997894802633,9
0.6556779643526476,0.03166709204624157,15
2.168250535800329,0.09646937299228751,14
1.8430459508810646,0.1535536287370002,12
0.5947628420231075,0.12765047183729925,13
1.0244927296346267,0.16303518123234484,19
1.2822049477247919,0.21244247202745437,18
0.8606371388588718,0.03748952952761263,16
0.8081198742460918,0.1881594585606453,17
2.2787507277374273,0.16618579599156172,23
0.6001065297003314,0.1369813911835991,22
1.7534911029954452,0.1893164306214702,21
1.6130081740527977,0.02225469545270283,20
1.110052722643564,0.2113271419282322,27
0.5254077303825604,0.02533808896818266,26
1.720592353687109,0.13639451666611455,25
2.4737267636270768,0.17061529450190058,24
1.618901238776544,0.1647583216235433,31
1.6654042166214629,0.151888651523504,30
0.5031248638975445,0.13201072385836607,29
0.8759450698606992,0.23795180064371393,28
2.415321517104358,0.21786736957360375,35
0.6239242664380138,0.11995857018359635,34
2.184515913430945,0.0859613307337724,33
1.9405479474052856,0.13500491086556093,32
2.4611840140236216,0.07109236678977336,39
2.4900150573151043,0.03882588812016259,38
1.1573811993297594,0.3058283553329847,37
1.9934818129849192,0.15845175385777593,36
2.1567476039364024,0.04930718283295151,43
1.3524492460245503,0.14732053737291909,42
1.6566128245996419,0.05739282921556015,41
0.5439639746918812,0.24867461196089802,40
2.4441847625601705,0.23385083941108384,47
2.264431954650264,0.10271144155973233,46
0.888617078301063,0.06643477320062978,45
1.0048067326135703,0.054688747426967034,44
1.7573470323737224,0.21442366523109038,51
1.6968757121587392,0.08470617268566982,50
0.6779255190287448,0.11015639817062356,49
1.8106582323144154,0.04782001160300334,48
1.3170367676435473,0.22086351272691884,55
1.2469184165100953,0.02763223441021479,54
1.240000259261525,0.09856249123579312,59
1.6787778402940883,0.06870383673034298,52
2.0104659389317745,0.07306404388387691,53
0.6654824146031011,0.08131634489848788,58
1.1790786190097307,0.10406725172128117,63
1.6316153279465053,0.07970338626719659,62
1.0464160558571796,0.01388983411083991,57
0.6284856000978742,0.1601579074136169,56
2.2846705065728403,0.16764762912543688,67
0.5179186655523293,0.03003720665269562,66
2.092871600792414,0.1865551990270663,60
1.6222060291403142,0.20686617690488227,61
1.891173978231038,0.1058735857540602,71
0.6484453224749671,0.09072639084512558,70
2.020921235990359,0.2051418686912744,64
1.1936411410645071,0.11435609332626051,65
1.7409482387946797,0.17434576352874434,75
0.6304243304842816,0.034181787468738394,74
1.3406976736151444,0.18522564814362472,68
0.7951440297171499,0.1821047163193298,69
1.1614106545337322,0.18811230364450596,79
2.0934531323130168,0.16588673133637963,72
1.9543944490556922,0.11046372087166628,78
1.0787715278529166,0.20254673313241894,73
0.8155602821520938,0.059922049449219354,83
2.4678791239075193,0.08917649384013039,76
0.5805488779444943,0.24227650528705388,82
0.6585409470155779,0.1528539586728655,77
1.7890163444809086,0.1952923543187829,87
1.0990329783983754,0.031801413440512454,80
1.1437716594258336,0.07794590474587941,86
1.1600198638018182,0.0392203991498172,81
1.227006283195558,0.09998126738494503,91
2.3873010993246826,0.17366320738266278,84
1.0289650657730787,0.1931641875602409,85
0.6738354971176153,0.24130774925304707,90
1.2635852640202154,0.06784437391636931,95
0.6091806112849691,0.1808141209562051,88
1.944576515832681,0.07987968887002725,94
1.629841875169882,0.12128963030271703,89
0.5685568688327323,0.1607164294325346,99
1.374071187378396,0.2036614127424656,92
1.0932922038709707,0.12369241679014359,98
1.965642525176968,0.06303039044694618,93
1.1519787091250684,0.11457924726453605,103
2.453480004768586,0.0838348820847774,96
1.5881788997144528,0.10335222161891795,102
1.2224623365128957,0.08682202768865793,97
1.433568823674874,0.18656000007738824,107
1.4607259479656376,0.0722059481864369,100
0.854214666335761,0.11725671107809783,106
0.6332144285635057,0.05322227298070462,101
1.0068314881880118,0.08730188058351851,111
2.004712929588333,0.023457518863947275,104
0.8988257566805495,0.1013502485748042,110
1.5007500028037133,0.24992540461485369,105
2.411774166586879,0.10612655266988046,115
2.2877831064908785,0.09131927092309955,108
1.3380774867494085,0.17469927041333777,114
2.3191739655321633,0.14261514823759067,109
2.096255087205744,0.1089701054245431,119
1.1534185960975056,0.019025838544621823,112
0.5077661030406655,0.1377508491355842,118
0.6288196453635602,0.002198735188958954,113
0.5511843818658599,0.12376089768099868,123
0.6612329773163899,0.010732554835958596,116
1.0485097166031483,0.1650962369388801,122
1.3641942923973287,0.16400513193337513,117
2.378805724965148,0.020973351275547877,127
1.4995078089359437,0.1443411589573852,120
0.9785805977821895,0.13395428274920168,126
2.1455030189865347,0.22019168587865276,121
0.9141384419962517,0.1707194446613759,131
1.4365378731351788,0.12431346883867711,124
1.0303297987758189,0.11683364018580687,130
0.5601805076465858,0.06198022309599677,125
1.6052972014952762,0.19393374653676188,135
2.217885721654836,0.2008507383146693,128
1.3332201881921788,0.10665265624234882,134
1.9506291022407385,0.12764688729116858,129
2.0420082087263465,0.15555728940656235,139
1.4511607319516504,0.15617448890486035,132
0.5315082137717855,0.11018694309257698,138
1.6553047510327081,0.12339170468889538,133
2.3441682373294115,0.25985613513741695,143
0.8474460692411072,0.10524717072396246,136
2.1517437425958272,0.05623126344002997,142
2.189555141262976,0.19837310237410907,137
1.0336660572522758,0.1159861520793339,147
1.9029798509302975,0.12384550340464869,140
1.718530425912588,0.17716236065193608,146
2.0432399044358167,0.15233848522279791,141
0.9363221541017444,0.16889844561604556,151
1.474850431903822,0.24956116236565815,144
2.26845937862518,0.029090764012131284,150
2.295614375142738,0.08071096213023077,145
2.0298772686470015,0.14663848750441574,155
1.7018129069546464,0.1270829031652055,148
1.0470131186044567,0.02101385764663501,154
0.7962862615932456,0.07298431710640685,149
0.6166756563072859,0.0672346987974499,159
1.1530955106954999,0.14027182355491144,152
1.4689145566959423,0.14310277825782214,158
0.5188205228336344,0.10409828760240675,153
1.919696031169803,0.037460842067817246,163
2.0836672104797653,0.15647364874099712,156
0.8727113423658983,0.12516407955318012,162
2.039938809445609,0.12016674623674523,157
1.834260916056659,0.08751030858118308,167
1.9963776474292914,0.08292181216764197,160
1.9492216897085421,0.1562413174166706,171
1.5286366370654845,0.06378323628414839,164
1.3520657750829082,0.23807646558676035,161
0.5352085512429028,0.10667377367172964,166
2.3595931057514523,0.11736546788551244,175
2.4039633273088605,0.06851706294471394,168
1.7166544408970903,0.16641074377502996,165
1.175690438524383,0.06709553514773939,170
0.6845049747711649,0.15924343638003607,179
1.810758951163533,0.1738010319129096,172
2.4075895404368803,0.04084462595595673,169
2.1618250651031357,0.023937322074950328,174
1.641517982614948,0.13580209060392776,183
1.7417201168427228,0.14662846648516434,176
1.5948045401340825,0.03163244938805972,173
2.1876549559596046,0.2054806073394857,178
1.8629790497944096,0.11262384961028718,187
2.3198667298375764,0.19816363911230017,180
1.269679911443579,0.15549758689229448,177
2.047214280460946,0.11659044843266964,182
1.3975593683177145,0.1920104120428233,191
1.5828885969345987,0.18255354886019337,184
2.3463285231291033,0.07501708023237531,181
2.0761947363815345,0.1946223979992891,186
0.956131994945913,0.13298720843799935,195
1.1921791916568212,0.14279033826459459,188
1.7924062756530286,0.07612066017740661,185
1.4089195321421302,0.23658172120489201,190
2.208658979984047,0.2497878430568838,199
0.6675270735586236,0.21146444260126562,192
1.3844580511953175,0.060427743278034345,189
0.6091374223300492,0.25386341788007755,194
1.865810234821437,0.14116928782750923,203
0.9645208975804143,0.021065636987408293,196
1.1905962831444086,0.12340497430503461,193
0.7297649932354722,0.10160626182471835,207
2.26320309385964,0.05720551977758634,198
1.008218068588788,0.03458201458877312,200
2.255818620618607,0.11549119672839446,197
0.7373245177847836,0.04142017528608873,211
1.4608706095732646,0.0788328664029694,204
0.6225436424262452,0.1569635624095487,202
0.6570465783259019,0.1000029476268729,201
2.489023572622928,0.21645748931580333,215
1.7777058194099329,0.2149206639958628,208
0.7552763875795037,0.14861157379449333,206
0.7752975327306855,0.11757330437985768,205
1.231931157627938,0.1708592683499411,219
2.4614423118838955,0.06859551144530585,212
1.7743098836947857,0.034922882914920524,209
1.3296792468046095,0.041170603191822364,210
1.1012077327387249,0.03925565986187013,223
0.6666988122491675,0.13372112199750183,216
0.8673112909412912,0.06778333361116583,214
2.3735425129744607,0.16633488673514085,213
1.2246275810237255,0.0416504565799186,227
2.0338518394929808,0.0902385490609956,220
1.0700916569232095,0.08384301067486233,218
1.6850103876025329,0.040623985047020306,217
1.3559821059479649,0.10735527425863432,231
2.202278293649301,0.17490546559681203,224
2.0585914391476536,0.020517707777466927,222
1.6049209741854704,0.07365763291531548,221
0.8280582470483089,0.08887549445364638,235
2.3284211046934167,0.2460221636105081,228
1.6200378101199158,0.1099990234662557,226
0.5617771767888031,0.240357485107227,225
1.6525361934318534,0.0666374592944853,239
2.220470417126297,0.16761007851446222,232
0.9235163649548397,0.17723603917964756,230
0.7983391777282203,0.12285659913371434,229
1.722107432088058,0.16360899983405514,243
1.4571843897696082,0.044827475419130625,236
1.8754274557933976,0.15267098824418282,233
0.9355971096324955,0.06232511029348009,247
1.7941511890281947,0.009535021527812118,234
2.0672327777812622,0.08249953504258563,240
2.257978449888995,0.11016390514118024,237
1.1400969941370176,0.07293642229186478,251
2.1438462134196348,0.10967287823906496,238
2.4269174268518956,0.05638186057102593,244
1.691567887146298,0.050409371146707044,241
2.277045830216465,0.03418600239483092,255
0.6625638436377601,0.13560572986067268,242
1.7516423540468737,0.151393201908399,248
1.5915969751209096,0.14341009990944764,245
2.173712214704869,0.10920477099458821,259
1.187833683756763,0.1596683811469916,246
1.9962499317404356,0.06984443422074733,252
1.0420818007146428,0.10525891857037671,249
1.3608326340516437,0.08468383904971741,263
1.4466981102442407,0.026920315947127856,250
2.1466365789335855,0.19176312703280907,256
2.2543392387907697,0.04767993928187765,253
1.190545057946484,0.055110174416242975,267
1.556026872573575,0.18448583532790552,254
0.727239501566634,0.06469703209314401,260
1.8043458635262837,0.076056847532308,257
0.8008300283339838,0.09230271314601902,271
0.9832126608522513,0.11212983920679392,258
0.8577741357058801,0.0754585834051879,264
1.1782286444958392,0.10849441428488299,261
0.8315939977955693,0.09874901100582409,275
1.3326338069125516,0.08631624416863848,262
0.8753406423513572,0.08180962017040133,268
2.359986776451884,0.2169261676841015,265
0.7692909945106676,0.15869365969987667,279
2.4295537422513944,0.1533031654572713,272
1.1534778225019562,0.0636688812194513,266
1.5346989050123259,0.07746979231277469,269
0.5759759788426664,0.08788818528869306,283
2.2342163296478788,0.13904504170802873,276
2.1454823784183645,0.13296285502987268,273
1.266185548610723,0.10550282174725485,270
2.137273507092921,0.12605093958465227,287
1.8930072576660808,0.14168071016762862,280
0.9434365632832311,0.18443658799958532,277
1.2412725876800421,0.17595490728387767,274
1.3081574180563826,0.07371327314294326,291
2.0662881640715653,0.17781393174033389,284
0.6652396168177466,0.16199515521385308,281
1.441614482192749,0.11684992841995974,278
0.8801202917633666,0.3433233897408797,295
2.0908418941690963,0.047520762748963344,288
2.3559591098691612,0.140267984741957,285
2.1498472091837177,0.11403758928522861,282
2.309233136534618,0.21098935413665298,299
0.5877484860966764,0.12460056958864621,292
0.753943308085818,0.18073297271915267,289
2.3101811203636,0.23457083120463165,286
2.137400336403431,0.011167140905947505,303
2.0217148707957167,0.09536456699246662,296
2.164296317898766,0.1787940251346001,293
1.6544186408549948,0.14783232107885272,290
2.2583676687301484,0.07775129934469852,307
1.3591891512977277,0.054822830323715044,300
2.2286949796815225,0.05078928174161834,297
1.7530550375420473,0.032688752880051124,294
2.370594086535358,0.015381364182612909,311
0.8891282628151747,0.25602129168401977,304
1.428671110534535,0.15662482498869315,301
0.5180792539933445,0.06582854748462436,298
2.466469032812247,0.1632225264508832,315
0.5086127863330283,0.14507952070430494,308
0.7926419432434395,0.1466184004780944,305
1.7970334391901963,0.12263040710898104,302
1.8891378192322512,0.13666439471925373,319
1.3192437602081148,0.07590788958616479,312
1.6770433085027863,0.06483385732135004,309
0.7563573320255152,0.12316428216857106,306
0.9571822715984382,0.05422994060412543,323
1.233990918263848,0.0355447618976111,316
1.2392188497391075,0.10891229479949352,313
2.445976747662912,0.19623690105775257,310
0.6590000952191539,0.09295567352722735,327
1.5173532607992435,0.09902900962830694,320
2.1134468392469623,0.08211793901610787,317
2.429994562703254,0.29993294115456987,314
1.8553626262923817,0.10750982463350266,331
1.0678748799225457,0.16021051629366206,324
0.9066713353812339,0.29046170464143745,321
1.3347008387725772,0.09847078001938293,318
1.6721784699174143,0.13169568069574364,335
0.6630233440365718,0.13023340241948086,328
1.134115406038664,0.060852707766730865,325
1.9895689218132884,0.141156996605994,322
2.4083690303326875,0.14617526954815183,339
0.6297806080130262,0.018722577712962676,332
0.7960310397049608,0.048242553112178954,329
1.6525992777970209,0.05433185522602442,326
2.086956530878383,0.1347855458257785,343
1.1725248097086503,0.06122543409065887,336
1.8327401294030345,0.11457485151237544,333
1.5873171142745068,0.042466738083799895,330
2.1825157777877147,0.18201755032366498,347
1.0009239160546466,0.11944768058152021,340
1.8038722468229107,0.40886701491034066,337
1.1515398324438768,0.07622881048489494,334
2.221744530815337,0.17055254291190985,351
0.8331242820382827,0.1598464501898708,344
1.3874372906908583,0.20662966289135665,341
1.9119090945595385,0.10634447191505836,338
2.0908370802240173,0.113507438622499,355
2.2207393285515833,0.1491377309125589,348
0.9038379008033968,0.20095607105971222,345
1.0020915622194309,0.1939753851107649,342
0.9665218929937609,0.041704715968512066,359
2.496177930105612,0.024887302253204742,352
0.645187668685701,0.09416391525977678,349
0.5155459886643288,0.128015408720361,346
1.3770272118716853,0.10810704305092217,363
0.7315181278748613,0.02772791875769183,356
1.1961413970411736,0.09011170988128435,353
2.196015633541525,0.16339042040045113,350
0.999599821685613,0.08378126878351377,367
2.223882642312127,0.11570020298265529,360
1.6102110110301044,0.2435562727241679,357
2.296475062178511,0.1028595867621442,354
2.4497794488972966,0.05790763261942383,371
2.446321435205074,0.1937794596057938,364
2.2959976842726206,0.26068518262551416,361
1.0658483687325462,0.07841978977052479,358
2.299342686556981,0.02220663553156808,375
0.958942236927333,0.2148238282285501,368
1.118621823118752,0.07806568468599565,365
1.4518706671684922,0.18333943026318456,362
1.1062066440271265,0.05095001000022625,379
1.0306357620238478,0.23847127393310893,372
1.3687736189083848,0.1069306642537349,369
1.642578637534912,0.1677979924093831,383
2.2710572177499886,0.07520294376684078,366
2.4260670203993464,0.09410208058972147,376
0.755814201751966,0.07672390310856164,373
1.4967453464034635,0.23323138587075884,387
1.2971430926293106,0.06922776530402945,370
2.357735081135203,0.09160269256943261,380
2.4000894627655027,0.15135151800023847,377
2.006472809938324,0.028042647930431125,374
1.460260178430947,0.22275420462243414,391
0.5887920026771274,0.04700683063083769,384
2.2414053748248985,0.11510997157106498,381
1.2405291556909206,0.08622632183706003,378
1.2800563352276713,0.009387478631681778,395
2.438719936519121,0.3139951708359312,388
2.412850889796286,0.04473056425206507,385
1.6471686772802512,0.1102235463104955,382
1.598566076121599,0.12045669758574927,399
2.255114649618144,0.10698049094194384,392
1.2110403731181851,0.09972825023818588,389
1.3176044021658593,0.007349479012532932,386
0.8274759750810883,0.2092242147366183,403
1.0395215123757264,0.21245764419038357,396
1.8849262739536181,0.08947615885710863,393
1.4261702839221917,0.06757176769684944,390
1.1691715971134646,0.17577687694917105,407
2.2360048003904542,0.07004287123200788,400
0.5427257878722751,0.08896149762074061,397
2.301756751734933,0.03810127892983717,394
1.1907891483751303,0.10041203005384769,411
1.5689418658412686,0.06805422618714833,404
1.6650265851259736,0.04667167964232685,401
1.170286520275271,0.13197309193673468,398
1.777849610865487,0.07652053304894235,415
1.46890270099613,0.05579214747989741,408
2.0858645160230926,0.20029773313482183,405
2.430425061158032,0.11433818221626042,402
0.8364525098456643,0.17575500712559644,419
2.270378141716628,0.09352020398959165,412
2.3086218354380295,0.24208395341622602,409
1.7955588366344963,0.043468015409129764,406
0.6823390826561104,0.11611162266297875,423
1.085954409162752,0.05129044114249292,416
1.117171758761009,0.12186998281519912,413
0.7802476692610578,0.1376986000507379,410
1.150692483879074,0.11713103973419443,427
1.7999357034328114,0.24508211509580288,420
2.065143430133057,0.10444739185000065,417
1.5977374458419413,0.1617296005311321,414
1.2026353134647727,0.17679290328002817,431
0.6301271152372849,0.15043398412000245,424
1.2833348410397498,0.16754353182576429,421
0.6080556597139697,0.10853238864550943,418
2.0876051401607882,0.049192952028079905,435
1.1826579354439235,0.07492372362361242,428
1.5808571675451735,0.11845432688712187,425
1.8581405852150805,0.22726644105385008,422
2.4350979723932995,0.10594061190165871,432
1.459954012294166,0.2133208279319308,439
1.8709715166263092,0.1172643663639833,429
1.7960012098551463,0.08357328305364654,426
1.9478295942149098,0.09505480873499893,436
0.8386803401881613,0.12399079254559578,443
2.3308622198490676,0.048718714673697594,433
0.9839954751874649,0.23829086799001367,440
1.3334585308005316,0.06033861461053206,430
0.542691778097901,0.022686338845387653,447
0.555283809057562,0.027697881529773535,437
2.4745048137012633,0.10174548336601759,444
1.3238455403606286,0.1553818284947568,434
0.9349006353205516,0.15471425374943973,451
2.488622762501697,0.12613502813250252,441
1.6837880538094523,0.17826296689141846,448
0.9253185375263657,0.2928614290625333,438
1.9963939145606646,0.13307669793695867,445
2.2148309196332594,0.08276690203065128,455
2.168251670419327,0.14333704064199468,442
1.9508224916018204,0.09088229774249552,452
1.5515692685319624,0.04940285521754169,449
2.3069293306762866,0.0159584244033849,459
1.5140119130952314,0.19096924558331113,446
1.0934347829468822,0.08408950775576784,456
2.253070525807898,0.2126171561109597,453
2.175476000069623,0.19890270800225546,463
0.6660267642693207,0.1314420748622463,450
1.1044620498052724,0.12132040816320018,460
2.225601438912854,0.2539453046298779,457
1.7550155992134626,0.1163635798578082,467
1.4252501784750968,0.06447560416425846,454
2.3357674959336667,0.12738809940854465,464
1.1484808199992442,0.17964204311385523,461
1.762192776101853,0.06524966682382186,471
0.5933371205301747,0.08593140100348555,458
1.0546042615233537,0.1275690001387993,468
1.4355116727116093,0.0964160479747576,465
0.6340967495676215,0.0856217241514658,475
2.1591048491016362,0.22702062702497053,462
0.9522311257865137,0.07811229872179104,472
1.5054382085089688,0.1727559926935962,469
2.332094366972619,0.1446688535681888,479
1.9831568162039739,0.1293115513230892,466
2.121606728119663,0.07476221063698231,476
2.291386278564487,0.11454823303698654,483
1.149284695063541,0.11353931130558106,470
1.5849403094601235,0.1383516708894826,473
1.8457907036156485,0.034931693082229105,480
2.3331815088766694,0.18174313465032574,487
2.0813998670632268,0.2012473908661152,474
2.4796643399283687,0.08967715878930588,484
1.2941316932196982,0.1287571986517497,477
1.5813907603297002,0.1811685938218091,491
1.7154057232092084,0.18481054527601054,488
0.8417504400887672,0.13528740929834857,478
2.463130851552683,0.25089846613565725,481
2.380512550678149,0.11534377850124798,495
1.592416523717682,0.10986707911762084,492
0.9979622054726571,0.18964919974231875,482
1.893051961496328,0.19030772750082248,485
1.247705512120512,0.09636475811318157,499
0.8304903512476784,0.1490152283530774,496
1.532866471237794,0.13885724177993164,486
1.8374537657741121,0.11200185094410858,489
0.5196997345767038,0.09263765723345282,503
1.4121847919608153,0.06409097427760402,500
2.1188209780949165,0.08766311920798082,490
2.3180021217064626,0.16358864018415034,493
0.5648950251657192,0.11700985127090978,507
1.730950768137767,0.16627068993530603,504
0.6420122456297577,0.13503583506101416,494
1.3434174525721514,0.0962640270429756,497
2.3339865936802617,0.22864568724130804,511
1.4816970458560812,0.06936551977739207,508
2.4679935332447265,0.11685700984175978,498
2.0170736339832565,0.22737314730504182,501
1.0725001192931913,0.05644170225524897,515
1.2550540927595681,0.10173117330288875,512
0.7156403716078954,0.1603747259911393,502
2.062248547873058,0.21522547200704722,505
0.7726456042965655,0.08881114380192812,519
2.1372261754938764,0.13068379919396114,516
1.5363588250694133,0.1106757807870563,509
0.6270381569164503,0.09971158848167147,506
1.200917825097633,0.2851645616392065,523
0.9381166239942886,0.07354853101179247,520
1.5411642337563638,0.02186390480290673,513
1.5512657952027744,0.18365083122756315,510
1.8878913464942852,0.09654654115121943,527
0.7023219362866444,0.1377881901444447,524
0.8542291525072325,0.1032464618009652,517
1.9083494473609222,0.1434929334690588,514
1.1724524699144145,0.1620316090682563,531
2.29081451637093,0.18802668453290422,528
1.3378141512766748,0.2112842040475433,521
1.7661557873654297,0.14506127812169597,518
2.2739144565421694,0.1650489828992575,535
0.6613884274441417,0.16903813524314235,532
2.3667555179075226,0.12467985582790411,525
1.4028292599106802,0.08657564518896005,522
1.7347540503993173,0.1560700815059929,539
2.2872086890262437,0.26290509473126605,536
0.5193011919143422,0.1528069865125945,529
1.4405752268975593,0.21278259838369898,526
1.4557715455440825,0.05824805331298492,543
0.7762348226278231,0.08352531546620195,540
1.7088002381051675,0.2683311718744574,533
0.7087299054540259,0.03475338810101122,530
0.8977519409773931,0.07648171617420922,547
1.4127506051626495,0.04425329321252913,544
1.2609392126856442,0.24833602917483755,537
1.0222109761125089,0.05751891735824967,534
1.9449311060244059,0.24418854707059193,551
1.8832728857209713,0.0847399282335537,548
2.4185601206638374,0.2948784429515509,541
2.3789150833145927,0.35869939872580425,538
2.4125611086508685,0.023670207556513567,555
1.7813679275751768,0.030088042284672867,552
1.724982647829429,0.15136627357920546,545
0.8398480391444976,0.061164488632788575,542
1.741991351333802,0.1633759012493726,559
1.6174615562978283,0.11308568583394206,556
1.4277060931204821,0.1701470258345669,549
0.5352159183327201,0.196015204574299,546
0.789806064920515,0.07000545545216591,563
2.142564301423004,0.19465333354396397,560
1.4432429208873738,0.13933039480966145,550
1.7604582103379878,0.1466516060165897,553
2.4286438820447893,0.10417756956265939,567
1.6569374069786453,0.05389462993592495,564
0.6913187945193182,0.09437979842679364,554
1.7701676044609367,0.15821945268911533,557
2.2588277194164603,0.0970365899412961,571
1.6269983619853554,0.14337456351662095,568
0.8124713791593683,0.046501060924960876,558
1.595441913794336,0.06758286345813205,561
1.1722246944739398,0.08139089779669359,575
1.836865473741238,0.10290396653978862,562
1.7609985009467464,0.20721088266065957,565
1.9634175146230572,0.10788261301211384,572
1.8957143309647948,0.05302289388784083,579
0.7981952065111875,0.1422740498664411,566
1.7998926219612967,0.027040654467533166,569
1.573493682323584,0.16731064814263025,576
2.352983283440861,0.21951582724090773,583
0.9371250391097274,0.1398895255480981,570
1.9553102043628454,0.07353261860338255,573
2.488248113448692,0.11129165202871748,580
2.1398516143573674,0.06168249419036745,574
1.6852378791610876,0.15496676692634526,587
1.3930348944412887,0.23156068183177136,577
0.6260898148865828,0.09624433072001108,584
0.8971640154089995,0.1129896775921951,578
1.6561822095404943,0.16334523527047828,591
0.6149914829535554,0.16463839397385163,581
2.4946867532448795,0.04176605722315032,588
0.5634360435209143,0.13285061531418121,582
2.3953514002754064,0.05873559116481433,585
1.083827769320771,0.24801931790612142,595
2.295198912913225,0.19537715124974575,592
1.4538384933396642,0.1109258177954262,586
1.930629227406097,0.13758056013768327,589
1.0756787008590434,0.16060500750160667,599
2.383022766995147,0.18806421752443886,596
2.3770735068861653,0.09516896912456418,590
0.9614037782587119,0.17694890670141786,593
1.3144725769527985,0.015751061908874913,603
0.8469410274641864,0.12237598335615507,600
1.4609948383419429,0.045124221888157366,594
0.8820494993736856,0.11297005250271366,597
0.9189632100838894,0.11884465436040059,607
2.3102217349563343,0.10265519850147482,604
1.994991886799225,0.04895160432410384,598
1.4021794586759178,0.09693322575168821,601
1.688288608470852,0.11463905408686026,608
1.7181950081477004,0.11549707511261798,611
2.2483865025163285,0.04062628605336291,605
2.246199149086589,0.1521319157105066,602
2.1305460768098308,0.18794747487488261,612
2.3593590654259033,0.07447527627476953,609
0.6621063051035854,0.0757947707700011,615
0.5765895327021417,0.07885211587192914,606
0.6641463401068728,0.11987996951761211,616
1.4687927093626616,0.12491259898982475,619
1.624858101781802,0.18334024769705337,613
1.6584232613628258,0.0224938362746381,610
0.8618418991808254,0.0768360502425418,620
1.4957803120428432,0.012187223731575653,623
0.5873604218337249,0.2226921104141779,617
1.417728585594049,0.05357445731190034,614
2.0423858657993335,0.311078177554754,624
0.7760670979040227,0.11095920167123374,627
1.3140641286167325,0.12492138701421124,621
2.144200096221188,0.1466136021465236,618
2.494873611922956,0.0718351019433116,628
0.7597839489323175,0.05868477956729928,631
1.281403022568385,0.03080835911060403,625
1.7817716797669434,0.2188161470278423,622
1.326384315773016,0.08515433042935285,632
0.9114515716531078,0.01775584866893668,635
2.0447711967891555,0.13756497724115294,629
1.960297515496534,0.1298453967691742,626
1.6043066385028641,0.1293189954703872,636
1.204117397983078,0.201044877186246,639
1.8499889676063912,0.26214800520902554,633
1.8362278081437662,0.05410616578971619,630
1.9944873949852868,0.17131084312373154,640
1.2104615919394186,0.05251689944318665,643
2.2820800023700927,0.09344189074249823,637
2.154846709624726,0.046402229522981606,644
0.5464067410232849,0.039974616324658624,634
1.3787718329366263,0.15787194453434764,647
1.766058246144801,0.1294080903165088,641
2.476851960658702,0.0765374175441944,648
1.9983289454744115,0.2581017489685137,638
1.0986942562075592,0.13474436226386097,651
0.8087661016523853,0.0915117519477463,645
1.6647710854191715,0.07070814629931672,652
2.064766491771013,0.1436369817834372,642
1.0255306810430977,0.06186148143974534,655
1.7771326181111884,0.11240323336660217,649
0.7753320595812567,0.12633628520500648,656
2.2535897242979734,0.10579567577138338,646
0.5817293296364463,0.12218502368952151,659
1.9197433528196353,0.10234440756598191,653
2.098626766988451,0.15745171906101688,660
0.8405528586374105,0.05599791748793057,650
2.0314060060077637,0.04904169457250386,663
1.277685360739174,0.2321107363504659,657
2.2467940052804676,0.25198230450228737,664
0.9972632647222759,0.028332803349712228,667
0.911592883114293,0.05312451865872408,654
1.213593665053434,0.1354384504798778,661
0.6721222754339591,0.20806969296640251,668
1.6821850760396762,0.13133052898061393,671
1.9520207794664857,0.20337029100473758,658
2.2893906606305916,0.17213448482642346,665
2.211645215774623,0.13244188225100634,672
2.0192344578873396,0.07238962448797019,675
1.2883281079752622,0.2135705063152168,662
0.8733869643678631,0.13839562365805383,669
2.207908433931163,0.0914621355820308,676
1.9445881709935118,0.10968116634419711,679
0.9405197018341287,0.07723215515715974,666
2.243146875151962,0.0737146509925605,673
0.8604418865837102,0.1885150089273977,680
1.769159276505452,0.11109950436797134,683
1.9345397680952914,0.12338945956752741,670
1.4728761103663865,0.17013151156529377,677
1.7088750263219774,0.27000723439010166,684
1.5448721569420532,0.23949155937006883,687
0.7816038261508187,0.11582679532121504,674
1.9741532673953532,0.03665248184077737,681
1.7776655288535508,0.04485565781949864,688
0.9080650211944334,0.08145081706432544,691
0.8334470110306615,0.2534898922391255,678
2.3525663114854227,0.19448769052000728,685
1.1950945670746056,0.3733308362047396,692
0.5567727810724556,0.01869265179323243,695
1.180104059812163,0.231359235528002,682
1.1424868681032307,0.07497426147442046,689
1.1440166043380486,0.02352236659766003,696
2.0232520656270347,0.08437866605051679,699
1.02304510132825,0.11101134569776874,686
1.1889382875407288,0.02571375408987785,693
1.5225889853478847,0.05847212386142349,700
2.3834082826970446,0.10521395699097941,703
1.5501187050216418,0.0831358278321105,690
1.2953451005709522,0.21607060635319086,697
0.6820185382259543,0.1546928650601167,704
2.036273296672217,0.12237519521337228,707
1.9299725699318344,0.19038581594989987,694
0.9001053733716671,0.18559965283108126,701
1.6437083149008853,0.13290648519476295,708
1.0144383969386883,0.16090020225605706,711
0.7795001464481872,0.16048824380669646,698
1.5851761159579885,0.19188051019822114,705
1.2650665895562836,0.17564016887816486,712
1.2262653748334218,0.046912631260362936,715
1.6048247077451325,0.09613729929517366,702
1.7231808952796341,0.11562267340732518,709
0.5892521786681042,0.22985467757693434,716
0.9254295142166622,0.2043989954716619,719
0.6966907422194579,0.1710502656258421,706
1.7166970362633491,0.13855511184915284,713
2.0997594883410793,0.12909116685852454,720
2.117728741495753,0.12927454695244525,723
0.9716184004251587,0.19120880671572188,710
1.2997588108594562,0.19736919497220862,717
1.830814465311826,0.01564251549350825,724
1.6087296430720934,0.11410735385444376,727
1.6199902953344463,0.1833456936688279,714
0.7674767886280505,0.031999595217549484,721
1.0695892431894154,0.1510620169968882,728
2.0502781523736724,0.19729236822261448,731
1.131472751855384,0.1563356722376356,718
1.8890700485035266,0.19287224610525036,725
1.1360104959883146,0.08646670258198691,732
1.0832789421293427,0.24083515159171617,722
1.5903129885759162,0.1828484712865759,735
2.179429098117681,0.0651523224143236,729
1.794724467639621,0.03344374568151699,736
0.800051283540389,0.1448060325962172,726
2.389338784609742,0.016554372908348207,739
2.40376257386973,0.15986013808023644,733
1.5950632990413154,0.1112126734750963,740
1.0201222401045245,0.17130355181352544,730
2.4098184132502087,0.030040935013478515,743
1.3954826349479672,0.09225405083836684,744
0.5569767292961283,0.027885393004678384,737
2.0847335873252635,0.10131287610417442,734
0.8114942529435283,0.26407881180283166,747
0.6912259917483026,0.06226188247946274,748
1.2179318380407729,0.06007962467074849,741
1.1036033294931895,0.13712375942603008,738
1.176664092307666,0.08630800382875782,751
2.333832616122476,0.16468345143268714,752
1.611370997033107,0.13405590524636535,745
1.5223194756642737,0.018024267702065628,742
0.6939645615851717,0.11346593317826875,755
1.7878052835277911,0.17142588085662652,756
1.4920193525592638,0.1195226036779949,749
2.174246472924822,0.1542859010386276,746
0.9092036639905945,0.030006222153757103,759
2.2791291994163814,0.036208102683412687,760
0.828707517988948,0.2745164022632654,753
2.2624006290652865,0.1749598267087025,750
2.3640751131469466,0.1464320864593303,763
1.2400073868105375,0.10580228200120351,764
2.1207195813395323,0.06628494530952098,757
2.181559942092619,0.1808379759320281,754
0.512592559699905,0.11943115212936349,767
1.0492655675500941,0.04126377125932312,768
0.9671784183781618,0.13752693753263842,761
2.1605202268741595,0.181516535461132,758
0.751890427488463,0.2194428257311191,771
2.0577492681646685,0.1717826776230399,772
1.431084141208419,0.2739695425587691,765
1.1986193434691457,0.13198409824159807,775
1.5146586966226216,0.16064286821488769,762
1.2188383277281865,0.1303763357714023,776
1.2597269713510686,0.21446119050005544,769
0.7874235877489373,0.06819237646915564,779
1.8681340283956689,0.19226871815264407,766
1.8629537072563458,0.02437065393081384,780
2.4552989141822272,0.1580856511903355,773
0.6963563069789684,0.12946807198293928,783
2.3443223025929605,0.1009206195642316,770
1.931201042853732,0.15217003963386222,784
1.1957356526087048,0.16882673577633941,777
1.5486575171544308,0.25927333456640894,787
1.4964570024131305,0.1412263067893351,774
1.5562852519896981,0.10377684073378297,788
0.6074086820593714,0.13696879120612088,781
1.2517917696058096,0.04736144965819941,791
1.4970411098183594,0.1405931814801956,778
1.9520676124585312,0.06724472680135608,792
1.5353436298325502,0.06579264310459765,785
0.6748775680183667,0.13518349659884157,795
1.3097690395053414,0.2518591486941785,782
1.8396575792465863,0.12517388868460896,796
0.8616961250514361,0.16775028983743973,789
0.9259793149411515,0.07968516583236562,799
1.2457043356590445,0.07234351691934195,786
2.398121768168969,0.21422411318787027,793
2.459631826790448,0.17929146863901416,790
2.24532236443106,0.13371791931471075,797
2.2786455063575213,0.07446032236488073,794
2.493273088046328,0.0778393556795329,798
