2.351659527693692,0.2684954031519153,2
0.8459895974721086,0.036962753248999024,3
1.1324887355845963,0.15201289353198608,1
0.8639844585739695,0.0786469913778001,0
1.7451156313777583,0.10300671759278696,7
0.6619524641900492,0.13586142999863468,6
0.7922938880496211,0.12310011615173143,5
1.6109873668982624,0.3621749816467322,4
0.7868279966330112,0.10348605286726607,11
1.2246939407782647,0.08401132255044758,10
1.465551761165382,0.10381209561348002,9
2.0797017656493617,0.09933222316897564,8
2.3621987315387996,0.1304640327948952,15
1.441039510689338,0.286896697622331,14
2.427675739505027,0.14201872424728576,13
1.5111330088224753,0.12226660249045505,12
0.5413630930859581,0.11782045815579581,19
1.5238063287179169,0.10817493527780116,17
0.8887887662768221,0.12228301426099378,18
2.2770834016749086,0.17476633856557036,16
1.0158732081984758,0.22230475909278444,23
1.5814987675902035,0.09236340319402661,21
2.1016654029551356,0.07431030785655954,22
0.9907527053907259,0.006807320124585774,20
0.5596294256881071,0.048232939110881785,27
0.9596800339224703,0.16889974694750967,25
2.227512888413462,0.06579036909161334,26
0.5040210397422618,0.16505017154737076,24
1.3539751389409893,0.04848327251483164,31
0.7440986247216861,0.07341259766604462,29
1.010035501776085,0.06734003557633164,30
0.9802385040577595,0.0906624859846793,28
1.2410189520541144,0.0841150326050293,35
1.859005694385067,0.05151216262126982,33
0.7168800458950233,0.0614660746997502,34
2.2262693510075726,0.1787364589550525,32
1.3023755769333047,0.2716802654054131,39
1.84322859878096,0.20486337381391456,37
0.6048357398658186,0.1053936375817602,38
1.7521457251624533,0.048684896628689626,36
0.5743095253707247,0.1423832363915046,43
1.862367614786903,0.11315261917157629,42
1.0452526412316798,0.08710640473958461,41
1.320065137858735,0.21656358168360157,40
1.9383546745283364,0.034797947352214156,47
2.209210359039667,0.2159275660133312,46
2.487290562163281,0.13404559538570743,45
1.8391005896742278,0.12316800949478116,44
1.674006005731531,0.137051732578379,51
0.9163654782416089,0.24539132680169612,50
1.3200122349023424,0.04661100546628927,49
1.1548216109356002,0.1349170653018335,48
1.1033988355621278,0.11606061566821231,55
1.0016321272263844,0.24177122558549377,54
1.3291693869273085,0.0890279408945705,53
1.9663477385801542,0.19466986095977146,52
1.657911735009644,0.03523584972852868,59
1.6515710097127108,0.08306009783092005,58
1.473502281478412,0.14818884252077139,57
1.8000569398936106,0.015728012136675403,56
0.7643053823626476,0.3454190215062079,63
0.7555932753145373,0.11478009378381865,62
0.6205981519002846,0.2171634900047224,60
1.247852895003017,0.10859188036697809,61
1.0993608019716308,0.1304924476365803,67
1.530786011820588,0.1989804063233806,66
1.6872157575512745,0.13687093248569052,64
1.7625381163509357,0.07808552783283058,65
1.1714249626354267,0.08540089340701232,71
2.160497427887138,0.05525385696986643,70
2.368130600513629,0.12852393746175722,68
1.6508104428794588,0.1975012257654192,75
2.2392990448998344,0.1008450203952036,69
2.427343832872711,0.18287017421879512,74
1.4218878280018232,0.1258570802330195,79
2.120382578579851,0.03645099790393838,72
1.2727631612284742,0.20997119911960913,73
2.221939512543201,0.1005477507247608,78
1.2532248080107413,0.10454279101191684,83
1.6639573928707563,0.10417482094276405,76
2.179918686709857,0.03356409442247521,82
0.7756800041081484,0.23713933224997313,77
2.123989529025499,0.041351205631235045,87
0.7425333919381707,0.1537672616381056,80
2.199494063448485,0.07962432804570918,86
1.7195185208549362,0.03632800634797911,81
2.26254011926447,0.12949117479385014,91
1.0730243547881646,0.06627269974748601,84
0.7427082538481256,0.018019823808252313,90
0.700636555456893,0.11226346676950266,85
2.376668932720227,0.06867613963681747,95
1.6077425233848972,0.07235086509819844,88
2.486525174387139,0.1289756381778716,94
1.321169082053499,0.1291749169985643,89
1.3492196710282711,0.09230288902674508,99
0.7688372381729804,0.04487601735742522,92
1.6070815364869326,0.12824394639183945,98
1.5261121107177513,0.11127007731224059,103
1.7589425169993216,0.16463805862226735,93
1.5776407540025075,0.08145412987273741,96
2.195027749053841,0.06786946984273538,102
1.065784049862738,0.13897633558384298,107
1.152927312884635,0.07551541690281402,97
1.8155758142311516,0.08635192117731905,100
1.2275880861814257,0.1438154216789021,106
1.9274524027837239,0.32756329807745604,111
2.310681213289997,0.05801326060043546,101
0.9401367479541143,0.11140513247375095,104
1.269761730733497,0.006651557362832883,110
2.0584800236981646,0.13176704531654257,115
0.5598606580588914,0.23660053802608136,105
1.129759976457931,0.05168352677826789,108
0.7850539109629737,0.13420490098254803,114
2.3482790689138495,0.13788657625678355,119
0.8594260031832333,0.15030950347916328,109
0.9849855235602674,0.1926064420784582,112
2.3212196336845796,0.03183236032218325,118
0.5893124176489082,0.18962864179709824,113
2.1770292835073892,0.17100330910251038,116
1.8012311235099752,0.25657899358898956,122
1.7526104185888596,0.05428847062235236,123
1.10251831971692,0.05853818026935828,117
0.7231140266318548,0.19847762108353162,126
2.0961308726452623,0.15455411802149588,120
0.6157210690686585,0.21856760861630278,127
1.2092151338927108,0.16340857929157193,121
0.610570942658025,0.1793259836470542,130
1.9881461155641786,0.17368084399809175,124
1.2035607347877286,0.09295688194479285,131
1.045355800792098,0.2285884632316289,125
1.4714329665267136,0.11915812876846898,134
1.8689151217656894,0.1744674500914132,128
1.0488668514686406,0.10377970642454425,135
2.1596519748172884,0.02741800605251983,129
2.006303174433744,0.2402790919695141,138
2.3535072931320826,0.1558352495051918,132
1.686364162638558,0.04416857608877798,139
1.4232305773571954,0.18839334036583905,133
1.2381468828702988,0.04893878915677238,142
0.6104603694668591,0.12493999518426067,136
2.0173725297521017,0.14182892024207555,143
1.0354537808760176,0.14937403526234236,137
2.25063325549019,0.04219954096972511,146
2.1415120978709754,0.04012100630429048,140
2.4747641999808723,0.22162991229963747,147
0.5148708278702285,0.024789119450113948,141
1.4258706755636597,0.06125361065852985,150
1.3961662306117149,0.1461682148960258,144
1.4959624312611215,0.055368949254686696,151
0.9814278168749946,0.19667883745381198,145
1.4843296371343029,0.14875904469876053,154
1.611951378114877,0.03481057405666068,148
1.859886888632409,0.06957104836326176,155
1.2602106848242907,0.13958669297010737,149
1.0270259714605299,0.20164218993039187,158
0.9808913869417206,0.07109372665828097,152
2.4983645198894027,0.18127332855738626,159
1.3743546697731084,0.11175556482865266,153
0.7955215534105977,0.1885030897651454,162
1.6924727877272139,0.13173684217441184,156
1.2923335287642455,0.1284591514953439,163
0.6609586232869795,0.08211567751624108,157
1.9362475336046483,0.18432916813577657,166
1.9784440577076818,0.19072002027756174,160
2.0602503154213396,0.1531450595096242,167
1.6984947894001357,0.1305134741904669,161
1.254075709974065,0.12325697667156432,170
1.2432039160617419,0.1139820270656182,164
1.9199550031272017,0.04701546197793409,171
0.9008381790348434,0.16533266705009741,165
2.095707559116919,0.06917698486172232,174
2.2286183769331434,0.0829453086343929,168
1.7236851437901695,0.10225370945923976,175
0.6714052345147932,0.15085088620998105,169
1.1226857790526221,0.155704232331727,178
1.6775060559413075,0.12906205006721255,172
2.1217076720372305,0.3080159843148015,173
1.4815574138235648,0.16943743819724244,179
1.929441144979534,0.14639353168075586,182
1.3168430296533091,0.17909141772678433,176
0.7575850856082647,0.11988381898305107,177
1.2040505163591502,0.02168377122046975,183
2.0093512207566238,0.06432015309998912,186
0.6700534102538258,0.18447513720136652,180
1.7794641661943396,0.22257084286083334,181
2.146029907241881,0.12924257570953557,187
1.6658231460012827,0.07757511059990375,184
1.3822732008832264,0.12823207454977031,190
2.377197582501168,0.05221867745417076,185
2.037596346788713,0.18252766151649918,191
1.1568222513790845,0.10772888674510217,194
1.972059832298864,0.09323465931966252,188
1.8722952804913873,0.17725992294789597,189
2.1995606391036295,0.10126302077863661,195
1.4401159997172939,0.042591387719167345,198
2.1803691830915675,0.1566733890209645,192
2.1678369632552705,0.2089773667373688,193
0.9807703411670301,0.046919805778825034,199
0.5986393923665942,0.11286863517833234,202
2.3001063117718763,0.12989829662099608,196
1.6977525495117973,0.04703721572643327,197
1.507320669964591,0.12709036999172416,203
1.9708571718314094,0.3274104153760493,206
0.7163147262377612,0.19735004203752043,200
0.5686176653092079,0.15348299788149652,201
1.568939603136555,0.1777256340562122,207
0.5663653699147704,0.028391885287060954,210
1.549850466391207,0.13685519046840786,204
1.6893235860563152,0.16156231637697036,205
2.159833596826322,0.08407543215055682,211
2.492256076072345,0.21753909455346288,214
1.3156751535294682,0.11061292186181558,208
1.3807841816242434,0.07360370346614772,209
1.4777604125667798,0.16968322166009853,215
1.5601402032428255,0.21318109639054203,218
0.8648353623623302,0.14971140205157216,212
1.711877099340592,0.11602190906486892,213
2.4254715408529424,0.18600485315011675,219
2.1377945690952704,0.18248903863232147,222
1.5663669616272793,0.16540970022698498,216
1.638959954972252,0.22296145448864785,217
2.0715849767349823,0.20096228189601556,223
0.7709400920784146,0.17522846265464456,226
1.6014982929738286,0.11975253983022323,220
2.0796734938885697,0.03394889085386168,221
1.5885248187515877,0.11257000502435077,227
1.5187089491310453,0.17460440307704372,230
0.8899638982062001,0.2529215213308857,224
2.490735718028898,0.1648560709718806,225
1.1065189922406182,0.060939896260810034,231
0.745036099560118,0.10674195586570323,234
0.6323505777962817,0.04081422837602819,228
2.246970973754139,0.2093631006257607,229
1.8818523708529764,0.15357611921217895,235
1.332256051720822,0.0611339448825427,238
2.1424869264633877,0.08047829990519059,232
2.2291584585650073,0.22535908148587716,233
2.496627675327459,0.04465015363331416,242
1.7071835479357502,0.09201719553156185,239
0.5550530989643856,0.24945372644323363,236
2.2908498021092543,0.048536383418440965,237
2.4738469331145936,0.18550987216252618,246
0.7573678847203629,0.0977439327374322,243
2.103139328929502,0.3537091637237645,240
1.6840776861966997,0.23936754221450673,241
1.3376240965986945,0.1492239989922345,250
2.3853808120585516,0.13262081938458836,247
1.6625306792407841,0.2415039272117738,244
0.6433044576352083,0.22387339660324998,245
1.9429171724593348,0.03188771348949785,254
1.9844249387661381,0.21052282222396537,251
0.626703153254645,0.15850083097820955,249
1.3482138283779623,0.20168859355667235,248
0.6827490605805882,0.08441799023014357,258
2.193124801526781,0.13753622074727148,255
2.3534215557872415,0.09678411237524713,253
0.7727001239207238,0.08676012848241443,252
0.9260282846242274,0.2163612050390598,262
1.6939662485072406,0.17335520021960651,259
2.0429333758434938,0.04557535319695906,256
1.5133467604051671,0.2218223909428649,257
1.799929576182932,0.1354763055154172,266
2.2051135893824707,0.18386114681896853,263
2.085211923707666,0.15879150274579323,261
1.1407095740160755,0.05300755790843248,260
2.043688297255252,0.07955900561857682,270
2.082200448022422,0.03306017657305582,267
1.920309061554001,0.369930239001329,265
2.0006100316587436,0.12961758299307055,264
1.1691783057451262,0.12096194168778868,274
1.8239993213065522,0.13978642904676883,271
1.0932319443703105,0.13613523003829445,269
2.0827059839540674,0.27539120591068805,268
1.7211150359503138,0.1238558949953714,278
0.9554220175258086,0.13004425381203263,275
1.0361442163972505,0.13285973410391497,273
2.357560775670059,0.26883097118271765,272
1.7851296162678663,0.23008055327118615,282
1.0279436120306773,0.1968916404898871,279
2.3369460839047846,0.16988832019249267,277
1.9178993313757193,0.09667215913710786,276
1.6610395566749243,0.11958960329836668,286
1.7333533916593158,0.11960932980814243,283
0.5177177638187052,0.07713573970318295,281
0.7514014222244696,0.18742679941217885,280
2.1896706495228315,0.11376520787221976,290
0.5735423419805712,0.20795415996974068,287
1.8366826023103067,0.07218722293079004,285
0.5695639353972626,0.17236880731258256,284
2.123547039508351,0.1138036595237154,294
0.793251988305322,0.14930847450901077,291
2.0451229970027054,0.11504453397790737,289
1.2026865481627378,0.17418416387585292,288
1.066862359587969,0.03246605289979,298
1.7375533461717683,0.21339164712471229,295
1.249285326058412,0.13044177411226424,293
1.1010928447090047,0.2072180955351712,292
1.976949085752853,0.18734992095161362,302
2.0245239727324558,0.1642317186642655,299
2.2623930429791343,0.08567266952375106,297
2.0398867682584267,0.17335947993778036,306
0.9660621763324302,0.019005463814938207,296
1.71852107370855,0.04855626342404301,303
1.8743985019625058,0.1310196659399296,301
1.1779909217877094,0.20846231117456482,310
0.5459058752213275,0.10677674705222909,300
1.8042109274735445,0.06261903852473916,307
2.3199971570725912,0.0953023754492702,305
1.0484094395244414,0.1720979676734311,314
1.078748590639581,0.12648642408436808,304
1.095218911380758,0.1215968189335339,311
0.6390627890788663,0.1317660457838671,309
1.7879691561959112,0.11437855470647088,318
1.1611097716029424,0.2777315622207773,308
1.5031474338349335,0.12718855419271663,315
0.6212804185306326,0.03210031672661114,313
2.2478703745277904,0.126748338612024,322
1.7370102835269976,0.14845480195286148,312
1.6291285861758282,0.013844740821824615,319
1.1098230615088158,0.17296364804592435,317
1.3028681845077401,0.04302145155751095,326
1.6833774611795809,0.1197292595183544,316
1.7833561274623417,0.17034789022226873,323
1.0109855594374593,0.07439381318155917,321
0.7445316712236114,0.09176259662890783,330
0.7865510069522708,0.15465954970896728,320
1.4275373185973246,0.11835781162061401,327
1.6170761138058152,0.1369692679441106,325
1.4043510924168978,0.15624575797654341,334
1.306284777822985,0.04379840875132283,324
1.4853660875781254,0.16035989752508736,331
1.1163080210143967,0.07615787504715395,329
1.9802883464591639,0.23764595556203083,338
1.5905551723274183,0.07451070176416387,328
1.1122570172004373,0.30819244199104073,335
0.7293488504942909,0.06193701729917516,333
0.6960492541504917,0.12575499490988493,342
1.4707604485024977,0.044192569703571716,332
2.3230999337088916,0.0963961285694406,339
2.4960729213028876,0.028539221400392806,337
2.381367679129225,0.11029122199018884,346
1.6535708073448714,0.21593250025996769,336
2.3340290640996706,0.08694966229442487,343
1.0215017002308626,0.11768583034130216,341
1.9628533384838711,0.02020736333256098,350
1.724736184106453,0.07856183953745312,340
0.7779866116515366,0.13948878739426882,354
0.5266343071144022,0.06087290102643115,344
1.9910056279321304,0.13893325927281283,345
1.5068248789292333,0.10639439805665768,347
2.3599741097135616,0.027050642385484294,358
2.4587885755089505,0.09251359069895342,348
0.8739538793907897,0.08735810476370297,349
0.8232331646902216,0.08211044538665219,352
1.0776006477811735,0.14994830553279218,351
1.277444346337276,0.17057090814034576,362
1.8640262726974175,0.07329558448664344,353
2.315150987863335,0.13879554632509156,356
1.7877180396258294,0.1517512917231076,355
1.9184449698303285,0.16191221845809653,366
1.6361524257200422,0.06359317208143132,357
1.4016951310458985,0.17394962497675653,360
2.250401083526825,0.1146065332584449,359
0.5875246434981707,0.21820476199052308,370
1.855097021365094,0.1446473359560084,361
0.7400198421704209,0.20537941132630372,364
1.1691231300735834,0.058894746618067144,363
2.2615562556992157,0.13818618964936083,374
1.5329276484660868,0.131049287183681,365
1.0647659356743107,0.09003597928056095,368
2.354178711364523,0.006217899862146911,367
1.31337771124506,0.13262445543171636,378
2.133309925811692,0.1944006837547042,369
1.9797356033036626,0.12875425013940583,372
1.5957540580811413,0.11543016036591217,371
1.8431176331282122,0.08999741245622,382
2.47784725119882,0.1105397691240851,373
0.6401087803957342,0.12764322971764028,376
0.5766923079154829,0.16686488938012473,375
2.13937552589777,0.15871112560601985,386
1.2713365534431023,0.14310021131247777,377
0.8834258320988762,0.17539806470035352,380
2.134183757454262,0.24553518863242396,379
2.1822899138101493,0.13150161497182444,390
1.359778123437298,0.18214169227223592,381
0.5083449353277858,0.06490801709588977,384
0.9533557932619956,0.2084269428241856,383
2.4805504990746314,0.17403068169888727,394
1.3510987153184768,0.1344547718785504,385
0.6732739807443093,0.08867507428112276,388
2.204422358894372,0.11439007359360982,398
0.6027368662441044,0.1885309825271404,387
1.3584381634259888,0.22231636234212832,389
1.3104434940683773,0.18694648021461027,392
1.0185120462311346,0.0867371913042239,402
1.99991176246762,0.1818938809727018,391
1.9746550861028072,0.09505699484911756,393
1.0613497812750523,0.21978918960900323,396
0.9742318002709791,0.2646642861007328,406
2.4537321428074406,0.19699387769891774,395
2.1952166802265225,0.16564271349357487,397
2.1956752977845873,0.14846370725652192,410
0.6661808324099239,0.21666515262829625,400
1.117836500597569,0.023148087735339683,399
1.893643248464557,0.008538138851783145,401
2.024053378954643,0.19852083783192148,414
2.137218815485308,0.0987809844860082,404
0.5391728366599116,0.08676832053787221,405
1.5415238341702882,0.04715343089956253,403
1.5239638738738295,0.17209416569528463,418
1.1916105035552496,0.11096701704619256,408
1.9268753693651846,0.12849742234424058,409
1.2409907448189685,0.17361680103654287,407
1.5007642899864397,0.07149783205128744,422
1.4387883167780655,0.15486139841676372,412
1.3818796007969565,0.21142371273159621,413
2.3467787809638234,0.113079455565061,411
2.2088159031066983,0.09136019033557458,426
1.3496400231132768,0.29682304539526977,416
1.4228844365093112,0.16349452460653657,417
0.8374527317222558,0.04914435613785112,415
1.972083390382757,0.23913252112167718,430
1.582796480011015,0.14204732867806405,420
1.3217251489345547,0.026494627397569442,421
1.2169121365770093,0.11768666428151714,419
0.7317532130347522,0.09354388092689708,434
0.916935454062719,0.04954778730857345,424
1.4928259854179304,0.11028153891486064,425
2.258042550010038,0.1966617328414101,423
1.2259638838113371,0.2810542597368792,438
1.1921080054548576,0.11059491555963377,428
1.538207662009203,0.14306599855761346,429
2.073187324298973,0.25711841058911017,427
0.9105946104593456,0.15560201425408632,432
0.9529491147771243,0.06611441030725934,442
0.8701737868494321,0.09462512902031492,433
0.9843228222394922,0.10843343206612273,431
1.4422375737654531,0.08124990610415796,436
0.5845404681058501,0.10330505772511081,446
1.2922224925265349,0.04395928878431332,437
1.7687904200424265,0.08968630445408243,435
1.1864812593330816,0.16378976865106468,440
2.36145064447034,0.18975481918415762,450
0.8214189941708931,0.0789444530236085,441
1.451325122759114,0.08926477368972528,439
2.45659963405917,0.1096457661357791,454
1.161809611726191,0.09613285135844211,444
1.9460395425036463,0.09991793414968843,445
0.9130404000817798,0.15325131711445872,443
0.9978123555683387,0.13006632396634596,458
1.0747323646054854,0.12397996344709004,448
1.028483864754208,0.13328191552801946,449
1.2953969446426812,0.08035117950799414,447
0.5404388073529947,0.21132044242542602,462
2.423812915373643,0.0762864080208217,452
1.3470541066185835,0.09800390599713626,453
0.6905194690419665,0.04914279494709761,451
1.2741228599548116,0.15443095349097558,466
1.0549340210653955,0.11639804804669343,456
0.9607597832961794,0.1843552973581746,457
1.6481445010188642,0.03870683332112973,455
1.3389807360417667,0.05169477280041345,460
1.4101507797446384,0.15378391694128948,470
1.526251746410226,0.14266041617437528,461
1.3167360343955872,0.2916749555336176,459
1.5524906795358,0.10199968111839042,464
2.3407309711709443,0.20781002644272284,474
0.9362363852826086,0.25554759652934894,465
1.2863303074848496,0.22574848362579802,463
0.8620038288012803,0.11325093012184247,468
0.6549707730567322,0.18974233067396898,478
1.3432362642968794,0.09610215290361751,469
1.046068191338919,0.1335341760437719,467
0.6527847270247125,0.07231507722613592,472
1.8511635157192154,0.07373545331071323,482
1.5543631728974177,0.15370607216773113,473
2.2675338194563155,0.044683046433577005,471
1.9557440057237936,0.21204627276654364,476
0.7255881781426052,0.15628168889174196,486
1.117696108344737,0.09691217502152152,477
1.5949361770934065,0.08430457131160612,475
1.3347628106506613,0.1831822367498006,480
2.254117128046931,0.07874220347912311,490
0.5481377836386552,0.08692491545578906,481
1.6241732671974787,0.18177487496301956,479
2.271470726908311,0.10979204404405807,484
1.5719610013564118,0.1441022109419025,494
0.5512632052433386,0.019072399367034122,485
0.9138522881470683,0.09847688126586741,483
1.8295130869594454,0.0208183164512994,488
0.7504459899336553,0.05233012592866289,498
1.5470616331957403,0.052784972058995266,489
0.5862026721350144,0.04256543486661974,487
0.985671326870613,0.19562043608744847,492
0.9345413915315102,0.1719867184029218,502
0.856314189906791,0.17763730396071012,493
2.470306209357606,0.09704487593709347,491
0.9786154143377479,0.27971019268182634,496
1.6575278223248298,0.22310880874229252,506
1.0665548975577333,0.053104676430598866,497
2.494072426390413,0.1827244371025647,495
0.6074784310860095,0.18486911924620855,500
0.764767698878202,0.21009073826756472,510
1.777975475036261,0.08206041240552506,501
1.5938933916443911,0.048222436864057736,499
2.156321687846477,0.13129732045035986,504
2.0867347628741015,0.1199147020120358,505
1.1570741690931727,0.0574007864048712,514
1.539121586428621,0.2234771990491371,503
2.052752261458049,0.05572449726562859,508
1.7653458475392672,0.07481530059852258,509
0.6639950747090793,0.040270209508969375,518
0.78619619844515,0.07320645475575442,507
2.4579492710279505,0.13849064384043244,512
2.3405020202120186,0.1541012219076059,522
1.0919346682645446,0.04331355691734158,513
0.5505709557139067,0.026432813829747787,511
1.9503738257886298,0.09183135660056346,516
0.6707017977173786,0.15612853252383344,526
1.083110017703612,0.0624616151099113,517
1.5197103799713336,0.22783941809674696,515
1.273986572138343,0.007989222462688635,520
0.9957868667071226,0.119674097492727,530
2.2134321039155567,0.17373267474688356,521
2.428267654775079,0.043368462248943876,519
1.1114412501106996,0.1334700766698308,524
1.4132700624866161,0.11628544714522707,534
0.6111872357309116,0.1774310220034294,525
1.5028651409672242,0.12479390957382397,523
1.6001279510962456,0.17185070984582063,528
1.1360484916736293,0.17104112746662942,538
1.6972564326117534,0.19855262261612877,529
2.3324983249674327,0.019328452350818995,527
0.9352545203231679,0.17140108063682968,532
1.3220738583929987,0.16733137192296405,533
2.3036331856439585,0.0902155746971803,531
0.5139812033827171,0.3121343409818995,536
2.3100938642017117,0.20344633775266738,537
0.7951106801502346,0.13136107201213984,535
1.487060363285839,0.05759632731730701,542
1.0332514867808402,0.08343590586665443,540
0.7084114051839303,0.27478823951602,539
1.9415354384277703,0.16230385721726717,541
1.5288862917074566,0.15222803738949578,546
2.4664760973021576,0.18385143653955394,544
1.5066794654368463,0.06478494462472781,543
2.2367202011142666,0.1348284492348106,545
1.303037122560936,0.054551399847649375,550
1.3091041663841072,0.11968536662687089,548
1.0270994173057562,0.10796908695484442,547
1.4122589284951264,0.10341064285351052,549
2.3526511545097266,0.015156934057648206,554
2.255328925144849,0.16109560204654472,552
0.7958780384611026,0.14969596553817818,551
2.460221072404745,0.07655008869986545,553
1.71430074883526,0.13928435159403527,558
1.5134163697609015,0.04513876251323334,556
2.4695090346487687,0.08510318377207132,555
0.8674994332750476,0.07197025367187104,562
0.920399604325639,0.10939390582857585,557
2.0499920790811674,0.06129535574334441,560
1.280424521730818,0.20365500977668707,559
2.213207028478342,0.16871431683125612,566
0.5289841536871718,0.223764187061489,561
1.9791931003730274,0.26113435798122964,564
1.0254945284128296,0.11955369543863602,563
1.8190179005032063,0.027655089653659627,570
2.3534198031517013,0.07279248467395866,565
0.6036527939108203,0.23598918371146463,568
1.1874330239161892,0.1641835454561711,567
1.7403434112370708,0.0930895164399425,574
2.4149193270245295,0.18563603338167262,569
1.467839615340546,0.176986065196092,572
2.1466292171226358,0.13975109190369173,571
1.5264113088303626,0.15635981479998118,578
1.6689484389060272,0.17281813823694672,573
1.519993455293646,0.08369350292329177,576
2.235801658144725,0.1540914739498213,575
1.8768735800174687,0.053232524653029537,582
1.7992738584408443,0.10538970072368861,577
0.9272259896538873,0.06232504393205024,580
1.3364671650389186,0.14044690944419244,579
0.8881007352814816,0.30119899568439495,586
2.4605668407463255,0.022492642310449854,581
1.9383622321990572,0.13026319060885372,584
1.0744083890288838,0.07998884907445908,590
1.2818250166944116,0.21250456759168337,583
1.0606025533762518,0.12337972201516104,585
0.6457480656622832,0.14869250691714428,588
1.4736667432063044,0.19586040389959372,594
0.7430268478652471,0.1826764309933092,587
2.34374745830749,0.14261866395668923,589
1.0892713178746773,0.17600013344348595,592
0.818176786147784,0.2643758153659081,598
1.7736659196757776,0.04396551277174604,591
1.5415867662754756,0.2893925226054076,593
0.6930517496718998,0.19286334052380288,596
1.7022126034722858,0.13137521960627224,602
0.5061046136214287,0.06677417169500752,597
1.5143444584667212,0.21409161716670405,595
2.073088700460201,0.06970448532742976,600
1.6795975394638647,0.15585363362898874,606
2.248687925740027,0.08285402180206958,601
0.9038354107507274,0.10446348157750479,599
1.2061385789938157,0.08301781317004645,604
0.5471363621079972,0.08296807553364052,610
1.547105940722259,0.1233108973097389,605
1.2468732012114243,0.20349188186883965,603
2.338805642239793,0.17091531143893499,608
0.5856476264189239,0.1721746679096876,614
0.858964850680022,0.11434556212296827,609
0.5021144757622824,0.15691355755762004,607
0.9506625586315587,0.24298143153464113,612
1.5997227577755055,0.1782736501605402,618
1.3523708142649378,0.09504740655663481,613
2.1813114509728795,0.0852379305173738,611
1.3058687803600657,0.03671856994166074,616
0.9404986555356194,0.2400451512148074,622
0.9082689959285921,0.10631335415874071,617
0.8269330302105595,0.014261276392271302,615
2.3211359566446665,0.11662741699422707,620
1.1345670218163237,0.16472972768410488,626
2.2952216710711357,0.03008590296419362,621
0.9831810376555163,0.0920654484421208,619
1.4969491119343619,0.12784654193754522,624
1.3707250908564852,0.16803275731151937,630
2.1842447113689074,0.1507046636125789,625
1.2510934266866693,0.14251762714036406,623
1.4959188299850084,0.08933156393293334,628
0.6190253728113393,0.17531007115897893,634
1.3243117478364816,0.10014072182820018,629
1.1786642671130678,0.10150970357267985,627
0.7276338178655195,0.03450782784534484,632
0.5498769399339523,0.16709983770141704,638
2.2805914362757376,0.11043456060543495,633
1.537988485723702,0.1092930418922296,636
0.5018271314758516,0.10109105953539994,631
0.6022270162363474,0.1678890866474519,642
1.6320353908141079,0.07078327763098233,637
0.8722790594573047,0.15241857328770814,640
1.2058804040857256,0.23431878003429205,635
0.6222453798827321,0.2610605851554383,646
2.2597836681320462,0.05609056159572107,641
1.8690443719944048,0.09879317264842179,644
2.2249776401004313,0.2521790522643736,650
2.0919741930308753,0.003646716875985572,639
0.6809229915008619,0.17764841569585277,645
1.5479138861716535,0.12140708362290449,648
1.2072265758115681,0.08456597897182361,654
2.4315661435726024,0.028215618725018706,643
1.1623834577926098,0.05692814632089349,649
2.072331742854816,0.12631233945913364,652
0.8548177918312725,0.08992837207185476,658
0.8396751773182405,0.05724250224862087,647
0.9225461065672056,0.09089090226167458,653
0.8847376748804485,0.1331485837256344,656
2.165130536208512,0.1922473573202723,662
1.5018737230941857,0.06682163362297665,651
2.214458577591702,0.13280526365626347,657
1.9044320725391655,0.11133222612869365,660
2.412053848938312,0.24714667456754916,666
2.331684677104163,0.1085713091322435,655
2.2251926493251557,0.12875807315179705,661
2.2373813801060463,0.07298647562907466,664
1.656590076290123,0.1727739818297468,670
0.8376652747956028,0.04387822858553568,659
2.181798668094551,0.09226856352062375,665
1.7644843721822248,0.0484748819576325,668
0.6317602318517217,0.14159137574146494,674
0.6798374745075697,0.20234327509408978,663
1.7901183374635534,0.13360976193344207,672
1.5952983880855738,0.17262606348474616,669
0.6281325751961542,0.16512334268759582,678
1.6616868960342046,0.13095703946060117,667
2.16225101994259,0.350530257226344,676
1.392356455602187,0.13115306998153287,673
1.3147995070273966,0.08162704350660685,682
0.5370691175294879,0.035446973905349184,671
2.0105408924025587,0.1458496441202843,680
1.5614440140183818,0.15081599202745652,677
2.4135798711493788,0.09642783244305225,686
2.3571888227334874,0.08778825652602432,675
1.6014723190516578,0.13112532488171402,684
0.7297056096110068,0.026533767982780534,681
0.6565357448724711,0.027670359443667875,690
0.9118973076256613,0.17660128606180647,679
2.3168833765437014,0.11746877483414603,688
1.4669548102165062,0.056229963623365666,685
0.6256972886152536,0.13255958443309787,694
1.213342420585205,0.15575459775336586,683
1.6371573382916846,0.15194604322873873,692
0.9275479405755962,0.08332034348194768,689
2.0763938141164395,0.21803257869490414,687
1.8621677265206498,0.131145925285198,698
0.9439933991492071,0.22214909119951112,696
1.2142607457301253,0.035149370959086115,693
1.4523354008680835,0.21097047231784224,691
1.8561968532404527,0.28457040864841004,702
1.4637002490756026,0.02128788503499599,700
1.5790045150346448,0.10277552334436824,697
1.4420155390946465,0.11052549991377486,695
0.7127309141702318,0.19033648045822582,706
1.2807888382853092,0.16229330450715404,704
1.0775952464867253,0.1409452889533779,701
2.120810746527469,0.07213927066757345,710
0.7111582269546088,0.07369698255611784,699
0.7549942888463106,0.19775911279646907,705
0.6764861381020815,0.23089527117388547,708
0.5552954999675401,0.06394112705267808,714
1.5087397389907788,0.20103474711009062,703
1.7655577113837513,0.09075921982103122,709
1.9697824568919204,0.0851847073955388,712
2.449581822437151,0.195005848569334,718
0.9816890723451879,0.07995679401618488,707
0.9772256648788602,0.20171215448509472,713
1.1806760630712854,0.15998900244604805,716
2.4706409298831487,0.08055075773360446,722
2.1957983342503455,0.18628152724775918,711
1.4489050114947082,0.08921221104916731,717
2.193953391403756,0.04943460185508556,720
0.6187382871321931,0.1432991284299285,726
2.0633983750943994,0.09468778257285788,715
2.424873799662074,0.14075258689512446,721
1.641670525415433,0.3008034858040065,724
1.2449045199766144,0.14856812661392968,730
2.27575852742891,0.07694278525355913,719
1.7415266017362585,0.09637208454614554,725
0.5250663185188111,0.20366357390787565,728
2.087178835061076,0.03252201884164876,734
2.1394765837669416,0.23797815951362253,729
0.9299510296398399,0.05947208708099671,723
1.794862688178599,0.17272995538446156,732
1.5263149529063946,0.1379183114718862,738
2.341010141922715,0.21758160539068983,733
2.2811551410731683,0.16582723641439154,727
2.2055783204011497,0.12109377872527723,736
1.9419797373853482,0.1379485073130001,742
1.7007877349641507,0.0607209233857596,737
2.474343265173485,0.08022222104248605,731
2.1082794671078915,0.12317409678071756,740
0.9431393417641936,0.1637714537458899,746
0.8046310957224114,0.0700429110125368,741
1.9551198181429823,0.07721632234311226,735
2.348527646017785,0.06095490314235766,744
0.8649261936431061,0.0992214686801377,750
0.6006364273850031,0.09286325646880124,745
0.5182423193823955,0.24041441734850955,739
1.3005156219450897,0.13036353142705054,754
1.7745412406484369,0.15288329952538687,748
1.926563738640113,0.11963996666373033,749
0.5393936835307618,0.07315520493827316,743
0.7574412437478129,0.07568694165946287,752
2.4517881582560337,0.20038321556186933,758
1.2736424491553187,0.24601592707012246,753
1.5777814269319814,0.24592360201785893,747
1.4415950272258657,0.04410901579352795,757
2.4537834879250537,0.07003447175990662,751
1.6860092022773523,0.21819398554000805,762
2.2410986644546496,0.3044588428511147,756
0.6705792629580576,0.019836117048180932,761
1.8289994088742347,0.1951518594215548,755
1.8118946074329103,0.21890873167524272,766
1.6914435536576728,0.15860617339052208,760
0.5972029633323372,0.12187771403456996,765
1.6167631457321099,0.06661045215666656,770
0.5598845091679652,0.08266764791927132,759
1.9557388950904468,0.026219953544295124,764
1.1288216273893998,0.1676332906478979,769
0.8341616406211776,0.11433917944421951,774
2.49894150784475,0.14271422472543555,768
1.675670504786671,0.17721525953456974,763
0.7008552880196219,0.19208324439522495,773
1.1529310767557792,0.20152729292654592,778
2.4396547822874783,0.05625272967243087,772
1.4868500729936498,0.11925489510365886,767
0.5231890997493889,0.030198765987922645,777
1.553423768680054,0.15875895091555894,782
0.7868976693964131,0.04347377081108278,771
1.0911647906716888,0.0656320126706845,776
2.296698625816618,0.22601714377263257,781
1.5417155048988398,0.08168915804924885,786
0.850905761856239,0.17557483187565184,775
2.2884761173858736,0.17371349767419098,780
2.365399524970922,0.14885985707413066,785
1.4163789101814641,0.1090475165303875,790
0.7255674081160213,0.05693880608608623,779
1.995226585829171,0.13607919900462023,784
2.113964977841025,0.0815082890459788,789
0.7418873998972799,0.10572198248665217,794
1.1667024226300164,0.05574614799581941,783
1.540401745921815,0.13036781142885256,788
1.4679838955464903,0.11887016311782933,793
1.308685723949621,0.1502396530380663,798
2.067600661723543,0.2315009040127386,787
1.0033569399235895,0.10662751620624428,792
1.773301977121074,0.17959378282106056,797
1.7226216969047632,0.1290860809166597,791
1.8149580739208195,0.16193204880669726,796
0.526866885124069,0.033074527479854655,795
2.194360909802781,0.12965588121106855,799
