0.9998465758152437,0.0793032467909034,3
1.2406125323163997,0.1375885206850252,0
2.0969130983910547,0.08046886292952797,2
1.207173762489458,0.2011922727261856,1
1.3053708834932223,0.15754871161474424,4
1.7092963193078232,0.07057725718300965,7
1.9908968694670723,0.10954633616918744,5
1.6203203390671634,0.0743176357705843,6
0.9185037413161212,0.06819312195181727,8
1.7938777747618186,0.0616443210549385,11
1.4799921561666063,0.20751196276950912,9
1.251451203307497,0.23400202034744755,10
0.5110534422198836,0.06776387222681242,12
1.1274272799612708,0.06784852206164131,15
1.469043669903039,0.1756326762224794,13
1.3483703921790196,0.1727366336506032,14
1.3213243761291933,0.23570516634390112,16
0.9348897095959217,0.09785249797217635,19
0.8715100390601396,0.16537365040408103,17
2.486462284275837,0.14564862375653811,18
1.158868302028773,0.03194130771976126,20
1.223897347391911,0.04620920897961992,23
0.8195253459359206,0.08276520805463575,21
1.5606070334700528,0.17762149487240816,22
1.9967099864208473,0.14192144270214987,27
0.8501272625431062,0.10160886470636254,24
2.4015855236208044,0.1568210414144678,25
0.7305565369784337,0.2896710885896602,26
1.3657115363269219,0.06968633970296327,31
0.6195807853544624,0.020096773988698285,28
0.706733392712362,0.08450238272749963,29
1.3735666647031608,0.10801138723234567,30
0.8448338995304889,0.08643222542450234,35
2.45136261336404,0.08381601417141406,32
1.2595373285320892,0.14032965441190567,33
2.366320277010633,0.12420948610555704,34
0.677430796138244,0.18940927872948646,39
0.6831239118747299,0.19978815335031452,36
1.711882541796982,0.08318740336217788,37
1.4991252422279957,0.1497937013579458,38
1.5174041778787992,0.1037220160112645,43
1.9483033982214226,0.04339849461077852,40
1.2705782962687613,0.11575652648361245,41
1.4442874267111827,0.11331132175818924,42
2.254890976584072,0.1271612532706682,47
1.6594291969562787,0.09246300329380987,44
1.2554130934672196,0.11681841492674117,45
1.6642855647696393,0.15777233881881944,46
2.1907999473792152,0.07804525439950817,51
2.328433418540005,0.17511500801363386,48
1.3573651147262769,0.1947650791477343,49
2.0815627728443316,0.0403284804424086,50
1.9146242112920147,0.09378274109039292,55
1.6946597892724273,0.028474933834587275,52
1.6467780097083293,0.1698041563878474,53
1.5665187601929313,0.2273054688329058,54
1.794957560452538,0.13826536629041597,59
2.29755977747602,0.13415466534145035,56
1.7291562576278907,0.06958037463942944,57
1.68721608381699,0.13252279960797145,58
1.658492428194617,0.06933648851955021,63
0.8587718974746732,0.10335621362211776,60
2.3625338025362703,0.08121114094820953,61
1.5577755038966106,0.058371774636709485,62
2.134619958921216,0.16110836806476792,67
2.160521918802556,0.2504153452100652,64
2.342182973176032,0.28993601079451387,65
1.3240589425896083,0.0999673058553687,66
0.5355724721415589,0.026847792019109903,71
1.3838426688739824,0.14218449902755673,68
1.4224602614767414,0.19447649420681623,69
0.6458195050386084,0.1291747412769677,70
2.318054895725605,0.116018230967825,75
0.7255809881538604,0.09703286817417736,72
1.999474111137714,0.03798449239969999,73
1.8263540595165557,0.12387848911153759,74
1.7693535329971037,0.13306156001066374,79
1.2563608191651168,0.035582538028708866,76
2.0477819325972018,0.13102772634204088,77
2.0996519277983734,0.09668706555106042,78
1.5415994496221601,0.11145747094383206,83
1.0546258041257204,0.2464459060155032,80
1.0033420762848078,0.07602323917906788,81
2.4983283609657017,0.30105944463855616,82
1.618441578456936,0.16239263132428022,87
1.7646826270155498,0.17035180025868915,84
2.2223389112366396,0.1444732640424141,85
1.3837991526011417,0.09617435874092871,86
1.3816666425551536,0.039058508388933266,88
1.049056177765285,0.13155749382915347,91
0.506761513633611,0.09199713334237934,90
1.8839509363146558,0.2365962963292638,89
2.045264585038714,0.2401509535107468,92
0.7468236775041843,0.05678993904322205,95
2.489531935098668,0.1626604477263156,94
1.9608421254058868,0.1600915119950556,96
1.393193891780177,0.07981794975252227,99
0.5513998346435691,0.1305799586357667,93
2.079489185501816,0.10489041268394748,98
2.2853943771996956,0.07022517138497987,100
1.2024105754832335,0.1652708448348786,103
1.0249731876219104,0.13167345327114233,97
1.372762255624139,0.06063187781182731,102
0.7378769798105123,0.1046931265758381,107
1.5017387713064627,0.1692031455353726,104
2.3547958619990297,0.08127105657874255,101
1.5587502109017595,0.1435780378624286,106
0.7455924677443913,0.03234560749523453,111
1.8295252155733837,0.17226260277410974,108
1.416987359539956,0.24203192500436277,105
1.4173144727339553,0.04852817745814145,110
1.55375315641484,0.13690943099854708,115
1.7861917990328524,0.21756339195578214,112
1.3295025008231647,0.11441930049029914,109
1.106946010678855,0.1680366152089848,114
1.13926674976509,0.15898157339589145,119
1.1106473701835682,0.026565283003570528,116
0.5504544662271813,0.0958013614589144,113
1.8141701290630718,0.07542312694431369,123
0.8172863135363824,0.18314726576224602,118
1.5089779833074093,0.19646118221832187,120
2.1358608634757097,0.14179266526642573,117
0.6320720915716758,0.21855282549780655,127
1.5899698583383366,0.06828784807412575,124
1.514398880814898,0.08649312252867578,122
0.9901702769322813,0.17789508914216787,121
2.241109074651643,0.07441331840318542,131
2.207051415583833,0.2028204765259171,128
2.0454582295991983,0.028525405857779587,126
2.22100363623025,0.1031554456404346,125
0.6351245421728031,0.14814664205621353,135
1.4617676790232876,0.2838097048431103,132
1.88997821054513,0.10351810143403893,130
2.3975900183100856,0.24129737649155267,129
0.7370383953072612,0.2619636988754043,139
2.3114053252399205,0.19331808502795733,134
1.9768030292398566,0.07811810089141578,136
0.586365224857595,0.11594044094009122,133
0.5424832349616808,0.19473058429856255,138
0.7646853213071165,0.13318253630232035,140
0.8703778976479808,0.10168755014848832,143
0.6782770841548407,0.04464401243923842,137
1.3969698255159233,0.22789690824849168,142
2.0869153366202866,0.13345009945299807,144
1.156103715921043,0.13781270776494992,147
1.4527051493190641,0.08940651134851052,146
0.7982451500788152,0.049768037234376145,141
1.3451219548784545,0.11181756800795895,148
2.139748189059277,0.054095543985818506,151
0.8010756034232889,0.16654824080617892,150
1.8250145891424083,0.09982641610060422,145
0.6194574434909021,0.15006926194633552,152
2.3881432515676004,0.21827190643511252,155
2.3069307692398553,0.25153143685108353,154
2.0401121280751386,0.09786459311645251,149
0.7794530680799188,0.1973486268838364,156
1.5985483826255282,0.02637598665304571,159
1.8292489919211048,0.05687550075827755,158
0.6929408701750592,0.13564536249592019,153
2.347396044876266,0.2213405918556935,160
1.8899784092824976,0.23577756986612586,163
1.2045912943539836,0.07208057700535296,162
0.7563043625937174,0.0636584015962075,157
2.4110753401651577,0.1841655465892445,164
2.2767254554378287,0.14467753142707146,167
2.083751045601594,0.010659297060403704,166
1.6178520431860857,0.12354530642758149,161
1.0646048205587486,0.19019585673253125,171
1.2032825257758384,0.30725017332664883,170
2.449701737400577,0.2657663708221414,165
0.5062151269925139,0.05990155099214439,175
2.096983952778852,0.29857711421095184,174
1.2656375413113914,0.1121472217891732,169
1.0697835508715439,0.1254218117951476,179
2.461207493369743,0.09362874088340195,178
1.0048296633972393,0.18672556887332223,173
1.7407149925832694,0.15601242680203595,183
2.2990269271575143,0.1491207029896876,182
2.0536548622031825,0.16944793493595958,177
1.7312645810859963,0.08850832113022016,186
0.9101392473812109,0.12322286098218194,187
1.2766011956610253,0.12897447345337337,181
2.3134529828701513,0.15900736235767857,190
1.609229412019941,0.07635451404777543,168
2.4563406720787606,0.11300671820002535,191
1.2278937889574855,0.1635492986980355,185
1.4486341045255422,0.024578727229263325,194
0.685315945791201,0.22826673855354818,172
1.8771590360235737,0.04885392723457682,189
1.8520843918431946,0.08451909769197208,198
0.6899858608554563,0.28888163528044336,176
1.1914275040432862,0.07831240871087713,193
2.472916274971852,0.07557344533866493,202
2.406469149573305,0.11103178864525443,180
1.6184519816791283,0.10735314540856059,197
1.8486626080048278,0.07191901055742432,195
2.4160688221950695,0.09556222757128358,206
0.9433678533969383,0.06254382131229597,184
1.1902480953287236,0.06587023184329864,199
0.5466498236667057,0.1075958630840038,201
1.3434058411486498,0.06950162544044494,188
2.405141668334661,0.10985057194011108,210
2.2948502888805287,0.15675787122970808,205
2.1406970331241473,0.233869551701374,203
1.9223378407868288,0.17784711907651163,192
1.024434063947183,0.13662000996864085,214
2.053790921873521,0.11239835560375372,209
1.8105751400026204,0.1521363980336039,207
2.473247380354376,0.2970436874250861,196
0.7421609650319305,0.14278223711599497,218
0.9422187918888449,0.10398279022041107,213
1.7001872689001747,0.1758177377334439,211
1.6996973083616842,0.029294091600518157,200
1.7206027296428583,0.037528074696826806,222
1.4418402418614007,0.08728428988143666,217
2.000358770990034,0.19304805394338753,215
2.010083419624006,0.1545222343594912,204
2.325872035339363,0.09000851001694693,226
1.6148066321549464,0.12559896545525367,221
1.8420264419356782,0.1482241295807963,219
1.2747503169468537,0.10560882446598988,208
1.2092643787978608,0.07195826700360676,230
2.4269488673893354,0.17278548301539542,225
0.6716402347004369,0.08560544746378433,223
1.6577443445488356,0.1682840133810361,212
2.316386414593609,0.19261863863230758,227
0.8896002048114711,0.05923739241418222,234
0.7934376556001921,0.07268812072000996,229
2.334903457088501,0.16750504970012176,216
1.637881923870412,0.18727219974816736,231
1.9429418858730894,0.06251246598373761,233
1.2794732939544555,0.13720763951765308,238
0.7343276698875996,0.18504064485550767,220
0.7082641345806069,0.04455375611937082,242
1.8527508457504442,0.17952046052530585,237
1.5451031611342172,0.09760411043416958,235
1.25180023617615,0.09280534361842435,224
2.194586788385149,0.12682743216287587,246
1.6112770044690867,0.0770395220405465,241
1.0553926863186462,0.193273060531005,239
1.1200157164064672,0.19775763444563405,228
0.6555013438726314,0.09034987237506177,250
1.9391793708635883,0.08969083308568504,245
2.031108811066117,0.10365121769738038,232
0.7164476081879423,0.09420747443641203,254
0.6041887083807922,0.14221253963206656,243
2.0927181841585094,0.06031410137641477,249
1.4026171225109747,0.2413960328142399,258
1.7079854844100335,0.17015524393105233,236
1.8106489282612221,0.1082647313013348,247
0.9399378876809821,0.17430108122619975,253
1.8769530340902756,0.11135003409584772,262
2.0983140664904356,0.1100166580481571,240
0.6715454326623143,0.03590650348755676,251
0.666994117278952,0.1975304206713471,257
2.333765171751728,0.07950161058510914,266
1.3304267965222414,0.2519488576736827,255
1.2243181439324229,0.13748100155494236,244
0.547897108851354,0.2169641176719385,261
2.1599677684109544,0.17637525712248994,270
0.741398942865916,0.12081200529534941,259
1.3376835109973118,0.0592307204417448,248
2.055635076898366,0.16259632237803112,274
1.7787248934095738,0.07185597191236968,263
0.8380885272405763,0.17714532791047394,252
1.0058107469697037,0.07831393828730943,278
0.6724873847114374,0.11295081827177185,267
0.5516804911645674,0.09990759565923911,265
1.2611599286404598,0.05227730472565896,282
0.6317402533089747,0.0552428163355094,256
2.408106249021155,0.12546769584077652,271
1.6736571735365355,0.08216778672197504,269
2.0969662090343926,0.09115355005815984,260
0.5008635650032751,0.16393139779069255,275
2.390845195946498,0.09502600533184685,273
1.6646042538581427,0.21960228723512937,264
1.6085884716281456,0.11799365698543929,279
0.767657542031027,0.06038666642532629,277
2.3971813720715796,0.30184651722062,268
2.2893339291786434,0.21722793743155405,283
0.7458754194832706,0.1537423843103658,281
0.6232866525325975,0.26019614286768794,272
0.7540457693954239,0.07300251404454781,287
0.882365654577983,0.12745469772460877,285
1.0115569532939948,0.2273146276212244,276
0.584718905876507,0.14749293700417568,291
2.1695652621200496,0.18279103513957096,286
0.5077713943028173,0.08114748192465826,289
1.723098304388519,0.17742935070819835,280
1.2555820005408658,0.16336004517489575,290
1.302371916890237,0.11207010399538529,293
1.7267172313049162,0.1663747984085571,284
0.9888657989788932,0.07699118051976017,294
0.7041032299472079,0.04038078632724023,297
1.9263881241486878,0.23354721527226818,288
0.5444537995137722,0.15851801518527703,298
1.3096711976846398,0.09436832643920867,301
1.6716523264926284,0.17032830978952238,292
1.4851497540067622,0.08667695605302772,302
1.1771151728310223,0.07936808867207742,305
1.6829335908401293,0.1208055551120941,296
1.7501184395845029,0.11482462131865219,306
2.3933785699561767,0.07869578155131025,295
1.3889037928310777,0.12868181432748085,300
2.4033503810277184,0.11764455347391434,299
0.7394123658380716,0.09969851464083501,309
2.394093568430184,0.09040383661348654,310
2.340306861650186,0.04464948182441267,304
0.9879218395171814,0.08045159145183528,303
0.8587361931371871,0.11949586471468157,313
1.7481477607612452,0.1343116959186628,314
1.1900532590867328,0.17906897226494461,308
1.5959112837464433,0.08665513321154375,317
0.5097738850014533,0.1941113359972879,318
1.1037797639471632,0.13369992800257696,312
0.7955036550417522,0.14228621812502804,321
1.630904287415359,0.044623753499351555,322
1.7758881058135234,0.11940713682629872,316
2.209062845354449,0.10129276322251471,325
1.7104813596558646,0.1653638045185781,326
0.7803581886276343,0.1151340200344556,320
1.5880233554103553,0.10340601388299026,307
2.2686241967391574,0.16289401054673575,330
1.2254689280191007,0.06368595676015254,324
2.4668599617655245,0.16141795179330362,311
1.789495865535923,0.1978413713668649,334
1.8506992581819224,0.18427765572286012,329
2.4051084137541316,0.055013161492221074,328
2.316267196542551,0.061736499459660116,315
2.1570708814732447,0.3268446345860027,332
0.9178054479961901,0.03599110391839133,319
1.9075909798583341,0.18590005423254669,336
0.941969844564376,0.1744552489542117,323
0.6691937904107406,0.08891951545148369,340
0.5892450009738508,0.12773157127096835,338
2.439022368354599,0.08478121451129539,333
2.497841003975308,0.02484165626172262,327
1.0693478142480204,0.05715466900086841,344
1.4090407186293628,0.15943046189641563,337
0.8666890566389647,0.0566859306961395,342
1.9552544121563775,0.09000229680994654,331
0.9583664639897631,0.16101983428957883,348
0.7476361200931156,0.10631730512478062,341
0.9015395515063462,0.23831763179862064,346
1.818708245750883,0.08925377845416699,350
1.6418747804581604,0.09643169229078413,354
0.6681396039511582,0.06399698786641521,345
0.9416234663402019,0.15224015687515133,352
1.2517376976123988,0.0832367418469188,335
2.4289472895702784,0.09872439460312271,358
0.5305247716716512,0.021293137942283047,349
1.5824727324689254,0.22110348077133285,339
1.4352669720490985,0.2934691416716612,362
2.021928532896018,0.13222118244261424,353
2.3610567526656623,0.1127263272498506,343
1.5286393935798395,0.03900931235126484,366
1.843604192193725,0.1463392475468239,357
0.5892349632257003,0.1254619000956679,347
1.6345139964113133,0.09675308193036097,370
1.8510406425112573,0.1962621369938426,361
1.6221015479628251,0.04823453296629205,351
1.5700784271457708,0.1442293478605154,356
1.749933097610391,0.19305278101144333,365
1.186889239131151,0.10849812983817642,360
1.4989355565226428,0.09365231153199735,355
1.6778539678242081,0.14006929441528523,369
0.6352560433320107,0.02178598932301988,374
1.4629657623536203,0.12230900546769947,359
0.8875579228855124,0.1303189107594795,364
1.2274594058379649,0.025371097825516272,373
0.8657657045518108,0.1583200796614322,363
1.5254271344643031,0.18164921470896525,368
2.225693162987016,0.12225480839926746,377
2.033184412433605,0.17433640171137132,367
1.908401068054178,0.20334532024012064,372
0.7796534054430444,0.05893647666477422,381
1.0764914737727074,0.09862166447646968,371
1.1020967249885418,0.08116680659308972,376
1.411367634807149,0.12949381714654207,385
2.351123625834524,0.11414951836865202,378
1.4106203097084549,0.11985958446234989,380
1.709460869762903,0.09049273019550202,375
2.2254535927800694,0.14194949656620923,389
2.281895680813177,0.18774512712778604,382
0.9618065385546202,0.12618461833915337,384
1.7434690670581565,0.20054072381207833,386
1.6056229952268144,0.12940352853502396,388
1.1727190317006562,0.014450026539529592,390
0.7386318099020179,0.09756786553722169,392
0.9202937448775081,0.14505800115022977,394
2.2332114006739485,0.1043416551799435,396
2.4328994443991423,0.0736043004557096,398
0.806172884001694,0.1372557563007649,400
0.6589313117523061,0.1860294659901504,402
2.2807386909339344,0.18012125146501423,404
0.5539673208429445,0.09304363792014014,393
1.2124251666356465,0.13493195017739448,379
2.4680363501415497,0.19244196268001956,408
1.5334186483450039,0.03351008321309339,406
2.037871622210022,0.0805793519312123,397
2.2940972060164815,0.13239335749974296,412
1.3399193288172047,0.0878460336921574,401
1.0570232206438155,0.27058963663271307,383
2.018154522831922,0.20555944790490377,416
0.6157609218495945,0.11296048722489492,410
2.4410206080907555,0.0668862507281925,405
2.4506294812002567,0.2331203035977533,420
1.3281725093899839,0.2948009381535604,387
0.80315316789628,0.1333732786862662,414
1.9933109043243737,0.1911156921304122,424
1.775343089263271,0.017748273146467458,409
1.4396212337380005,0.22364594591480752,391
1.8147637087578137,0.2816384002527991,428
1.0771729649817408,0.170876241624505,418
0.8264958371235696,0.021127937526440474,413
1.9751835857382858,0.07337644734783483,432
1.0736955815367368,0.12551464533183182,395
1.1207808671718267,0.0775588123504361,399
1.431172977313047,0.15102867060862313,436
2.2640912964203297,0.10318574632631872,422
0.5522438590959293,0.19986915547161965,417
0.523744325341654,0.07774854844149333,403
1.3041094254645706,0.11159192886027353,440
2.349957596928978,0.06099619732283826,426
2.354637058416687,0.15977382584945857,421
0.5029994841789196,0.07481507564372081,430
2.284698641496731,0.10958279814012302,444
1.6212233987314,0.12102651574152774,407
2.4201239232221337,0.12944656805944751,425
1.4120676057092254,0.11506594663458986,434
1.790754973110953,0.12929560885555905,448
0.72361051614606,0.22556668341537237,429
0.8363535236920443,0.11710404221894964,438
1.9635654535607903,0.06794409226928828,452
2.0637247458965686,0.035721816420151216,411
1.2240583951430724,0.09513657221089639,433
2.197120259545701,0.16744880882110177,442
0.9083070057386318,0.08780852822555651,456
1.2569200001193463,0.05917548291901116,415
2.4223093501624477,0.1474599407300207,437
0.7700974446973421,0.07628865438367194,446
0.9390977058926901,0.10797443242476042,460
0.8881856737180227,0.04063438374010944,419
0.5604459836892539,0.07396454115907035,441
1.5388687004878936,0.10255238126768572,450
2.1604081428279702,0.030627322511580388,464
1.397684212018236,0.14353132472497396,423
1.6674777334136188,0.138538055250309,445
1.9512668387746719,0.02962056912770594,454
0.683490102447962,0.2954246066552673,427
0.8883337511523615,0.037784340907719524,468
1.2319379821033638,0.05907228707126934,449
2.0744464530561557,0.2409978522867512,458
1.7779452760346783,0.2554283813077584,472
1.331617376777519,0.03372296154692126,453
1.6430713780992363,0.17758281953280114,431
2.118766642943446,0.3030748351622933,462
1.396808193941486,0.13487540998675626,457
0.8749802150309183,0.27889498421089487,435
1.7020279396771087,0.17282527294909716,466
1.2281730319678634,0.29360124716518293,461
0.5244011851587875,0.11073110516887996,439
1.6011819218166026,0.20070967822039762,476
1.087836380380747,0.2824976574233317,470
2.307739543142043,0.0755044262659823,465
1.8942206439466558,0.01895193050316888,443
2.0987979168420523,0.032893780379719205,480
1.5996210053231639,0.009047309952125018,469
2.3587474004063447,0.045491734267078594,447
2.343385404284578,0.13882553750751936,474
2.229938502720855,0.17199288291097128,484
2.403357405288311,0.12934556018774784,473
1.5659983901475747,0.1458053597626838,451
2.2499205890093146,0.09164729701366273,478
0.6221793881339457,0.04335600231894136,477
1.925777660182387,0.14283570391937603,455
0.7728349668293462,0.2281591203469061,482
0.6702831644411138,0.12802887445718875,481
0.7839385574935309,0.08470711561552041,459
1.8294850401372214,0.12464072766973791,486
1.2149988315229414,0.08006588078248988,463
2.2480869412198805,0.07252942339075523,490
0.5392452174323392,0.10404292772440599,467
1.2578416444495333,0.1113420625282454,494
2.1165442476461385,0.1759586798250484,488
2.3835139492654775,0.10217306241167762,485
1.0545569032527606,0.1878970222821842,471
1.1437067873400595,0.15742831946352917,498
1.3415036364984922,0.06391140726610987,489
1.8225106740879586,0.14909697250337145,492
1.3669522937407554,0.07056201427237756,496
0.8876516503750111,0.12654795881191291,502
0.7671854956798363,0.11614116439795791,493
0.6053535080690233,0.054945693347245285,500
0.8178333384722289,0.19690507674081315,506
0.928417909273838,0.1362289045513197,497
0.7318890613890003,0.07919915014837302,504
0.746757532011445,0.2725553680494871,510
2.0493997344748522,0.11710510735175468,475
1.5928946565456414,0.08265154409275095,501
1.524110156103136,0.26154072151372154,508
0.6946564036614722,0.15082670027995032,514
1.368729886682629,0.15437126389528122,479
0.8199467166629744,0.07953475511034823,483
2.212754626837561,0.10515990895457422,487
1.2668812812126236,0.22605445208417885,491
0.9817887571220587,0.09326404339518207,495
2.168989742766081,0.13267643462207776,505
1.1127496127328753,0.09401423448440926,512
2.44631994580967,0.0881070252429666,518
2.1339167931552177,0.06426032231574233,499
2.2254538745836308,0.14703862490343403,516
2.488482195996423,0.0947085587709174,522
1.2172437130985154,0.01656409072135544,509
1.9866035750378461,0.08071290658658226,526
2.0189482361977324,0.055793097423605366,513
2.4076407718671646,0.15974893275964702,520
0.7534385434414244,0.23037159204217847,503
1.4374124193222313,0.2267099703705412,517
1.8003570397246536,0.10130607768148725,530
1.1637154949689712,0.08481093042976158,524
1.234544224996606,0.2673615889569642,521
1.2382451244661237,0.09462370356830574,507
2.371403818623163,0.09876368999423095,534
1.2195053663532056,0.11306459573019279,528
1.1120105228751567,0.10611632058088807,525
2.1943306114972447,0.03128488116661406,538
2.399986254959855,0.09875189635994319,511
0.8206693229093056,0.13580175819855425,532
0.5497380108838505,0.04284486856069113,515
1.3101071935214588,0.14874810679396247,542
2.43631378182217,0.09743873947316752,536
2.0721420248671985,0.11129395382818093,529
1.1674888168182724,0.08761310686721974,546
0.7268991546164878,0.020000047173301,540
1.039800168537922,0.20000300388620817,519
2.2787070330974437,0.13824193225898485,550
1.9222755797842936,0.2451083977131345,533
0.9970768302015971,0.22639524624842966,544
1.9542123482165403,0.08838102025394036,523
1.4055896503770307,0.07272654486464068,554
1.1668262231604958,0.15613646419459853,537
1.1552317454048173,0.1608948220204727,548
1.518906830903235,0.0768333958686933,527
0.595147787477496,0.07565085891371086,541
1.1922183513044586,0.16546090585614673,558
1.6718106717618209,0.12406206638896673,531
0.5099555720458406,0.0905096524329625,552
2.455390149689859,0.2225805767596925,545
1.776205713234949,0.2808543577507614,556
1.3181307173095311,0.07680803109725826,535
1.6960056592522519,0.13081175770994355,562
1.7447148270249684,0.05217066084810756,560
2.0058048003609774,0.15124671876533863,566
2.169386115080938,0.08898201751798533,539
2.2012783176327195,0.12434280969602807,564
1.4346336459880462,0.2319098690160597,570
2.427153618944722,0.26652448584890504,543
0.7434524693916846,0.034680825312773556,568
1.6497888903222064,0.13479263209232317,574
1.528718411058946,0.16713484876559598,547
0.6059020986828296,0.06155686202764102,572
1.5191892737022514,0.17909780296099564,551
1.3787027584200027,0.08212709797805198,578
1.4035904978392306,0.01132332520311765,576
1.193247700865698,0.08718037030576048,555
2.344258299072381,0.3083838909164703,549
0.871769449733764,0.09173484748358614,580
1.3042365339495747,0.06463643144122524,582
0.9639937053247438,0.08014116506928465,559
0.6313052118379365,0.22111440573802854,584
1.550405639095293,0.16518618516255515,586
1.6307460312290833,0.1508883561202829,553
0.5962500128266546,0.20278063374791688,588
0.5894474014754458,0.13805713764089436,563
1.78937460117908,0.05560783103163304,590
1.7236118738337125,0.17614410077330028,592
2.471768362430451,0.2264913667834752,557
1.587656140912458,0.11168754977887639,567
1.7042730838082645,0.048091108482948175,596
2.4761671659626376,0.14630291309977658,594
1.2461641323619266,0.07842781354232943,600
1.378547661899382,0.09819967535639347,571
0.5347565769461333,0.09991052649154449,561
2.204141082833759,0.08054586054473373,598
1.729652169484465,0.015602084416315595,575
1.1512967000635033,0.027927076645114,604
1.87296128110193,0.1230269760733189,565
0.9466962642496675,0.11542866319720253,602
1.8864644524050567,0.06042956294117335,608
1.185114259371466,0.09356622986303431,579
1.8072732099512967,0.05625832636299445,569
2.362180547145268,0.05608318058269293,606
0.6341911784632082,0.07874351603628098,583
0.857539220869032,0.092903351367087,612
0.5776726285452276,0.24245337134375197,610
1.8118008752739063,0.12299174598943532,573
1.519693695515678,0.22136726709007637,616
0.7272087303505617,0.07017831940804585,587
2.193975333579246,0.29234443911676716,614
0.5677147785998578,0.10712874469221656,620
2.200129450985153,0.1348067263395687,577
2.2288387882103606,0.12212438056249145,591
1.172674019299923,0.024170376143954234,618
1.3133580107379055,0.12394568449693838,581
2.4521916977727845,0.12899201725050116,624
2.0019400923577297,0.1047768728243938,595
0.5748216827287993,0.17649010400677945,622
2.4442548544628475,0.25356158753198227,585
0.7960692484466794,0.14047274001980978,628
0.6908643752898176,0.03675400048701816,599
1.4554505213149393,0.1650637042501175,626
1.111182534193855,0.12020741740271812,589
1.9448562784304944,0.09751785500228677,632
0.8866660294794624,0.10074382616108685,603
2.3698208194891395,0.20115428553842257,630
1.9065641571452823,0.14707494279882438,593
0.9177262037825911,0.13406090671111123,636
1.847514276248912,0.07413300240571358,607
0.9569372624981465,0.15526407694900085,634
0.9068488662276153,0.15218215768720245,597
1.758783546941384,0.172492224491332,640
2.2062919352407784,0.2635240576628473,611
1.6741129953892568,0.15641166107103008,601
1.4958070845649762,0.08728228823007189,638
2.2249851451116442,0.15311061895875308,644
0.6426901473814486,0.15152867399561765,615
0.6935796684002427,0.12512891088546305,605
1.1061067159178912,0.26652684483393774,642
1.2021331892023053,0.08213407556622648,648
2.2688962635791947,0.10209837627534793,619
1.7973106473702067,0.12461995037346918,646
2.0947875709324872,0.20474763968580453,609
2.4434614673024093,0.09804211918458271,623
1.6664691938237168,0.1736188712935519,652
1.6384865398554382,0.10926229961687815,650
0.6497902593873872,0.215798505702003,613
1.6683630086365968,0.14773072396167572,656
1.5114036051142796,0.05579340305016618,627
1.1833123193520716,0.12841253743290754,654
1.4243373144602012,0.052991911832604925,660
0.5398615469277852,0.08497911970127271,631
1.0804525290095017,0.18113821442499328,658
2.13704616087138,0.062062803099399634,664
2.1136209271780895,0.12410582667858545,617
2.027885669167812,0.11954745480160844,635
1.4438483948912595,0.05540470965013993,662
1.0741035619780759,0.014552867213041594,668
1.780467246294786,0.2637958517140006,621
2.1760727240336086,0.11048762856586006,639
1.9105607110906024,0.17921078471845348,666
1.6822334241207466,0.1569083922914215,672
1.1395092408282137,0.05247441352977648,625
1.4286798303950643,0.12212320481694015,643
0.5624849406782089,0.16688758115407587,670
0.8503549984636247,0.09362816916263916,676
1.9528564557023138,0.018533228985200784,647
1.9296135380208277,0.17838316344677077,674
1.961696078494124,0.16029709254264302,680
1.0666756655197978,0.09075395923020686,651
0.6045259026366103,0.05903946832468129,684
1.598969053628936,0.04409546482029763,678
0.9623356227893534,0.03797124759501441,655
1.8944852550133184,0.0897623912541517,688
2.0074152281530804,0.16580225675486096,682
0.9531631452026297,0.15281444327023871,629
1.9595883238248681,0.05451379839936307,659
1.2388571943269675,0.0876214726288266,686
2.042658776857306,0.06305621218567709,692
2.389347533741142,0.09196347787383531,633
1.1595039010308186,0.14410425220356513,663
2.3728431481294128,0.2133181397684076,696
1.7246872780348876,0.13777912115098778,690
1.3950175874153048,0.09044675457630844,667
2.495818444765514,0.09054705044110342,637
1.9926757411336613,0.15547062999796785,700
0.5543112814261186,0.08434429370187708,694
1.0720936204570821,0.2031006670316189,641
1.5617205714902647,0.11634710757980676,671
2.2035378516614754,0.10615661541624904,704
2.2145686270851987,0.12514083077005508,698
2.447884898292954,0.11684457134049542,645
1.1698253038272992,0.1901038381322725,675
0.743700655568156,0.008931032812149487,708
1.2806073039226056,0.062423132009148244,649
2.1422869968450002,0.0530358295578136,702
1.281518980988264,0.14265020503868608,679
0.8641835025482478,0.27775774498830047,712
1.8031932905980181,0.09747283447194517,653
1.1304900612333735,0.08414376027798359,706
2.093348934438651,0.15936969073596952,683
1.532070568788655,0.15952767949506677,716
0.9186806699063512,0.06821611023401151,710
1.2366156319444999,0.01931195952941169,657
1.2335557845183613,0.06598208568291185,687
1.4984755315082743,0.08537657893384398,714
2.1507906747917493,0.16225721603453136,661
1.7134691055402493,0.06888013812146747,691
1.0548142724314769,0.10551101804093564,718
0.7588201466681286,0.09235134970075452,665
0.545239916342984,0.044299631081545526,695
0.7342347359737982,0.1793264536177691,722
2.027474807503411,0.1693706377198674,669
1.719245324949193,0.11996028059169637,699
0.6721425577563458,0.07644098462668598,726
2.0610324977415146,0.06951464276823752,673
1.6131454483462766,0.09307276015305355,703
1.8632660497890883,0.14849036174204144,730
0.9911877705071628,0.1434457376124585,677
0.7557019141411931,0.12669521757669452,707
1.4357822544631462,0.27472088827751256,734
1.2149615468620885,0.04396785058560773,720
1.1195941411287693,0.17426491029060942,681
1.2159315207104877,0.12234987528578896,738
2.0828203702438413,0.14787574766002842,711
2.066393088309132,0.20567526879458564,724
2.38188194215641,0.05833460665402543,685
2.189944435222251,0.1663740616582407,728
2.2563585497139935,0.1500800238806464,742
2.331684800791751,0.2328474021222795,715
1.7371962805989127,0.05952285538335911,689
0.8328702243064887,0.1325426228711731,746
0.8258019413285782,0.03637661941282604,719
1.5502457997030108,0.14635700761118417,732
1.8768197395500714,0.2282884616405196,693
1.44664001264656,0.10237915194076477,750
1.997985231524279,0.16095766205868028,723
0.6119536265956866,0.22434149213066534,736
2.2051624057888257,0.10890536962244445,697
2.1000917153155125,0.225009621875059,754
1.4289591859436472,0.20506152132566272,727
0.8026052119366549,0.02017590364178482,740
1.1486034920295933,0.15725467146705607,758
1.9331739670627268,0.06780940077011655,731
1.9170403003540304,0.05298865184068366,701
0.5241917650725612,0.04123867732630193,744
2.4377854005076784,0.10652631316260848,762
1.5197546523104963,0.10875451576470307,735
2.303840573667978,0.09638300505634827,748
0.6757121944242868,0.07108218698875512,739
1.934290286769641,0.0851833407887868,705
1.1053606757080456,0.1456699133265732,766
1.0997706757629284,0.0262351271399129,743
1.3373723585957005,0.14754923377355122,752
0.5315738799529304,0.1773184139976532,770
1.0598673972782235,0.21695573777620833,709
2.351312216722466,0.07481169460862713,747
2.2903397599944704,0.13193972965842407,756
1.1902015634602843,0.13118111968141474,774
1.7449802167207467,0.14386711794677173,713
1.3287000036494523,0.09317908235792938,760
2.193148626622886,0.14682873645456326,717
1.78969834550313,0.19525205949186844,778
1.009073983323251,0.2016113415613388,764
2.316100064775198,0.1005405953624224,721
1.0314148729715642,0.38229828928064347,768
0.8815291051845786,0.04697612633827684,782
0.6364058134560324,0.1069578865209774,772
2.3736488861692147,0.09238477278860273,725
1.5748359653891888,0.20918512717591137,786
2.4692038043676106,0.019184644567280654,776
1.134551370254986,0.1023833342072254,751
2.312987509815642,0.09097882463142158,729
2.320619275276144,0.13179144778483096,790
1.146413393592614,0.04877541589582451,780
1.4717979640418393,0.15888144356879724,755
2.1329635337176747,0.10991893330333953,794
2.498770216569176,0.0679757324001113,733
2.041090768292164,0.22351109910376732,784
0.7346182142018249,0.13486426004097024,759
2.1368609135209535,0.22064855855127896,788
1.7042257655316206,0.10172447964321907,798
0.7997809319563707,0.10197857207126625,763
1.6393804027039074,0.21414007258561318,737
1.0738217857234447,0.09254644349271648,792
1.8879793344609568,0.07821649538934193,767
2.454764828141346,0.04847042047366884,796
2.300098457263031,0.08399726914868134,741
0.5393687610279749,0.11944554207487307,745
1.5993179432954632,0.056106497366528264,749
1.1624807719817265,0.030557212524154265,753
0.9467235308825706,0.17220860166442498,771
2.0076669329876635,0.21906318113760143,757
0.604701101543798,0.18552502656843872,761
1.98155189699506,0.2019490719012902,765
1.290392011497691,0.17319440840320116,775
2.0884950064283054,0.21711038278510447,769
0.933527866688558,0.20408303841243144,779
1.1366995387882084,0.14042715992949495,773
1.3237549647115057,0.06885939588189752,783
1.4635097927561638,0.10298551045018789,777
2.4592204782400713,0.2337605877169529,787
2.200405140092297,0.22777085038756498,781
1.5979139771471176,0.08344047168582286,791
0.73211064222738,0.05153774690454715,785
1.3841314944043697,0.1478661598418286,795
2.1825918888060745,0.24603233649634704,789
1.2136337858258393,0.032973338414648466,799
1.4769592033031718,0.137710915159321,793
2.2083771786325164,0.13670296316531821,797
