0.8530760714008674,0.12850495057833816,3
0.7615045971491392,0.11021066337182879,0
2.287661670085591,0.18017910576205026,1
1.991962386592659,0.18153936643412658,2
2.3306859691495667,0.12689090159038025,7
0.9010092630529467,0.05797765703371613,4
0.8738105977152644,0.13974996064503795,5
0.5772951278810903,0.04494312587906209,6
2.3958236581921164,0.16923191228007284,9
1.1655085177929065,0.100905970444258,11
2.4062436506833818,0.14126332168979502,8
1.1076289871052087,0.048853952714741175,10
1.1476929028715097,0.14023381090600442,13
0.9903340910076055,0.05239388494059415,15
2.218219592847283,0.13791363913670837,12
1.0274069834753847,0.0836598306877028,17
1.2523676869583427,0.1465218957905955,14
0.8777876159125722,0.19524367752299224,19
1.0741710087558975,0.14037143062155813,16
2.4163991638753406,0.09382723677861865,18
1.3283819851986485,0.19854091072208724,21
2.0757196092607506,0.2709764373145641,20
2.1024342695277953,0.07631337977620979,23
1.5338042271789685,0.11722886042155514,22
2.1891958606688435,0.12991247901263056,25
1.1768881789610524,0.16652142491317437,24
1.02692922234665,0.1432897281721873,26
1.6864947945450557,0.04711713424976017,27
1.417932477900505,0.12862678886754017,29
0.8347808777384407,0.07875244825632577,28
0.6693736929053002,0.20604713869767607,30
1.908337242662679,0.17302543252428348,31
2.2672403210429266,0.012782313644598973,34
0.6117347824513293,0.09347443543039977,32
1.337312986189997,0.11099975054178146,33
1.5002866221058988,0.20602857762053184,35
2.294245000183878,0.2598121543203128,38
2.1305262838183503,0.1439572981801964,36
1.131975026188727,0.057252189894198724,39
2.261699470337197,0.043997190416117896,37
0.6350093995489534,0.12271985180731243,40
1.2189181422110624,0.15721444600881,42
2.21707074585908,0.1099054219869393,43
2.2330459662242172,0.13957469308984344,44
1.3275109258743745,0.09295977378375975,41
1.4687668028241212,0.038938332975592266,46
1.0020096216580614,0.03880578729214474,47
2.0631978401020863,0.046742685552352205,48
0.5948197842348057,0.10633581392929661,45
0.7534503378970248,0.04045284584223752,51
2.284760912118828,0.1012375730466572,50
1.1449544678018213,0.15950514025671123,52
1.9457921343805784,0.06165917861961473,49
1.2581633010197055,0.2611141544390863,55
0.8332864276680347,0.07296194168349651,54
2.115213642668612,0.10915227269448922,56
2.0718517864361115,0.031729569847578395,59
0.6931523114265232,0.04597743125869882,53
0.6527061769496294,0.10724397418570282,58
1.314546657846752,0.07959263915945669,60
0.9629903012316949,0.10224477008506086,63
2.4433339924217234,0.03508951542079957,57
1.7672739497226437,0.20380900366703636,62
0.9568601273418669,0.057086516730747154,67
2.080076675829968,0.08580098296683278,64
2.4843949093593896,0.13291778217229813,61
0.574995497288814,0.1375131130050272,66
0.8761824578348352,0.12852015944331593,71
1.0570721829758638,0.046971096341620486,68
2.207346679197472,0.05053891773647104,65
2.45917317319225,0.07767548382497225,70
1.2000753767421914,0.029338533705734467,69
1.326870764787268,0.020008976178430227,75
2.476878130005467,0.14187494990937438,72
1.7807740859204018,0.37554136217344364,74
1.0291407403048416,0.02887096824233806,73
1.6821815335968615,0.1384255033515356,79
1.7351927071577062,0.17281641914964063,76
1.2968910544291217,0.16569636251942788,77
2.2809164206520247,0.05977199449462468,78
2.2126081120434624,0.009202878428235623,83
2.297909507720319,0.16631278149675804,80
1.7222231085414792,0.07190796350587934,81
1.4158402728643875,0.25293819173915527,82
1.0395774453683388,0.061488882727727005,87
1.7534268981541217,0.10682917199002084,84
1.0798533667750327,0.1285839618326798,85
1.2601744820545258,0.12376626906358823,91
1.9635496787398337,0.17481224817139124,88
1.3295648954897419,0.255898081568142,86
1.7205777394514363,0.060220997122656696,89
0.5588281617253839,0.007905428241958333,95
1.8660567322864199,0.1943111000268088,92
1.2489149871308303,0.0505181706256726,93
2.0452330749286896,0.09436330429090778,90
0.9958409341656476,0.13227083730940212,99
2.1898728605543787,0.08463120006841529,97
1.732843526189784,0.09098779241583811,96
1.474385835806864,0.10258723692009292,94
0.6025847113184462,0.17517994208227772,103
0.5049355950932173,0.10619284657797763,101
2.412360781714302,0.08243013141376711,100
2.497927065132215,0.12651802567325965,98
1.595513096821167,0.04779117355147259,107
0.9383256721896494,0.2375951521534274,105
0.5768374651129495,0.06947895618830723,102
1.839102818138909,0.1348519136591701,104
2.327399009013657,0.08538865582952174,111
2.3546831474603285,0.16139926522796477,109
1.4863115429071279,0.1609768707081671,106
2.345516380218211,0.1631191719801866,108
1.6187226468579579,0.032090777547504834,115
1.4255867484263252,0.1072571960811918,113
0.9344283102595565,0.11166598925702004,110
0.602386785543626,0.16497881424974517,112
1.633416363801339,0.1454667025525484,119
1.4494908229524897,0.08142969622756008,117
2.4813611967769122,0.11870813243704753,114
1.0776566713942388,0.056719069206748234,116
2.0020791508252964,0.05928154491979362,123
1.6298891609223731,0.17593207973637118,121
1.8253367022433316,0.04579092742321548,118
0.9657327780524181,0.28026420211639247,120
1.1581819870347019,0.15766146426004993,127
2.1916436369461687,0.030012948999497413,125
2.087380108351,0.0884979227824904,122
1.977883962013947,0.06335786615212083,124
2.311311108960076,0.20745220056269706,131
2.452435573554105,0.0808419218439324,126
0.7856164478035217,0.12364164234290083,129
2.3910175999648313,0.19521210476831097,128
1.6495884901768576,0.062196097140732015,135
0.8053387359388293,0.08555319046641122,130
1.9863517413122607,0.14103640876587867,132
2.0593132382588077,0.14243759696357242,133
0.9738873809821091,0.13489750560535554,139
1.72151354776573,0.10943419996129278,137
2.1066010274942126,0.13222798470583513,134
1.1872478025481272,0.07745621017342803,136
2.4286439249311207,0.07088381233572298,143
0.8835403378595779,0.0678208579044518,141
2.492816196199583,0.10044780068529674,140
1.021603495825947,0.20542532893097293,147
1.7353322475432267,0.10359444640662346,138
1.7590522804450055,0.22110062503310657,145
1.9347491980274765,0.05909933623468488,144
0.5516214580937369,0.0956485470999311,151
2.031085010550926,0.10728613808599728,142
0.9439896381544592,0.10042634362073569,149
2.490878839510245,0.059725424779275386,148
1.6884050080061437,0.09543251946552395,155
1.315591950152866,0.18946992674013927,146
2.2272312047348777,0.1903031927240376,153
0.9609883273468953,0.04232845124956874,152
1.5536162692384814,0.19162216796857964,159
1.7776145225289535,0.029564550063593282,150
1.2536486225710697,0.19146298675712578,157
1.4320421942744805,0.07579401972362673,156
0.879327814047389,0.223969213337612,163
2.385224923263135,0.2629603156055483,161
2.060044110341531,0.0859201017561172,154
1.395414689729718,0.2543820275658179,167
0.5112265386164181,0.17127105815722962,160
2.239151825359004,0.13966980700549372,165
0.6538727606568735,0.0021089350266204113,158
1.1811502292901115,0.06831240517441943,171
2.3515559477659047,0.029261779594189824,164
1.0748718914174182,0.1154094210406354,169
1.3716027445092136,0.09592472110154474,162
0.5171396049157684,0.13797871245770385,175
2.0291756812396717,0.07999623944535011,168
2.0498197421078954,0.16605561547632502,173
2.3288077369054836,0.05606391920973748,166
1.7221561365891558,0.0883966209736705,179
0.7424767690835092,0.1443048723286597,177
1.620705923329445,0.014217322629271258,170
0.7036482968170747,0.18998582592415986,183
0.9051063759210032,0.07650487713880312,181
2.4790372321567165,0.19932349651277076,174
2.179147825703871,0.06091648889626453,187
1.4384795281434035,0.20535764239434917,172
0.6388077801046754,0.037626443906349116,185
1.9161288995156303,0.07467670632168531,178
1.9975048474985813,0.13259234802154898,189
1.5185698511219494,0.10793756650948423,191
2.2169450487169455,0.08988973701521903,176
2.159915411043225,0.02641906837531365,182
2.3566193912479365,0.17551090468596253,193
2.1956486819925147,0.11790172847477487,195
2.230773554225489,0.04588335247079464,186
0.5526348488728057,0.07571776890891314,180
1.6720659529116928,0.025079927981694984,199
0.7488987220407721,0.010881551147403684,197
0.8804432457016058,0.09091018654034659,190
0.5085775993388619,0.2781430742602315,184
2.1785458212736195,0.17200400667267815,203
1.1625837149005918,0.12744864106961462,201
0.7840001802006824,0.15358672898924355,194
2.118656882050768,0.11439350490121612,188
2.0630955798400525,0.11550506906520999,205
0.9422644756010907,0.14784453293564553,207
0.748441229921216,0.1569724949857808,198
1.312229452840445,0.17696243632386377,192
0.8048433920096965,0.21539805113221724,209
0.9872865282529399,0.2695350146500797,211
1.0560564084093316,0.02995993762990501,202
1.4310007903553503,0.12593364827344058,196
2.1201050785206563,0.16712077086922392,213
1.4031864103236265,0.13873551303287485,215
1.3625347176202443,0.15531148969960365,206
2.0809827755041903,0.19243186934133866,200
0.7621628424129967,0.016829439392689254,217
1.5640294023268182,0.14370014433076603,210
1.2760001107292587,0.04955764002871584,221
2.2855733927674855,0.08109098840364594,204
1.2920458842949576,0.1696661622369322,219
0.9258611691998608,0.2044561155873138,214
0.9381892022533047,0.07397007735043863,208
0.9541676393291292,0.050096927508825995,223
0.7000888328167563,0.03977799982807335,225
0.5870266760506408,0.1691133932229223,227
0.7673149630526421,0.18310431937762767,218
2.283017395515531,0.11917449908443707,212
1.9539742537346736,0.1012791470068708,229
2.3130888816569213,0.01403335034521896,231
2.2966454106057252,0.0864468577663925,222
2.223075714735576,0.20483789649156992,216
1.831827552036275,0.04746961811152501,233
2.101967877164526,0.026555418249239782,235
1.12376994528986,0.1408718952414518,220
2.183498204762301,0.10118374863502103,226
0.5356753599622082,0.11903261298388937,239
0.6639485350171315,0.2604168791678371,237
2.3060667926869893,0.12204378155017337,224
1.913920349303515,0.129325327192049,230
0.9188706241902413,0.11358789452800525,241
1.0475649946383447,0.06796230942450585,228
1.4233276077942598,0.0594426003893384,234
1.1982187077027227,0.21254359401397888,245
2.058356803790578,0.10609943347282223,243
0.914239650896354,0.17321440060310922,232
1.6225173290210513,0.10936618759038029,238
1.6177596527124782,0.13710232473370573,249
1.1750147797542323,0.17189117839152365,247
0.691204832144477,0.06252294899143516,236
2.073778659696748,0.04014834695036974,251
0.8020290353138739,0.14459587208439012,253
1.7133755368331232,0.14931321619015303,242
0.6924931763033877,0.1797561011397673,240
0.8183295851760855,0.06945754105267128,255
1.8985333530999509,0.26823680642409303,246
0.5062015930039536,0.0668160036393251,257
1.3392772015021575,0.05940241989288017,259
0.6258769921078973,0.2675401757210089,244
0.8802482336748196,0.09790929942020991,250
2.3677391604106734,0.10840157224998169,263
0.6572020032814443,0.07456425137072073,248
2.370563916749302,0.0812243270378112,254
0.9096393188411485,0.1285180738307646,261
0.9105921258685854,0.18971251936563682,267
1.8930480516166017,0.1419748701314121,252
1.8150868657843104,0.17272865323936237,265
0.9677164394569648,0.09595370564099621,258
1.9951072263259533,0.08215798861676066,271
0.9567930998206067,0.17174743510536233,256
1.80793516469997,0.06966550866740384,269
1.555384715190211,0.05103077764787817,275
1.709731846598197,0.036093133262517306,262
1.8300288985205202,0.2790747033468291,279
0.7412845363040366,0.08317780553714592,260
1.8571774994836947,0.01808405973615004,273
1.9139385352349314,0.03297077692177487,266
1.0746181345195187,0.03526604644379324,283
2.0507444897570943,0.08885897428633337,264
0.9984709094846935,0.05355627057505449,277
1.5719029165066711,0.06598640884854214,270
1.2411499667245,0.1543649386223384,287
0.5756757088435382,0.048316608446798665,274
2.4528142262471757,0.14985859625932413,268
2.0701252826939727,0.16134662292785337,281
1.454575091387402,0.23059149514652796,291
1.0589925855604752,0.1960233383720249,272
1.8552444192111588,0.08040179092791921,285
1.3733128886947574,0.09593786986989296,278
1.6593927230043253,0.1250536442045059,276
1.3335332422081647,0.09726026946414151,295
0.7545272574945083,0.19125844975749864,282
2.1971800091845592,0.08622064704867882,289
1.344151018884801,0.06005519144320035,280
1.7384612148083598,0.08909305269873545,299
2.418349945315539,0.1128027055477622,286
1.551256949106521,0.11160012565841436,293
0.5883118321846916,0.08124782727884765,284
1.6286838244423487,0.06945684276221728,290
1.5804252458834804,0.06380403570329357,297
2.200691189164025,0.02832200654691254,303
0.5594462107869056,0.09961656209789063,288
0.9590425760942536,0.1839098368315296,294
2.0575711218321415,0.10040904346568032,301
1.6409288350113362,0.15313838052713233,292
1.0698005394498968,0.22433374771162212,298
0.6471615010781926,0.046514141638910086,307
0.5795666716393093,0.19082282456557823,305
0.5787993485831271,0.10453263423959169,296
2.1865071326976673,0.21348134383795006,300
2.1225887901684013,0.029602170168262838,309
1.6346721335019112,0.013616747382835992,302
0.8028688987464072,0.15729497469787687,311
1.509665917403688,0.10440341654767338,304
1.580679573809584,0.0367690359693357,313
1.7160739357273456,0.10156628916401884,308
1.5194729538598495,0.16250566579858683,315
1.433160509421439,0.09176718524843548,306
2.1701438469661998,0.1577268143057888,317
1.432949582518187,0.2275524664993064,312
1.8548047024369059,0.10432748840563273,310
1.5926434536799532,0.1461373447021508,321
1.9855135395670163,0.18503473030884707,316
2.274152595752418,0.07830871539608353,319
1.6410287194753985,0.16790637337454078,320
2.1462348128396176,0.10941485780248897,314
1.9375670639950875,0.01965887844513737,325
2.158750300515069,0.07600317174146738,323
1.275717823730773,0.10620216848078932,324
1.9573493007618115,0.08381373365789258,318
2.200680708805309,0.10838110455232444,329
2.128683244540282,0.17399663110518993,328
2.054001410201504,0.15474626600774377,327
1.4115723223377779,0.10879011105967132,333
2.439980344663419,0.11324714763397958,322
2.4863188246909713,0.2913427632878222,337
2.178248721728176,0.07225955631790623,331
2.0417062911064443,0.16794220558500397,332
2.1047559894762378,0.06016799091524501,326
1.5151741036293016,0.04815330459731271,335
2.1833306009875977,0.018030348571241778,341
1.0532166797088711,0.24001493532584095,336
0.9806251055303814,0.17147273236130406,330
1.0083286625188523,0.1658895057122033,334
1.129429934607162,0.07654876677315278,345
1.3615731774973872,0.10516647201774701,339
1.5497248548702438,0.030355362244838202,340
1.336792210691579,0.02406348871286232,349
1.2697412862162007,0.15932439870042595,338
2.1449862984468115,0.09250616008589972,343
0.6419902888683109,0.1105175452593764,344
2.1588659939904957,0.3739399928046226,347
0.7219712376544725,0.144452142924936,342
1.5403967957800424,0.15719295273084458,353
1.4004294020708223,0.1460578878178093,351
0.8471124636831442,0.1460782080806664,348
2.278705080396915,0.22470194849685746,357
2.3523846878819805,0.06994062218255649,346
1.2022394759847035,0.18095727512985782,355
0.5302457659603592,0.2511979893773533,352
1.5763450327855664,0.1989877977682687,361
2.384690025618,0.1337920342287799,359
0.7515801642131399,0.2679084302244287,350
1.3768415211613463,0.06855041707765865,356
2.1056915397134226,0.1320933903037676,363
1.2579552277870016,0.02520283317786612,354
0.6597118301153673,0.08336316144866562,360
0.9901173200847131,0.11638204502233405,367
1.7854929989134258,0.28020961915691966,358
1.384326694404414,0.03853062446670435,365
0.8285337326208857,0.22015471354317034,362
1.8985364905567665,0.24849892798193302,364
2.3571776848763233,0.09723916219111757,371
1.284004168809547,0.20482077332049886,369
2.3170143875693183,0.15764398918933453,366
1.353883678586302,0.11430338240631628,375
1.1537129099110106,0.12266314666623074,373
1.0317627163213394,0.0204538968549276,368
1.136771027123978,0.14728042353156506,370
1.001749480763588,0.14736040501391207,379
1.6225656072116987,0.059904020392355165,377
1.5641680948241472,0.061421511741100304,374
1.5660720710502856,0.15537691985847008,372
1.583471152726232,0.2122694832752249,383
0.7433451028712039,0.15849702880168162,381
2.4094543893594222,0.0478601691660663,376
0.8087413484525414,0.041963756060887564,378
0.6620881649456642,0.021638230640756848,382
1.2484409624583386,0.058691325337740644,380
1.6315497835592145,0.02028123393431409,387
1.3341102974257122,0.1805589799555636,385
1.0029115649290246,0.10549910039078143,384
1.3491684176311438,0.16594600064310602,389
2.358232131224625,0.17496318514240142,386
1.610448358082785,0.04983106212075726,391
0.7504363169912498,0.169310959228418,388
1.152586392307129,0.169497344887371,393
2.3151420766440833,0.05869043133802977,390
0.6736903426862766,0.07028361921023368,395
1.5802999723353035,0.2784741537493126,392
0.7339047239555219,0.19390626563101385,394
0.5451130951875152,0.11263143397332283,399
1.907331655266211,0.17985684069392022,397
2.4448712062058453,0.17646186843729134,396
2.0483976847905305,0.07232437543391501,398
1.9442268980939086,0.22325344688278276,403
2.0230108561698508,0.09247913773542618,402
0.882102825110634,0.06791118586856695,407
1.8778829841846287,0.13152372419428268,406
1.07259531087533,0.13967705037039274,411
0.8288208017669496,0.19698441583306417,410
1.3292995564386787,0.055516008517580796,401
1.8586476336350561,0.025142650486295506,400
1.0884105328117504,0.1244883743831997,414
1.1591441222851602,0.13158828806014633,415
2.4505932184339763,0.15942293747172329,404
0.5019349054110971,0.24209002840750157,418
2.421564593657977,0.009391162185200575,405
1.9898593277922927,0.14460528638816192,419
1.333006981107001,0.019715601604432226,423
0.9864298915949057,0.1308873010617238,422
1.0640588897474716,0.04652873873703772,409
1.272373464878877,0.2234564257316617,408
1.9546550601436616,0.10050520859144339,427
0.5254690405282931,0.2139274507369153,413
1.5272313406429925,0.1133514958598187,412
1.4026297080971437,0.10024562274016445,426
0.6566093621435538,0.20397410309679384,431
2.2087683634469153,0.1504279606459555,416
1.7135233728411876,0.13539776360900718,417
1.484315015832089,0.06710718573935769,420
0.831622721276575,0.08707088384944646,435
0.6109886698710254,0.09829089198878496,430
1.032372584827113,0.19610516920931234,421
1.6686130538573807,0.18728107270395394,439
1.1575828835817632,0.18652023352603186,434
0.7015221474571238,0.03202828215940225,424
2.2057092609995737,0.177074384035532,443
1.3044359674591954,0.013536663679411613,425
1.0624901893533087,0.2520451511660736,447
1.5327252483198415,0.058447667801573025,438
1.9952815010312324,0.06497473790532164,429
2.3234973366918865,0.20494914093487232,428
2.3086742489430163,0.16000107154686197,451
0.7775202849973422,0.05427330797754301,433
0.8625246669117435,0.0724566260215724,442
0.6574787661891424,0.18142408882310043,455
2.121266593057586,0.15189449950943573,432
1.3166222581276046,0.08983935751631486,459
2.015148533936295,0.0805966435216379,437
0.846648013695777,0.13012437260415696,446
1.200305216088792,0.135674103808567,436
1.0633294307276135,0.05749073093012618,440
1.362262736539642,0.16401543638324545,450
0.8222978738924407,0.11823586064943106,441
1.4104041653623829,0.06009999417712411,463
1.0970273141682036,0.020345730410430786,444
2.0039701327598465,0.17885371843244313,454
2.3747470149120247,0.024497887314676874,445
2.3131690725930136,0.0997335988613403,448
1.969763185634257,0.05499459929996982,467
1.5748683708623608,0.1613115095523122,449
0.7857086635806163,0.15313880323212836,458
1.198347901473149,0.1441362386430109,471
0.9977259529368221,0.1483047086249628,452
0.6650144604796417,0.07470319606515839,475
0.872521392494473,0.20196245950427916,462
1.869342333302278,0.1253074637116744,453
0.9177320574526724,0.1712817175848665,456
0.9828716164940365,0.09808845848608964,479
1.882899921913037,0.1446548840915534,460
1.0910044847421096,0.04712758299259916,466
1.5404978676139134,0.1407632367574003,457
1.8395811120736,0.11916925007293988,483
1.2458139889151476,0.07230013602065319,470
1.6444047281918603,0.10681505442817237,461
0.8829716866638391,0.12030339169394244,487
2.271290508579084,0.10979323243242117,464
1.3669200148290452,0.016069033355554093,465
0.8316033758724866,0.10335726386618034,474
0.9515597000097726,0.10799271794030584,491
2.090192405550157,0.19164032413529342,468
2.463181096801582,0.04525958911995075,472
1.6062994309192105,0.046629264025252005,469
1.9271185662752628,0.1171850865583054,478
1.4327879461856508,0.11780804649133814,495
1.6461489029803975,0.14334853171635914,476
1.5854445015799934,0.09910017297720311,473
2.35802384806766,0.11691664650453991,499
1.5476139160101299,0.16778777876787493,482
1.988097974492076,0.04243328033508398,480
0.6400244332093659,0.18263236889864976,477
1.0818880002761015,0.03294174481215869,503
2.024826554451251,0.0733461902799839,486
1.8236648493129353,0.010153225058631681,484
2.0873274188796707,0.208979610338469,507
0.6759253414502733,0.11465854039748587,490
1.9195448339987533,0.09387061162917697,481
2.443689182018254,0.040380672590848245,494
2.471303662863434,0.14718213105314643,485
2.09053790074719,0.10357670481637814,511
1.5789477757495272,0.03312672920694219,488
1.9180711000510056,0.17230613043892892,489
0.5966961020194386,0.25385558146898995,498
1.7960281565128968,0.019176209888549553,492
1.141426165718269,0.028198521436443413,515
0.794812383989095,0.044482957009717564,493
2.14579648034874,0.0930695469376024,502
2.298344272386634,0.08670232816716111,496
0.7221861107970111,0.10311356507688152,497
2.2075795626102823,0.06718187348041064,519
0.764923209315967,0.09723781113111546,500
1.2962374650765423,0.13396497859883658,501
0.811285577578275,0.13608863482336245,523
1.1623982558570043,0.16521132792957433,506
1.3546477388284175,0.13062999330938477,504
1.8475148343372445,0.25288616657197865,505
1.8248474546615945,0.2311629265156,510
2.4942995041890033,0.26612011843802025,509
2.1961414002954296,0.09316542518490867,527
1.8274738796472094,0.14504939441795744,508
2.115166379836867,0.22460262449652624,514
2.3549697864250176,0.052858886894014245,513
0.7847053505384796,0.021126073039231048,518
2.069499384162471,0.13086978828356544,531
1.651320040868998,0.09911876529644714,517
0.8287687690163776,0.11661803234505926,512
2.206172966005547,0.027881412078354657,535
1.5493429293650158,0.07254252826809858,521
1.5579382597866485,0.17930565244309493,522
1.313011420282889,0.07947882953281155,516
2.4920371593497705,0.17438468809041616,539
2.2912689422128336,0.08096280676482379,520
0.9213041585303408,0.13801198999072226,526
0.5604976885944633,0.09736642613477157,525
1.3635662234224608,0.09448416514554366,524
1.2926233041098332,0.07595990689087473,543
2.4937788896532442,0.15882484771983274,530
1.3321133370899325,0.06538179128981894,528
2.3806577409682457,0.03546916707557224,529
1.7641276957448722,0.08950893437007411,547
2.151746806598531,0.04466524135545126,534
2.022609707143185,0.039262881876537925,533
1.2857769998515032,0.12259855889979171,532
0.602020736462185,0.09594964902753478,538
0.5147850421051403,0.08806832018718153,537
1.0144745774279473,0.04351282198788302,551
2.222063523472606,0.06363358592356784,542
1.1338254306485829,0.06026785499320079,536
2.2010399635570304,0.194160559403487,541
2.4085599388648915,0.21068109642170751,555
2.3330402879067655,0.15485325347013165,546
1.4042863956646916,0.208297160511477,540
1.8741875084342299,0.21919577998352846,550
1.106682165764551,0.12619668293861175,545
0.5329809593759858,0.1941423312318964,559
2.428205791715436,0.09365554271300108,554
1.0682005820513925,0.09196663382606655,549
1.2737335312886084,0.04948162388370362,544
0.5636925727039632,0.20058007727905697,563
2.2184289789948415,0.13421198775460488,558
0.923656536012498,0.19154635806222584,553
1.8761179129832464,0.17311796478004166,548
1.7408072203418812,0.19903293312488032,567
0.9370949995591562,0.11837527719322175,562
1.8468720858342509,0.08282760241857945,557
0.7341552592226226,0.06808368235580414,571
2.3716620973847102,0.05964143197023306,552
1.5976738615068176,0.16828416987434747,566
2.4990443652331757,0.14682470729650077,556
2.4854838956193452,0.13562181607466578,575
1.5722064048505098,0.12158868692865071,561
0.5587927240172172,0.14929406136258302,570
2.2440125814330285,0.0312650261360974,560
0.9370837245352677,0.10762476638110732,565
0.9965639708554688,0.18427169681040279,574
0.8626681077852787,0.07212880516162475,564
1.3953377833514973,0.21659193733402213,579
0.5287978524709096,0.17216981370541556,569
2.165438843519084,0.20249221961838929,578
2.4054744383082474,0.20082337198109945,583
1.9976074598951992,0.12280220074765028,568
0.9072040797276026,0.20768952401061222,573
0.7143738118854215,0.22812711534327976,582
0.6901070737696855,0.08526935908992622,587
1.018652891422006,0.1140412976091469,572
2.4416678395916835,0.06547578548042725,591
0.6987977105888503,0.12911385628444483,577
2.3861091055487513,0.20809955551951145,586
2.260293621951283,0.11900211692267781,576
2.038653831906187,0.12898543445645283,581
1.2566610427499358,0.14609848190608649,595
0.9380533798630608,0.2151958738677695,580
2.033000335572079,0.20653733571731783,590
1.4984897071402736,0.06627462058440585,599
0.9174820751015862,0.23234750024157497,585
1.9254028859673298,0.18167265572440286,584
0.8716126496199519,0.21134853247423885,594
1.8329603770045535,0.16447281303316913,603
2.0688153118727977,0.08907233325874825,588
1.2027686748789876,0.17134005093390176,598
1.9146643352062354,0.07599488857002708,589
0.8445717379126836,0.06699544582124514,607
0.6293152969962887,0.05152530907267147,602
1.5698112429200015,0.16855928855525454,611
2.1396698308573145,0.0977990856277087,593
1.9677985748760367,0.12815387620898097,592
2.0709309948121586,0.1792317090992701,606
2.156713508845526,0.21747492700504806,597
1.8069644798313884,0.027445182108367206,615
1.434784028186454,0.14084601302826186,596
2.3462904594697114,0.05125814616972091,610
1.7140201513886302,0.0705054358885663,601
0.7691556488304627,0.18966306388676804,619
1.4423720873306063,0.02097255271548512,600
1.3677706025266743,0.13940543663225832,605
1.2020475687780596,0.18606882163425845,614
1.6361817655065543,0.1739749960435817,623
1.9040560023579973,0.0824573324933679,609
1.8201479461309682,0.027581610052961576,604
0.898200792182748,0.0820124844562472,627
2.1278061190562516,0.14614646686363245,618
2.344581958095757,0.042690219848454745,613
1.2138467291660866,0.04144967979611917,622
2.4232039069038276,0.03724036074595772,631
1.7080701597253198,0.12930842756301164,608
1.9941537379252905,0.07600413588101221,617
1.1559627670979744,0.049517051272417234,626
0.8277228050132661,0.08485642776710578,635
0.792095082416759,0.10409392060249303,612
2.022205582579611,0.11886437717727112,621
2.3809204813961644,0.09675146518014041,630
0.86903699754171,0.17032120635419523,639
1.7412832195573298,0.2405547617422064,616
2.150281476664075,0.19096298887094515,625
1.1836910500396243,0.21434172079382785,634
2.229769651777705,0.11480418828503047,629
2.252965299627305,0.03022761643215029,643
0.7257426587833806,0.08999928004597137,620
0.5561385218600599,0.30488488935064467,638
0.7161654297668532,0.06189216128032263,633
0.736543560180438,0.059035311436503014,624
1.1832599531616905,0.1391101863761546,642
0.6590540819982205,0.18882336605241856,647
0.9289468017878555,0.0834625272033105,637
1.2428836034924975,0.16638217248111017,628
1.8596637922200927,0.09512514032338465,646
1.1151106293451947,0.1229693245075906,651
0.5956485466494197,0.25789220190048234,641
0.5943275908473209,0.08960027130403117,650
1.6269384352548384,0.08705408778282346,632
1.1842143223037296,0.168790226956475,645
1.0442926197098252,0.12063347585148948,655
0.8111973469911071,0.05822492356640614,636
0.6194656322120415,0.1334128207827504,654
0.5960924535433949,0.06397671269659687,658
2.30615042309317,0.29180092963400805,659
2.3635917147436647,0.12915936576505418,640
0.6124660890249083,0.005931277838186412,649
1.4642488792944852,0.21873520540076946,663
0.5890655925310182,0.2540735962502139,644
1.496807305704213,0.1424929888445426,653
1.7420226381915187,0.010000448225467624,662
0.7831183999476699,0.21293488546218722,648
1.9734253695789572,0.05973382757536148,667
1.692855965402656,0.04974715717870631,657
0.5635689115972295,0.14315278024125747,666
0.5612793711028525,0.10560424792419804,671
1.2708486309114866,0.17882998467094063,661
1.4410760215378946,0.2387739245492007,652
1.1941454413593535,0.15641535342195806,675
2.4173123220021937,0.059361852277177544,656
0.5514163592032109,0.09369285573501275,670
0.6279040788243053,0.08771339909361801,665
1.3132904784639072,0.11935043075400618,660
1.058674752221661,0.12671382562220923,679
0.6604559370048673,0.1705498365526863,674
2.2890104231401533,0.0373977875051803,664
1.199944588905525,0.18943458510082237,669
2.1194824852004617,0.07029158541888736,683
1.4963354992207842,0.12282930682834459,673
0.6579986968735443,0.19489861015161808,668
1.4447567287251546,0.08521380946356416,687
1.3966384193738288,0.13308378772193072,677
1.1088620795895079,0.3198942076129444,672
2.444688690950626,0.21184107261675159,691
2.248492763475694,0.06746440879761133,678
2.0248342418832475,0.13519534633204716,676
1.159952860763571,0.07665866670069778,695
1.7134955489878692,0.09587222437381665,681
1.8803379009126373,0.13985711924846655,685
0.7895640625707743,0.07143468014136782,680
1.6322765097194365,0.13559124967757602,682
1.2765061891388891,0.04473008318527325,699
2.321858494034064,0.19242529481173445,689
0.5907300628756518,0.15506381314198847,684
1.2328826701725744,0.17908642979001896,703
1.8573903660656104,0.08719516537328732,686
1.3632350946135057,0.04205581902873607,693
2.414488212822027,0.16923644084928469,688
0.8371804464013786,0.16061294584289684,690
1.8907797837892282,0.1435838383534441,697
1.3581830159362085,0.22642353016763803,692
1.9865794697252595,0.05364600109661029,707
2.4397809095883884,0.11847097129654721,701
2.4865147231970433,0.15514832561305783,694
1.6288445499369928,0.17983357554077267,711
1.0199763353384628,0.08190351056756605,696
1.648457211719291,0.009459529878277364,698
2.1611317268957198,0.09395367230623154,715
0.6382686444654551,0.053046974109891724,705
1.8054707356069883,0.1814054873035601,700
1.7603247509591227,0.08891491890366453,719
1.8500997786541078,0.19077171895111406,702
1.0815990171520484,0.05994414840285767,709
1.3363134168667425,0.10847466099608563,704
1.5689721953084714,0.1101812600410273,723
1.2265826450374937,0.15045029530017429,706
2.4463317997987954,0.13917904085938446,713
0.6188753301863494,0.09620218659937024,727
1.3803020487874411,0.0012621642619741746,708
1.0770612338259826,0.17868677219195647,710
1.6503870813844292,0.09792678179135983,717
1.2278083144902339,0.1216671003396447,731
1.3883551054816128,0.041438934806224216,712
2.254993385140076,0.2112232243229272,721
1.2748314390980737,0.10385505605322348,716
1.6565547940224064,0.171351046539142,714
0.5335423353642514,0.25304093302071534,735
0.5252895849056245,0.04081327867207233,725
0.795595406290496,0.03710857947766712,720
2.164850131472213,0.0907395091284985,739
0.7272936077097842,0.08134703762175335,729
1.3168682028173584,0.2923522944586247,718
2.103281244135591,0.03706350811153243,724
1.6857312409120644,0.0859241275254393,733
0.6527842427337436,0.21911241485858657,728
0.6305574109552725,0.09160962962636794,722
1.37935483680566,0.10080183124940474,737
2.495767923527815,0.15585699800385444,743
1.1710064726798042,0.18028610617737553,732
1.4718433227346899,0.16100676353076204,726
2.38156261801769,0.06527600395629143,741
1.4370485870409224,0.2798709657909576,747
2.4162735198016345,0.0766587690921305,736
1.5314600586474705,0.22013561667424614,745
2.2592241371865507,0.10070326678950708,730
0.9347597731718154,0.2743415958113079,751
1.0211336131397748,0.054107631352141965,740
1.7852328874140204,0.07819232023996207,734
2.297718214420332,0.12508193694479727,755
0.8111878929845828,0.1110173667395832,749
1.8647274874509896,0.26363342442761456,744
2.287016791634477,0.07821765040355613,738
1.4924709680204091,0.2049507098783872,759
0.5299974830460521,0.02429571249103468,753
1.2633509012539936,0.13550747600465993,748
0.5625241659556866,0.008330319343982949,742
2.177330449715529,0.18410032490606082,763
0.5997737927865905,0.10826505548521098,757
1.3175191693313997,0.05714968809891609,767
0.5888326847309313,0.02048025563333318,752
1.2499473543647668,0.13830180073189544,746
1.7876042729106563,0.046270629787082726,771
1.4628113829690619,0.1099324301392368,750
2.1139719230268823,0.21673368878054827,756
1.5546575909966078,0.05027663163121581,761
2.225718302350315,0.05809792513519926,754
1.8566845345476661,0.09525227037432099,760
0.7453783176366606,0.17079815566084666,775
1.6955543894975171,0.023389289535540606,765
2.238146697866041,0.004378506094971219,764
1.3745243317103106,0.08171369548499748,758
2.401029484462057,0.10784746215196264,779
2.3826343131467373,0.08914109527744787,769
0.6630027756486485,0.1519148713145494,762
2.2565888712976925,0.14404889596423998,768
1.1882197276924982,0.0861819264146295,783
0.8339190034728052,0.03374525020384777,766
2.315529588609369,0.10269772480216698,773
1.435705837618544,0.07840085057578888,772
2.13256113403078,0.17567081765333067,787
2.152458807273442,0.13548464155525575,777
1.825829940902675,0.05472061894682317,770
0.7610191718632227,0.052917098806620926,776
1.387239409220359,0.17605376203606238,791
1.4160545496224708,0.22768708702926055,795
1.9128049585718268,0.08626831683981864,780
2.4852759919519203,0.17462851696069667,781
2.3870731758469694,0.16918362569399178,774
2.404083086705924,0.077053321346472,784
0.5338837799185283,0.10879660195448736,799
1.3433164649481721,0.08855514994737919,785
1.6195895050716351,0.093359155357162,778
1.7092963010842581,0.01960122912136457,788
2.3108672040858074,0.06897385582791574,789
0.5356483202608233,0.1546157153236942,792
1.8564766401460533,0.0932321292042313,793
1.1102138980375664,0.15270096392505958,782
2.084080122830099,0.1472394893047206,796
1.8822554370851148,0.05744108637406103,797
0.647235531257468,0.1662885673133044,786
1.2378450788539186,0.107153193430687,790
0.5093198357067987,0.1510142039652401,794
0.6722806160520081,0.0317272920855517,798
