2.2132415176400193,0.060009623965057726,3
1.6997807793104889,0.16229328626239903,1
0.8837837458500386,0.01856275665072081,0
2.3822301140565587,0.1687732226287727,2
1.5061905859695501,0.0930854658746111,7
2.1564038264852066,0.27677859874301675,4
0.7899720182494148,0.1035552685673106,6
1.4187062901534913,0.17959980311702686,5
1.7813962527350409,0.31208390364007665,8
2.4598790089545517,0.08859930859053775,11
1.3927582244576227,0.2633247611415897,10
2.1216425051337495,0.06860264425439477,9
2.125090446141174,0.13374250601646795,12
1.0320824119086027,0.13188935648934152,15
1.122619442093846,0.2415985339107919,14
1.967971405646876,0.15171938804378735,13
1.3502932808982349,0.08833264202783205,16
1.071453871780103,0.029648864285986034,19
1.1632877037558345,0.10414091831525896,18
1.4706359001807308,0.12857196250118216,20
0.9723402475878149,0.04332879795094553,23
0.7087740711296897,0.11016937197035442,22
2.293950659384554,0.06657657417036288,17
1.0475656361126664,0.11434957758776332,24
0.5168824682865074,0.12896708211420638,27
1.8598067791272603,0.15804833345542868,26
1.7816495435184423,0.17307120482757543,21
0.5431059293486611,0.05677657624481987,28
1.3176225463443565,0.047394089180669195,31
1.100227304640026,0.07158830965674684,30
2.428007629185618,0.15753052411671342,25
1.7573511893769296,0.06813030757623119,32
1.5865541194184871,0.3676220902297424,35
2.42160218134725,0.04141815827643174,34
1.98164053623881,0.10677114054998944,29
1.0922675791934298,0.12495299112976727,36
2.410459000836112,0.12185211820175755,39
1.9064886700611319,0.20347946835030362,38
1.1962749518151976,0.03641440021919159,33
2.405061120251169,0.06291743217564033,40
2.1592648928762284,0.22537448145564803,43
1.1248280980173375,0.1861170285140793,42
2.4497240692671487,0.16662415492978885,37
0.9856795562028684,0.10380722517807871,44
0.5700338864138481,0.1762748952807559,47
0.9716672336659185,0.27927560847970934,46
0.8005337606285534,0.192981834962194,41
2.386739031993933,0.10543781964879749,48
1.0828564155061755,0.24706271773168767,51
2.0430730666204617,0.05813015503284361,50
0.8251579345164359,0.04972713966013796,45
0.8123630610368964,0.02660167249033034,52
1.5634342187035253,0.03240774676773167,55
1.7448492726087985,0.039647783264150444,54
1.0415753601979454,0.1129544055385493,49
1.1319684203616684,0.09925310082615571,58
1.184988918344062,0.2453123205739201,59
0.8614582433175058,0.05974368795712553,56
2.151033031037724,0.15705724980404234,53
0.931783348640469,0.17146948126367828,62
1.6256768340591645,0.11061524738930169,63
2.3562945171226177,0.1900801613591051,60
0.8491001273715635,0.07363484710673474,57
2.203178945480177,0.27292739098074276,66
0.9976282272896781,0.02694525456464384,67
1.4934869091566714,0.0694018281828188,61
1.4497311039741256,0.08976723965210931,64
2.3223105509914044,0.2317488574521232,71
2.0506862645582222,0.026031830435806747,65
2.142679117466587,0.07370540767266143,68
0.5668664080535977,0.03184588536257728,70
1.0954003694670302,0.21960999213985843,75
2.02829038393738,0.15546432591257062,72
0.7943963256650632,0.13991515590189704,69
1.4504968094544008,0.15310057654638579,74
1.247620687745324,0.09896250697482933,79
1.4700404696953282,0.17820143037904587,73
1.0574013988660806,0.11651550107401687,76
0.6236360012021165,0.10389734480064912,78
1.8843513798551514,0.1360546972450559,83
1.428056047800667,0.29218589490632335,77
1.0041261555597956,0.03712343213017421,80
1.8644299242160596,0.041047731551823056,82
2.1050897918227864,0.11815296898035801,87
0.9497646463541145,0.07793611968013223,81
1.5670863948157037,0.14142824884801114,84
2.271765774154194,0.2302383700117907,86
1.8043990883764347,0.19442269754768357,91
1.1881680141450983,0.06300814305270405,88
1.541399016338132,0.10307682606058416,85
1.4948603839497603,0.1380196678086119,90
1.0466002429678665,0.2381379660670413,95
1.9178327976580052,0.13588917677395282,92
1.9506413564904468,0.24270655880752134,89
1.4019188219238028,0.10197036334529336,94
1.5987834710128566,0.12160888585634289,99
2.2206135937597713,0.023440603615929,96
0.5832428529002629,0.07237393717529891,93
1.7280423262704026,0.3589827358746247,98
1.543980481620543,0.13013124729983538,103
2.1275342474009884,0.18553276727147827,100
1.2781469092890685,0.07468342360035585,97
1.5827244508501885,0.08803928069072241,107
0.8622492352153064,0.20509886637363584,102
2.4813100257176735,0.04876301680913161,104
2.242932718744023,0.12489407492303313,101
2.3873552978246306,0.1036448413758593,111
2.4639820485478485,0.01127869822615446,106
1.9851202084182233,0.09701477133337748,108
2.302531048665808,0.09481254779828935,105
0.6230290397357816,0.2874443599568985,115
1.2024897883317855,0.12869157710044207,110
0.7111527161763984,0.038934564255948184,112
1.2609714959402027,0.11571587156170515,109
0.779557386508656,0.07336872614093813,119
1.1143241977808753,0.1238846460802048,114
1.641743952285659,0.1475114727995627,116
0.7570807147421177,0.08963987010304682,113
0.7947113259682823,0.0708308051622681,123
1.2214300707125196,0.07664714760912866,118
1.7953089001180869,0.1281384911023495,120
0.643504783999582,0.10549874009488028,117
2.083513941978128,0.05293867610351752,127
1.3840674599743683,0.07013857740312855,122
1.3135978981890515,0.169389517748101,124
1.8887466999459144,0.03773539969446073,121
0.757055010262933,0.05026623195229557,131
1.435498536800569,0.06609033804676705,128
2.412039146650076,0.12849145874852827,126
1.7445897529068495,0.17736138570555463,125
1.6043013566652478,0.12563262969756978,135
1.5730777799062736,0.11067502262393347,132
2.3564196929237795,0.03135027193632622,130
0.5052296351251249,0.16185258088060755,129
1.387035639714342,0.08168348524278396,139
2.250140992180815,0.15808738350405044,136
1.7816260093359386,0.08050228598004523,134
0.5469309229391717,0.15115363417782582,133
1.1097444392670053,0.14352216241730342,143
1.758279531565081,0.07638588968162917,140
0.7039391539039104,0.22807339266806795,138
1.2191826279643687,0.092151475238868,137
2.027295616703614,0.24331764162223643,147
2.4392283632667495,0.11928884911143045,144
2.177346669314199,0.04953266041463259,142
1.334742233278909,0.06377076955706713,141
1.1488708984585672,0.06937210089282835,151
0.6286872395145773,0.10252601796857051,148
0.7975234378816138,0.1082402187951787,146
0.5664186023588351,0.14619395448881295,145
0.9390154105561093,0.09380615817931232,155
0.7657931907147453,0.2625187718568857,152
2.077886514671178,0.048250781224031036,150
0.5303472095743627,0.07263246237912259,149
1.5593187784132572,0.2811573627996539,159
0.8392120806900536,0.22401680144583813,156
0.9435240701968131,0.11475055897877846,154
1.8839264343290878,0.032293525169089836,153
0.5495335097270586,0.14734286368064728,163
2.317997717187737,0.019666169948947224,160
1.0064035215544274,0.15123892216129098,158
2.3256386899884243,0.056054046661216675,157
0.6107463221277503,0.16898478118425175,167
2.4429464599872963,0.14315810213703778,164
2.1664225045508294,0.08830790118658893,162
2.212143192094025,0.1161659769354936,161
1.406306640654185,0.06818969941099086,168
0.8030015205931336,0.009345925884083834,166
2.4405033631982374,0.1938635820885916,171
0.9545007680741853,0.08446627972245578,165
1.6596018886019446,0.05272098687067531,172
0.7139418492327401,0.16948110125112706,170
1.3886302089438831,0.05339556806870998,175
1.6731625779014565,0.17442461707113321,169
1.4429825312009648,0.09018517717946631,176
1.5139256887765191,0.2644699257039138,174
1.0689977171523535,0.05932762051424167,179
2.1955866050387347,0.20860099890289907,173
1.2097904375487984,0.17843755390710517,180
1.3927741089427563,0.10991201844456372,178
1.636025064037853,0.26874822282086164,183
1.3456807626979939,0.21481080718248757,177
2.2161583175823143,0.12042843714103812,184
1.461475440801002,0.15259126721677752,182
1.664462833884861,0.06906732436152696,187
0.5592253417090729,0.15280807876253855,181
1.8362667412979956,0.17352012491437424,188
2.100434396729125,0.2117076559361605,186
1.9456942475557477,0.11239458228661064,191
2.0510658672713102,0.065666821207753,185
0.6829283013250418,0.08012147260845776,192
1.499419300255557,0.15547646080738853,190
2.064914537382913,0.1708849805603925,195
0.6431956342153506,0.09705467473421221,189
2.000241978650089,0.0336794134710778,196
1.7038630526668588,0.10407965365864709,194
2.1616488520624015,0.16085210124279983,199
1.0743728856495969,0.06730596617588029,193
1.9865991864425192,0.05710794313838529,200
1.8856573893485933,0.1805042670604215,198
0.7100129920218912,0.1903271512531048,203
0.8717451617850329,0.03104161260184353,197
2.055856257459841,0.2690146836146176,204
0.8242690746107442,0.17429564215793103,202
1.386828349915185,0.06926797964604872,207
1.033633983250116,0.09293918971429586,201
1.2948197930454612,0.1938925567078795,208
0.7319664083399982,0.16597911507043067,206
1.185953619273884,0.13009354875865822,205
0.6517326893380735,0.10064536041805033,212
1.7649643501110999,0.1558604675520507,211
0.6364859151688742,0.23130359023409955,210
0.6785974172562421,0.09517000022450044,209
1.965214849765338,0.03956997490901362,216
2.1245773198357236,0.04853135911608178,214
1.2319013836502586,0.3127434077733387,215
1.8481098061202326,0.06949688855742933,213
0.7460466394208376,0.20879481390566879,220
1.7668164482136648,0.17235680018942323,218
2.1174529457515803,0.04060253694781419,217
1.0724029382241138,0.1261781618101049,219
0.511831199836841,0.0698316872376099,224
2.445572342771916,0.1993260002871381,222
1.3155628944944648,0.21117537717486878,221
0.5584710171639564,0.06033628687546497,228
1.0289106000617978,0.029372569468588433,226
1.6721134175005334,0.015059701581111735,223
0.515795307705323,0.08500643988803235,225
0.9095727986979691,0.042254698670410304,230
1.2497911351421518,0.2601652158648482,227
0.8115181044461279,0.15200964373238407,229
1.9826553155816005,0.18804938929415954,234
1.526295149965403,0.08186969328321635,231
1.8846030717250022,0.22474230270849094,232
0.5181951376130676,0.11843410702583067,233
0.6903133043222163,0.04563277776515894,235
0.9249247266160259,0.08627443401162625,238
1.9797435219770219,0.026323385347701,237
1.0118625253529985,0.036124694414010894,236
0.9649030447785132,0.0057271840854931765,239
2.0465280252417957,0.12438683036636476,241
0.699864933731067,0.16342374506905308,242
1.3618727207110792,0.18051008690141637,240
2.4984332934473135,0.12241254250208683,243
1.8601510095479181,0.17343892265928657,246
1.7665082316552683,0.10483094224287415,245
2.3506823345118626,0.14044788610939907,247
2.452162112810866,0.11859399938328748,244
2.010115071358571,0.10216986175509268,250
2.4705600910038763,0.12354179652769869,249
1.5456940932418184,0.17388732760507386,251
1.2883425368398853,0.1555373407044333,248
0.5373498745534013,0.04226976879096585,253
1.453995722790513,0.07294843270296855,254
1.1457502873382261,0.21082074751866428,257
1.938993300602929,0.03682078338527258,252
1.6250024419772,0.15641390129747362,255
1.960280843606131,0.050834569725891024,258
0.626028369321612,0.05659612730265265,261
0.978748227614578,0.21212459058828334,256
1.4387343660219636,0.10642425284616969,262
1.3375850236222586,0.39675385767033156,265
1.895021357353626,0.16863129623105774,259
2.1237425418283356,0.07211880235608159,266
2.336801810002741,0.2069050500990779,260
1.395179512863347,0.07094921583326652,269
2.2409600161354906,0.07665108555714095,263
1.5649028479026728,0.17776419351120532,264
0.924715347013954,0.07481486892256199,273
1.7537712318041874,0.18800408154736237,270
0.5622293423462505,0.30053300586091014,267
1.9465612902533214,0.21341890442635206,277
0.7321103717416488,0.0630159097161909,274
0.8116635012994398,0.21334090417442148,268
2.3923975546787677,0.13153855061021327,271
1.5745986746948843,0.14268816112391094,281
1.6209495623858456,0.14377861134465128,278
2.2738964344956987,0.11064201845417793,272
2.1888014646840475,0.15616238950028702,285
1.5788476256212434,0.024559245070672697,275
1.2827137115232043,0.22828426544099442,282
0.7677524015836521,0.1644655115665089,289
1.3270471387982217,0.12806293853926456,279
1.0246078254446378,0.023633379362155083,276
1.094785057067334,0.1329133407359539,293
1.825229061279455,0.17069904228551683,286
2.016483307614238,0.027413692926408557,283
1.3031048535988945,0.15731687888220863,297
1.1134119419745683,0.034711059036536054,280
1.0311323877127863,0.05927706219385013,290
1.447280141654854,0.09638744454886815,301
2.2011185454641353,0.1767021511741459,284
1.7128692564824382,0.1250240121401475,287
2.33977057708881,0.10914464917269316,305
2.275557775177145,0.12378712235516723,294
0.5207011342359245,0.13604981321229867,291
1.7820957764119316,0.05446294857086148,288
1.0733768969168676,0.04440533868587554,309
0.9669349498216424,0.23588017788759183,295
1.8933971414769275,0.1255926751891666,313
0.7586896914967916,0.08092444969579243,298
2.196627506952,0.07443196464714312,292
1.5799423853618217,0.1134939009670193,299
1.190407141347343,0.09799763910284245,317
0.9298472862046607,0.07980392064504406,296
1.3996483392700343,0.2474470773227706,321
0.6537083526435541,0.14016153090260006,302
2.0413364162109318,0.14405109095409468,303
1.7920807610262905,0.14643286998479615,325
0.7691174007067818,0.1669702997654985,300
1.4574292521091567,0.26442189902131435,306
2.3597587801053685,0.16813884194244172,329
0.8897116820305653,0.10498138282267207,307
2.3617973823223366,0.11221183556511459,310
0.6957422396136894,0.1836462963000421,304
1.7518135744263608,0.2532552632198443,333
2.4709790671961276,0.10516163972721869,311
2.3936910023983407,0.03378762041439092,308
1.1606708378614845,0.07908874857942,337
1.2178454991903214,0.21033805639985906,314
1.851454287068745,0.10228608248371018,315
2.1678769388367645,0.10850857523518996,341
1.413886590017048,0.032748040715551575,312
0.774846737671689,0.20597635061527342,318
1.5661112184267378,0.047881874727290816,345
1.7286197910041428,0.11735089852084041,319
1.82301310577612,0.12183534616331211,316
2.267805428470914,0.2291986894613916,349
0.638089372721824,0.06679846214875429,323
0.5195399746973026,0.06219521451793342,320
1.8377960333996182,0.11642524124444423,353
0.6718232538187421,0.14772505542018347,322
2.453219603947459,0.03132370232816717,327
0.5799012065640781,0.08864941701348417,324
0.569968713393693,0.1370384792101522,357
1.5568165035297634,0.11220966707346157,326
1.2198166043977154,0.13129444641536067,361
1.7457649806992976,0.1726617159934795,331
1.0993188752885517,0.18315469180754926,328
1.958697870268547,0.1502394412108275,365
1.827711266292659,0.1318613516730228,330
2.028007383243433,0.1601810309449743,332
2.1138217798849372,0.06976949271796627,369
2.4305025460103273,0.16571011934831206,335
1.7849281766853367,0.17443416088093655,336
2.139174273889032,0.13678296849813612,334
1.6867215716418376,0.08312449133677541,373
1.4069357943370275,0.07447494737812098,339
2.1770098381571916,0.11439193708702139,340
1.4364986981603347,0.11214446545038281,377
2.2498933830939967,0.18652814266662954,338
1.3333405603078243,0.011118082896111115,344
2.241269861584944,0.1924910932487564,342
1.5149645298811254,0.06824266506256585,381
2.036562556452113,0.2172570346685622,343
2.1447281384920465,0.14388470256665686,348
0.8619256854061224,0.14697762333621117,385
2.257868370336963,0.22969241503692875,346
2.080090300634311,0.16057305314266473,347
0.9462939559351233,0.10403269903811037,389
1.858984769728383,0.08993165634994259,352
2.238608028096488,0.06426533386589055,350
0.8844300605576754,0.06858499575429435,393
2.473107083114303,0.25214089419668,351
1.9815034391091306,0.10601100677673723,356
1.282005483828028,0.27291960352126854,354
0.6949081137045319,0.20153880243652106,397
0.8499663394771675,0.038288214069869125,355
0.669720444015149,0.0906670344982376,360
1.9839307610759946,0.17439170415647873,401
0.9687327365242484,0.2249155251575175,358
0.6953863752314366,0.1509388938922368,359
0.869033289083468,0.04811738211760808,405
1.3365618267978856,0.0911687571998672,364
2.4709151240324507,0.05661236642979384,362
2.2490820904171365,0.16306498020868765,409
1.9906576626046428,0.0077979404259851705,368
0.619114710836181,0.18479206700904055,363
1.6531292226092706,0.14231220465000965,413
1.7541658131594242,0.09733465132050022,372
1.301105981683816,0.036912494829586896,366
1.8404385512927695,0.10298612360756006,417
1.7495523997043045,0.020941009272501688,367
1.3744791771301035,0.060709991768246346,376
2.4823775993617145,0.046472403837411004,421
1.8438958534668075,0.09311759261073282,370
2.1054109982043148,0.11621513850473675,371
2.383471924290646,0.08634789002132653,425
1.588409113493003,0.14602251544497866,374
2.036519340513954,0.15455318459657028,380
1.479649666881116,0.15523659477169352,429
1.0407864895463939,0.13349463504850734,375
0.587322800925945,0.03969583186907572,378
0.5911128929080423,0.18341738088089973,433
2.014773051515678,0.13296797823175685,384
0.5078805118179168,0.09532702622072876,379
2.4645381113019953,0.12929759881074873,437
2.1946560393235734,0.054255477852564404,382
1.1714110011418581,0.04621090066185871,388
1.8386935916029994,0.12093508164463795,441
1.4884559075090975,0.07180775221862867,386
0.9253633960921204,0.14000856925486665,383
2.1608261766372605,0.1558756232623324,445
2.4127810960377776,0.20229821237529838,392
1.9652221125307445,0.018928748152908053,387
0.6223946582337692,0.1072050938589349,390
1.757038329700685,0.16039546286608672,449
0.8072786946261128,0.09259951877443034,396
0.9064737674012766,0.19272554634001535,453
1.2773183079710169,0.07351245760674556,391
1.1207973016629034,0.04402871497176159,400
2.4849976259515327,0.1559401431529971,394
0.6073810954644914,0.014469365118168454,457
0.8220270895663362,0.06369510365262648,395
0.5961528625413117,0.14910235728378157,398
0.8740511090541252,0.10008959490915195,404
2.06114378295268,0.07653487051242448,461
0.8974477079616479,0.09033746654950188,408
1.930325396813395,0.169341524456414,402
1.102534375467405,0.23153976594477374,465
1.0841442877978096,0.02473738520335321,399
2.4563092039418715,0.22755530462736734,412
2.2265920502963983,0.20496782587203288,406
2.1816896082749593,0.08722382775723678,469
0.8010457617450388,0.08761532651375943,403
0.9821391734262197,0.23698105694579807,410
1.5682945175620762,0.19865296549326888,473
2.2055797822782894,0.08870340590026528,416
2.271777303326335,0.16882541720204824,407
1.2577578841482542,0.030315185519555084,414
1.6409947485542298,0.08489128934585342,477
1.947388057871771,0.16500955199971545,420
2.086011172581398,0.295244763447064,411
1.8406181158383013,0.12916886257114754,418
2.200884483363724,0.38124973476716456,424
1.7777826522206108,0.13239535941153752,481
1.5381124313185481,0.08974801247461386,415
1.4852348198959024,0.23738279787861735,422
1.4895000444839177,0.12210378288663307,485
2.2078545584209235,0.14716044660948255,428
1.9953763609543822,0.08657251579844599,426
1.157361899339656,0.07594369218094975,419
2.317464185932024,0.12320715582227384,489
2.064498958726521,0.1975048727866948,432
0.6783837313691519,0.1363470947423505,430
0.5671159487367303,0.19231781582589422,423
0.6052794080756261,0.06107025402400743,493
2.128425960761044,0.06840254336432926,436
0.8136741356757173,0.23522137792851094,434
0.8606531171080685,0.23638133559789148,427
1.4789952769230874,0.043519632525375634,497
2.4302418474609935,0.09549927972902963,440
2.4940781757620445,0.06322291399293598,438
2.3737732285676314,0.1250057300600697,431
0.5547668763947557,0.16384541397520283,501
1.996016149668608,0.11957024609754777,444
2.4941635232653105,0.1517623680003094,442
2.4701775750245245,0.10093290499793511,435
0.9828540936514816,0.09157712131892783,505
1.6733434741676902,0.23366471341928996,448
1.6490744941704738,0.11865337008058761,439
2.0246692282435976,0.0865731500372726,446
1.932380586985735,0.14700260277257635,452
2.2555762706924445,0.2422617619488114,509
1.280468973760779,0.1942965097479407,443
1.8560334369303844,0.1712839784888911,450
1.067864370374355,0.17357770102242928,456
0.6670975063376252,0.06661588201792486,513
0.8243642276392944,0.10100868962988646,460
1.8761521589876002,0.08762687668593916,454
1.2223295130805156,0.11268197460181098,447
1.9460103472952142,0.0633580166775906,464
2.411812019612528,0.11703362509931081,451
0.8130298379804861,0.14530323711271217,517
0.7658155369339092,0.17206426772017547,458
0.8212765734594518,0.15173135851338784,468
0.842652583016885,0.0874725238888468,455
1.6222578782804795,0.1747780008569978,472
0.5480644613376353,0.010064603766707975,521
0.6950394047907489,0.10533277885716562,462
1.0372962101538008,0.06529551925640434,476
1.3539653463617525,0.05129859874835853,459
1.0463967117274344,0.1075093277328276,525
2.0592558082227654,0.14968425210048075,480
2.350505586414017,0.16763035171200413,466
1.0473722585510317,0.16776725435980716,463
1.1824403228892908,0.3043930588722535,484
2.3631132347239956,0.051942524305075635,529
2.370989022143539,0.05809603498731563,467
2.1682595203419823,0.10152723294995943,470
1.6906893601274646,0.24224504722269058,533
1.703336719555005,0.16042010687061636,488
2.034572530702685,0.21455929471670238,471
0.9031775802556585,0.06976908831165675,474
1.832309449414833,0.10944252867254278,537
1.9670590782567494,0.12747394381971233,492
1.5727932019134603,0.18130592846010152,478
1.0983418680634418,0.10901150918954672,475
0.6240506490671527,0.031811617195224996,496
0.7727865804029246,0.1028556774826806,541
1.0818036372331832,0.25507036022338264,482
1.9570635032987014,0.1082094669278057,479
1.406558998587768,0.22908500248198194,545
0.9818175584488054,0.07448547032669794,500
1.0264226735033408,0.24823812109330837,486
1.2684849003065002,0.19512169171647048,549
1.8091584539870667,0.012798920578971593,483
2.0746102181325314,0.14114198386522062,504
0.8380889991851823,0.23059002836995202,490
1.2082069743969348,0.1560583580219976,553
1.6655245874721476,0.12371935675833529,508
0.9158596916785045,0.042716801776476486,494
2.0877157649346803,0.08869893466279345,487
2.0988169167006383,0.1787298312308533,557
1.8892154151704703,0.14197570785621813,512
0.5043890188302764,0.08284903404228207,561
1.1051324853787179,0.07193769482526123,498
1.4655026784762388,0.1355383547033572,491
2.340851578299051,0.2705967670893004,565
0.6092242091965945,0.04488394144733321,516
1.2436869537261215,0.04509626591786756,495
0.9167979054689481,0.1400556143017507,502
0.7507645270856718,0.03998465854781743,569
2.389692490186915,0.04285798137005069,520
0.8401902375786772,0.06785211370389464,506
2.4064583055437296,0.18216703937698805,573
1.0909494287342114,0.11645339729918364,499
0.825436309851203,0.24649729752278537,524
0.5998458720779261,0.09506310047944187,577
1.6597898400142856,0.15869696890215226,503
1.800986477520814,0.1460489283302028,510
2.3838550732285055,0.14478563740958938,581
0.9709267548845497,0.12759760689332172,528
1.4249524677697245,0.11132476970030217,514
0.7598741062003611,0.09915273409398169,507
0.903202318249307,0.09008299265070696,585
2.2796504931040182,0.1122785639902426,532
2.350092013350854,0.11471085875484775,518
0.5745703777496591,0.2084479509615716,589
1.329853098114089,0.12421485432820034,511
1.5601207635584866,0.035467905666508766,522
1.7965225636027478,0.16159055935050426,593
0.8209758061037071,0.09603275222459012,536
0.60449726332481,0.25753124608385825,526
1.432352277470112,0.1653282855294205,515
0.6331805067925769,0.08712232659358934,597
2.3479209931679765,0.16936272914978895,530
1.1290384130144475,0.021395894603719393,519
1.7840641225828515,0.06652292195844738,601
2.208709350621231,0.07044981637193858,540
2.336019454140002,0.1521696842630538,534
0.7158328141286254,0.13669454934465827,605
1.206606338938532,0.11043787072067807,523
1.544668773582248,0.17593036648420465,538
2.0383639452103615,0.201492331978998,544
2.049212034336798,0.06356916090463549,609
2.1961415682224343,0.20009045716409246,542
1.882262110803268,0.1086461306215471,527
1.194871625094076,0.06540319783473317,613
0.8188801928629497,0.18749452563065375,548
1.1224413606845969,0.12094704778371841,546
0.9930323232009648,0.08602722298649382,531
0.9305232194414743,0.024335138170715642,617
0.6363983827223221,0.0326646418586079,552
1.3795846534790939,0.10351464278657901,550
2.0927434462788477,0.13564508476781575,621
0.9953619603566488,0.301694008859023,535
1.218015193802564,0.07705032450540944,556
1.0504896981263414,0.07358363260091301,625
2.1196311148175377,0.18028271530485496,554
0.8451980148944116,0.133013697155471,539
1.3249257382839648,0.1850470349722827,560
0.9412711388242487,0.1610762506077965,629
0.6365846943771483,0.04430830392086652,543
1.8811933241182792,0.13829409777827115,558
2.212256243776171,0.037761937432578926,564
1.193671446673139,0.16283900023703177,633
1.9959581849582715,0.32262845102825105,562
1.8813568189499348,0.17736113915845292,547
2.0155867302733483,0.054245914737654555,637
1.8467740565319584,0.17333007875526105,568
1.7727589188975725,0.09516897788546382,641
1.0391390050830496,0.06956439228966214,566
0.5127284963623708,0.1461088894387165,551
1.6775322887755297,0.21527484504709943,572
2.4382137026986963,0.20457900289612715,645
0.7758760020111897,0.1793955737551466,570
1.7490937890302312,0.11993020798041894,555
2.0678543580636015,0.17035645032276778,649
0.9538579059510142,0.026682649625682564,574
2.143448374472505,0.17022033259485078,576
0.8521466801161175,0.2124373013059787,653
2.108711829237473,0.2418393069785049,559
0.6249521502792821,0.09135407880905627,578
1.8962309527757293,0.09814138794625321,657
2.0539602860954487,0.16605547404085486,563
2.0399808317852592,0.11571568086022266,580
0.9149443160621675,0.1341133070147986,661
2.3210558381008903,0.21453479651159446,582
2.205271679678411,0.08091032565605297,584
1.5207670176858494,0.07520702679139572,665
0.9023274469963121,0.08902364697127774,567
1.193258953152183,0.08049493501928401,586
1.5526815588859073,0.10655394187531789,669
1.562626728028059,0.20170304267250205,588
1.916033842298911,0.22403355333369543,571
1.2530305266368411,0.1580975277357161,590
0.5747719667564011,0.15676701937367318,673
2.4868677479600723,0.2677446675278893,592
2.426391941124416,0.265728292949474,575
2.196454815781676,0.13855838397653578,594
2.450577841664055,0.13280787300912994,677
1.570394933423562,0.06667825206480073,596
2.152757079368805,0.19826707221880088,579
2.362622022417243,0.16390806289056906,681
2.3824096079060846,0.14073071613526478,598
0.9612336564520816,0.18434757125718515,600
0.7477851545296332,0.050833373845672464,602
2.1204382474519496,0.375229847130811,583
2.366455141793576,0.1161170099754743,685
0.547508561912015,0.2712703847913698,604
1.6925954292300747,0.23345494038204057,587
1.543732771710741,0.15590559421537256,689
1.929898887262317,0.16304078792623755,606
2.3569112946214776,0.0719461991071237,591
1.5276990201275111,0.15616514368663922,608
1.636308755867479,0.11135661629268619,693
0.578522966781541,0.09998910105671828,610
1.2276602014573081,0.13262246451459297,595
0.7249005718418793,0.16203769504349474,612
0.7722069261946152,0.14163358082646513,697
0.8686448094090238,0.068150424515343,599
2.223457029951244,0.06987406171452133,614
0.9484066080914584,0.04353334420113347,616
1.1602409351299714,0.0663617662356574,701
2.0211563595166337,0.12904295748187106,603
2.2282388166434473,0.1545912531449276,618
1.9247171248707755,0.12452938074498676,620
1.635932027373801,0.07686482297147701,705
0.6858040041955689,0.1702393278757615,607
0.6402141886263921,0.16446349865472326,622
0.5774394405774856,0.17512341294917466,709
2.2574381415751246,0.09769384060931,624
2.490900531908905,0.01565744115093959,611
0.9679122633375687,0.05117767676504468,626
2.43509215773265,0.16296810495531389,713
2.255846112038241,0.031073500400245924,628
0.5888492051526564,0.09436484735834305,615
0.7626961409851738,0.20526736942738438,630
0.7283864067328196,0.27333915176418067,717
2.335831730044652,0.028024973375100532,632
0.6976118769617476,0.1400631408493834,634
0.996106468931041,0.1189808920173222,721
0.9117618832670034,0.11393996549997938,619
1.4372627847735975,0.15372356038618595,636
0.693941710151819,0.13758272976550676,638
0.7759697361608815,0.12790107077035534,725
1.7452189632847253,0.16167661671396905,623
1.8748297449512807,0.09016894651923833,640
0.948326924580505,0.2175801297969777,642
1.8433948668846538,0.03414023140548895,729
2.297332321142684,0.22357659583384648,644
0.9449302841514222,0.08662345972905217,627
0.8035806970989581,0.17079741361743783,646
1.944108924363671,0.17831990487395097,648
1.3160299376074294,0.14803628993989656,631
2.1734484972533656,0.07187949973669609,650
1.6128624279939645,0.10750806459352574,733
0.5321491907886642,0.1314539193600111,652
2.1553620404714104,0.048507659811909555,635
0.8179334163987311,0.2702105585322999,654
1.0972949058526802,0.11337768553020984,656
0.5384665261653871,0.0019000268270678176,737
0.619238348533248,0.16308139692014517,639
1.1363495324637227,0.14495696771795236,658
0.6216093564494216,0.033546932542631656,660
2.1188252120359965,0.08681733392364721,741
2.3452653879154024,0.16504605817172333,643
2.435895767301388,0.07988049383086732,662
2.434732578672427,0.08409987223919542,664
1.0269340156455613,0.07346498915836693,745
1.127103842105978,0.13105550532659102,666
0.5529585091459857,0.15657722353022843,668
1.342004119087347,0.04139841523166364,647
2.3410160549443395,0.05197961080880922,749
0.6633979313513128,0.10453145930379631,670
2.0989974260359467,0.1613259219079163,672
2.1765958037253585,0.0753527940619222,651
1.320397203238303,0.0688259132293461,753
1.839268708455458,0.12535781222845307,674
1.9969379781453418,0.10329066257295645,676
1.2515776279332422,0.034513725372644605,757
2.0214904900046924,0.17708837232704988,655
1.2453715224487445,0.10123772246066765,680
1.3436928903969727,0.06054987527009414,761
0.8454893475869425,0.22836721948710703,678
1.743343180930709,0.15487726866157478,659
2.2721207586473655,0.15847439809448194,684
2.2817635753680836,0.09674148874167475,663
0.5736029899440238,0.03786723602566339,765
1.1224365037997983,0.10936092062389113,682
1.8115399825878997,0.07576312567181857,688
1.9560894570133702,0.06429972572612884,769
1.117365383321808,0.24779747862606297,686
1.7308004883821657,0.08141662447554965,667
1.8991817637942605,0.11736221843970818,692
1.2580811163293273,0.13968568861133948,690
1.8011179824719925,0.08565327702681166,671
1.0853181773576543,0.10986283520485154,773
0.8388432785796645,0.07222127282502461,696
1.4250276972209093,0.10831471950872672,694
2.258611412950509,0.18856671419496096,675
2.358093095324242,0.058575112808274654,777
1.657088431785791,0.03425805587869585,700
0.5188027010992171,0.07970133977088396,698
1.0519941721030166,0.15267909635057064,679
2.427514631508919,0.22504804407693918,781
0.6795892996167803,0.07648749984647384,704
1.4180156310308079,0.11422983913042817,702
1.900113620732317,0.1472936010017539,785
1.741725938908013,0.06624179280376373,708
1.5206790655693851,0.24281608517247602,683
2.352408649213403,0.1227904750861933,706
1.319147687535323,0.3251753086492459,789
0.7541512238720567,0.13058218219964687,712
0.5410552243932629,0.18215955070717577,710
1.984069061519143,0.17427230958130352,687
0.6294494401171244,0.08995347151247349,793
2.446117724144656,0.044871933813630215,714
1.8925582547908908,0.20796806879391308,716
0.7911093744207112,0.04401245370877482,691
0.6687263750785246,0.16805952273589508,718
2.260271701038042,0.1036780188421726,797
1.3351620236499702,0.2030816145359564,720
1.8878401057695289,0.19083428897611232,722
0.8984796427445116,0.03801917616953233,724
2.2353749430054903,0.15300188355131314,726
0.8759970011399363,0.27553046578882084,695
0.5055844031634871,0.10205167995738325,730
1.6233807237593099,0.055101842129913974,728
1.7059143763991103,0.14034360950181432,699
1.1419444655772533,0.06401996874202678,734
1.884342827673528,0.09385176220566821,732
1.6034725006167165,0.15905149500479296,703
0.9113888180019118,0.15444581429827642,736
1.2573087091434876,0.12810877189475775,738
1.909835921842192,0.0996570530752875,707
1.432828302178825,0.21241506153990614,740
1.1403925815732638,0.04152052434218736,742
2.4535906563927368,0.15791964412005985,711
0.7573849562786628,0.08185240734765623,744
1.773329875849622,0.05097848935569175,746
2.4129911783398574,0.16097491042611936,715
0.7921030897929915,0.05112527077634758,748
1.8423521955850848,0.10137186807954049,750
0.6072002374240293,0.1871326861509109,719
1.6278621739937944,0.06696985141260607,752
0.8501312480758976,0.05236634374721915,754
0.8773838961130211,0.09566500282170422,723
1.0605481244597685,0.11731854310490052,756
0.524617818845724,0.12736823665301256,758
1.740953994019374,0.056618843704146674,760
2.2785156280204575,0.15662938018355255,727
0.8564651502036746,0.15375398774327542,764
2.02197839671209,0.17658817299440116,731
2.33078752358721,0.11266372713580153,768
0.6026035801615763,0.07723051274819857,735
1.4671379317922517,0.10455676271505177,772
2.0802928928041586,0.01566748317397101,739
0.5015572701449913,0.063932146905924,776
0.6213478820410161,0.24955281664620552,743
0.921510457969112,0.10806339887145924,762
2.3477690682331827,0.19533915353775974,747
0.8598655703281735,0.17895213131150864,780
1.1995001241623908,0.22089419662513476,766
2.305379276801858,0.020862687739055016,751
1.0378412581785277,0.2945344854258924,784
0.5162505247694034,0.11262201035298969,770
0.8791460189976004,0.14556227783003883,755
0.5912457260636503,0.08650130091307101,788
1.6410344135846835,0.1411583613779403,774
2.259796951280234,0.22465679367105987,759
1.571674013069425,0.27405326007212166,792
1.6098190436436575,0.029506207434745958,778
1.2416101444466079,0.12026579323467007,763
1.8305409000136272,0.11050814993981939,796
2.027212136342621,0.08238616509056595,782
2.379671965622607,0.07065804143881954,767
1.5071664684324855,0.14731588600581222,771
1.8294295974911428,0.09937415528595488,775
1.5623662890214889,0.08640474357377201,779
1.8493557612554576,0.18779258383386083,783
1.5157819766284653,0.1653967443094373,786
0.5702932906639055,0.16699067417915467,787
0.859583768843794,0.042855361257554125,790
0.691107957276847,0.1362349535071929,791
1.761150429883798,0.20167370768579884,794
1.8462563956739864,0.16961678948732622,795
2.471468003386128,0.0409410923341055,798
1.8393854702133263,0.24864180520590284,799
