1.550592776559088,0.2528446568908462,2
0.7744808865094176,0.06468608214164258,0
1.5521836941799172,0.11347329509999388,1
0.7107913861896794,0.1115551801132102,3
0.7203353406665839,0.023803173445109297,4
0.6754970394541863,0.14650975736039204,7
1.8593438503477948,0.1854537784834373,5
1.732457265028278,0.06407355267598495,6
1.7308565760631034,0.0528196774929077,8
0.7896152700440453,0.16712456561202585,11
1.8034512133932734,0.07742049940192326,9
1.835864777813337,0.13252445100428906,10
1.9725627236491703,0.08636478181258425,12
1.4437338614315058,0.048325441643936845,15
1.942428413374194,0.17612472667271448,13
1.9126703081336396,0.08195329597574069,14
1.359103513193847,0.15395439880413916,16
1.7930081109613782,0.15495908426446497,17
1.5519829261177869,0.12367358985817248,19
0.6007738477842879,0.02215243973941495,18
1.6867655602224056,0.06912749624246844,20
0.6430898252693824,0.07737746465251719,21
1.782154058480982,0.0780957197936675,23
1.3869698317377,0.13364016142720833,22
1.669584924849855,0.07097069178861463,24
1.5250328438551057,0.25214509134383606,25
1.437890448285724,0.0784239938783102,27
1.892892198406193,0.2788553960350588,26
1.5976148418250773,0.20403094792654466,28
1.7357453888754015,0.08869031014974925,29
0.7300312499079364,0.009366681864653136,31
1.5463060769657508,0.06875439520705977,30
0.6521998134129082,0.10829186325466987,32
1.5251118743878473,0.13458823854796134,35
1.6111731943223295,0.09511089904079824,33
1.6224548549324467,0.07198048564028818,34
0.6006212782057835,0.06915297254533397,36
1.4256853398250189,0.1146032385993294,39
1.8656115587579474,0.1355750979923902,37
1.8114794600028772,0.08440041125753044,38
0.6377906130922868,0.2036434718503579,40
1.530802185367181,0.07670026278983211,43
0.7678309967884772,0.11056666858782412,41
1.6344516467975416,0.11357119078360918,42
1.7888104449215967,0.07360680315972465,44
1.7696829463174124,0.212587710319659,47
0.6549255398309743,0.15850954096842457,45
1.8749914194237665,0.12313737022845278,46
1.3608336621073285,0.09304620253103245,51
1.9321142911408473,0.0654391035504872,48
1.5856395508657486,0.09156661319167131,49
1.6740734610122967,0.2026297368501307,50
1.5465256566109424,0.13119889979586205,55
1.8355614329294831,0.1583048011052588,52
1.7604533176175208,0.17696789916095254,53
0.750228779487796,0.1323043901745104,54
1.8873499069554303,0.15682683129466446,59
0.6026720490258345,0.2573907563137277,56
1.4015045000972841,0.11715021157734351,57
1.926638226998885,0.0381499552613095,58
1.8766514903216813,0.13548958906742342,63
1.4096081725527594,0.14691097982649648,60
1.9549125964028111,0.06243110415466874,61
0.7932745658479052,0.16831211541949395,67
0.6393465492781355,0.11468714894079697,62
0.7350764528445732,0.19769037598490846,64
1.4412285040874742,0.017744718946157024,65
1.419734311600335,0.21456058351260512,71
0.7573025652352716,0.19493685637460506,66
1.630482991677346,0.18059193695823733,68
0.7435338444978125,0.12460994759906863,69
1.5477480893165203,0.09385624218521355,75
1.4371542310339447,0.06351399978043924,70
0.7710398714651565,0.12555759813585196,72
1.7010033082382947,0.08558279717446576,73
1.387041358544059,0.0668543519563141,79
1.375577981595225,0.02988945729139479,74
1.6651046805815106,0.20342233351667738,76
1.937001524283081,0.16776457385660204,77
0.800103626631045,0.08428240027254937,83
1.7181504500336364,0.06839482483267703,78
1.8200066678611568,0.15790271715791515,80
1.6970326154399762,0.18334170284559542,81
1.5522229447245353,0.1316672267581863,87
1.8288177484377202,0.09897426669859866,82
1.5187556464571568,0.07699047858518197,84
1.6114876623115197,0.22998519057167127,85
0.6494882189098155,0.06882045222089404,91
1.739562440293676,0.08580499467834816,86
0.6291748746779364,0.2140680225137487,88
1.448807191349236,0.04178762160588485,89
1.8893203699039438,0.10979890220263572,95
0.7963800996667851,0.15969008462065556,90
1.3953842321401844,0.014778711951666565,92
1.5233166648784324,0.1483599468275503,93
1.8929978123367284,0.1661184635212996,99
0.6012815499413613,0.11346980925844702,94
0.6235936457670309,0.08747351018186533,96
1.4521504384313286,0.11953717637167181,97
1.7509850854882183,0.13698795902313055,103
0.624976534242685,0.26673347258984476,98
0.7068660765989501,0.10348137281259467,100
1.6158737693416578,0.009363726960899026,101
0.7130175684031499,0.1853885694676929,107
1.7175368436519725,0.1228464914593958,102
1.536210573365143,0.07385723296773576,104
1.6012375133223202,0.1623110644448572,105
1.9058781339035489,0.1291112373598213,111
1.7736621580297007,0.17249673056688156,106
0.6063065556878336,0.12322655715084863,108
0.7398196872083092,0.0719051845434758,109
0.6038530627732445,0.3316026637229914,115
0.6072247071322892,0.05648102433948781,110
0.6989790905872589,0.061859165533971076,112
1.7365142630290473,0.10940500531967462,113
1.3989581191804117,0.053712845806435996,119
0.7032840356415823,0.13684094436070562,114
1.930311372539315,0.061255049015854206,116
1.6960039597840415,0.14253264839910607,117
0.7164551375809354,0.13865379234150813,123
1.7480593068677361,0.09980512130710563,118
1.9680674202867592,0.08865070654573692,120
1.4329965002526717,0.05493301191590738,121
0.6420987763560769,0.09759349376599515,127
1.642972859186845,0.1650965225117624,122
0.7034296025351899,0.12043603830399047,124
1.9229402651054324,0.164393490629352,125
1.576356664438556,0.07915387412316695,131
1.7213434971722015,0.022675094413693822,126
1.832820868448389,0.015306892894092134,128
1.9243134832354827,0.12535518004553345,129
1.8420009037626488,0.15536027942848538,135
1.8759080051565977,0.12552430244632604,130
1.4428514043357419,0.03121235232398259,132
1.3969832357346084,0.05668531294007471,133
1.9121796841111738,0.05360529116366271,139
0.7202343469825414,0.029159343448226446,134
0.7132353535287795,0.019653863183060574,136
0.6988998315263576,0.2027912279458847,137
0.7197731021566628,0.2619185242568446,143
1.5279551221976233,0.12192266122468579,138
1.9776016235443197,0.04339574736881521,140
1.3850878189573157,0.14917620631766979,141
1.8779848063248945,0.036302715713022224,147
1.8851219892149378,0.2367110053326838,142
1.9691222543629512,0.17055130853889744,144
1.7218727954445923,0.2519609261635698,145
1.5961024782800546,0.11108075921179,151
1.6876813528324242,0.15914162030835785,146
0.7935954142922608,0.09877792340872987,148
0.783157486165183,0.1063671575684831,149
1.5466839143211786,0.03076917812516504,155
1.5849712704282661,0.061831651424793334,150
1.9406265607037707,0.13192848462889584,152
0.8069091049330189,0.11035258438123441,153
1.720537108238816,0.06940376551253717,159
1.772986765009066,0.14338887223407923,154
1.9779363387505402,0.08037324111127063,156
1.5982522251357534,0.15615217543988316,157
1.9321189887866237,0.3069848138052293,163
1.7909760206450267,0.06769344910459317,158
0.6265285803450491,0.17894791945346006,160
1.448252582892277,0.16871035381136423,161
1.5483819557899852,0.10628376736925574,167
1.9908600971929127,0.25656222091631226,162
0.6890600116719828,0.04162704370091245,164
0.6469899620654527,0.07769014835236532,171
1.456731743257857,0.011872472097235824,165
0.6593999495792511,0.11596876254234277,166
0.7820739075327275,0.1341505036407995,168
1.8515227122035594,0.1752894797989194,175
0.680841345702923,0.17808184956504156,169
1.6694565959612935,0.05490785447147576,170
1.6471736606241625,0.12500425309860688,172
1.9033706397864742,0.2887242597905806,179
0.7220199626449023,0.10053588808684165,173
1.5973023892675313,0.13732733272518458,174
1.7199282132125957,0.07702615563091103,176
1.549904834848146,0.10707890762981156,183
1.4087623404050214,0.10758661198099971,177
1.5153959689902552,0.20745279697228347,178
1.9136726935459003,0.07403005037315752,180
0.6050958911979089,0.10042604131717532,187
0.6736869788195364,0.11335862281983163,181
1.5578186887200296,0.07498130550917687,182
0.7099339215871816,0.1638683506658609,184
0.7923189418131784,0.20502044068227857,191
1.9102662419314878,0.2283070352816258,185
0.617873855196305,0.10510383728962802,186
0.7409467047908026,0.16190075908448864,188
0.6130804925211096,0.1892461080865808,195
1.486434566208815,0.06336734482556221,189
1.687150750126853,0.2130097373345452,190
1.8381048558950974,0.030623444093080005,192
1.5733469390351227,0.13896013472923804,199
0.6257452125676626,0.07931006728600748,193
1.9292114837685372,0.08063410109927384,194
0.7540188993861708,0.10879711605732792,196
1.6972986676202646,0.10534896884510861,203
1.48361020122837,0.09869436798762464,197
0.7231616884185159,0.13756405893523035,198
1.9791153672413135,0.04774805240310381,200
0.7180033964480556,0.06669339978187352,207
1.8284510201210362,0.13734764184028353,201
1.4001925237576989,0.14452122131040432,202
1.8954304862054019,0.16126864159480173,204
1.7944806230887342,0.016612699384476775,211
0.6502082543562798,0.220196029678058,205
0.7018361851373669,0.22516377406637034,206
0.6103374525503649,0.040754498877169774,208
1.4065928940651025,0.031023448671809076,215
1.359841633781773,0.1374686280672923,209
0.6372753514922435,0.14805734654300234,210
1.8229262300797848,0.2362771731215474,212
0.6063684015696154,0.18770551712152087,219
0.6636071262858889,0.04611502133294365,213
1.8995908611688652,0.21678602822505058,214
1.5011628388600313,0.1246820917258904,216
1.3839004686367178,0.2619979489289817,223
1.4581395766695155,0.0521043927519811,217
1.4444459035485213,0.19589132110869792,218
1.838237166780834,0.19416167348962543,220
1.636977756201676,0.13875371699798142,227
1.702632505488939,0.08888057124935098,221
1.4933392402924457,0.07479899703198592,222
0.6065251771351408,0.04744166974793634,224
1.8122868483823542,0.24272121588207343,231
1.4037844889720867,0.2533735854877409,225
0.7291185696898431,0.26207527455354246,226
1.544069238407692,0.30265992204564685,228
1.699582628429644,0.055207919425407495,235
1.9775758168637676,0.06081171000478667,229
1.471873862740483,0.14978094295545813,230
1.8908948303791016,0.1948821580052779,232
0.8048610471898459,0.03534116972576638,239
1.7153027762314295,0.1693388730954587,233
1.7475333119833913,0.16701786399944465,234
1.8723186731858936,0.016902539505101673,236
1.4711187576776876,0.08602675131619014,243
0.6020811788646103,0.15408226663018476,237
1.7315441001759957,0.056012843185962474,238
1.8420581783489294,0.071239167303176,240
1.9357075326777626,0.2515852081025624,247
1.6580407027634463,0.09531559505709947,241
1.8422058881867642,0.1554671789597746,242
1.7498329146572766,0.06262371140527055,244
1.550854361344339,0.17937041410088447,251
0.7335270734560556,0.08320729660951269,245
1.378595292048751,0.020988619974167712,246
1.5499655142415465,0.1376609211809981,248
1.8762668592143166,0.06901191411727607,255
1.4032483516521577,0.06255161145702662,249
0.7542541680991506,0.14712317530218574,250
0.6045186108899078,0.05231919642076375,252
1.4247555588529437,0.04911732964894235,259
1.7159392337482091,0.14417373071722747,253
1.3560300549288047,0.0706744335292762,254
1.9128011204680186,0.09582776033712741,256
1.955905348161258,0.1911560586963434,263
1.7908298255989945,0.05650674406710482,257
0.6646139781449046,0.16474122657660786,258
1.354316098602937,0.2552483125991055,260
1.8459381972869848,0.04649957660818904,267
0.7624956062875268,0.13564890521655357,261
1.8416187860838522,0.20427232165509368,262
0.7415319214867956,0.23102125897690284,264
1.8102512290910762,0.05294252920391937,271
0.7158076997062338,0.07760675117203596,265
0.70504039683285,0.03346776013594233,266
1.886955097912313,0.013342213228298158,268
1.964317954913649,0.03139038178718793,275
1.4040247785115683,0.024851976289106167,269
0.6087594317159386,0.1254680325207743,270
1.9548996441504773,0.10232436841902631,272
0.6315733709077549,0.06897841955860248,279
1.4777139712250535,0.06282185620280689,273
1.7198040685430633,0.3450404152102797,276
1.6550108557770662,0.07708178025068141,274
1.8911368461907465,0.12194953173388634,283
0.612053915565161,0.11354065767761323,277
1.9633878354705878,0.07120108058560563,280
1.4014892130710057,0.18495691525761823,278
1.5237274453772112,0.11490365886008039,287
1.403337166994758,0.10915865746020666,281
1.962244803121457,0.024027965680205075,284
1.3656163114843936,0.13359056017294055,282
1.3878176523064418,0.1809832411923172,291
1.7490557823903374,0.17662593636834364,285
1.9941978914130685,0.1633366766973059,288
1.3823034680631854,0.20400637440488498,286
1.4979030812476657,0.1266290793681171,295
1.4009181969198488,0.15452669437851624,289
0.6827744037471338,0.05832181745176906,292
1.8247436278003768,0.0797007895502434,290
1.6009522383798753,0.04383820708963202,299
1.5157225088543005,0.21551918070245257,293
1.905548227496868,0.023294707199511502,296
1.67223764019506,0.3072621393880307,294
1.5853685247625302,0.16165704393212224,297
1.3554644395048252,0.02713372845453122,298
