0.12156404427772426,0.12269577583089511,4
1.4730057058804873,0.2001060073833637,0
1.717298276218709,0.14763691079810376,5
1.4471971322620854,0.20215839338143554,6
1.7704428993402055,0.10332568595292119,2
1.6148945436203124,0.11601621269470049,12
1.2651047348270161,0.0670335633007335,7
0.16629358433163954,0.1624072739208041,1
1.6339919032244004,0.1590867074202637,3
1.0438130917534139,0.1286647903199532,8
1.2419419366389133,0.1419450195732947,10
0.0871737946553338,0.15255467721629415,14
0.14670864581345983,0.10654977933827517,20
0.9519257716546684,0.0701946066450535,13
1.7290825238843854,0.05682290432761941,15
1.765354289680622,0.09145129871580616,9
1.7643600482107606,0.0456290032841985,18
1.4925461173970243,0.18522762074915441,16
1.2632033773719764,0.02688410675865349,22
0.3302635507945005,0.27392647382043966,11
0.9015084356901505,0.06872143072203235,28
1.8125622450979966,0.0744540377183416,23
0.11641284177641899,0.039811465655802354,26
1.3954505674208912,0.10925920800032542,21
0.6996032921007177,0.06135098843063014,17
0.3015022350086396,0.3033357710581184,24
1.5492626295253653,0.2648633996502995,19
1.2917188773768236,0.26379486713590017,30
1.434412557499885,0.15976500082914208,31
0.9983982909924917,0.05717824850263034,34
1.2175552251159485,0.10168329175218686,36
1.7837736151575179,0.15789714035848948,29
0.09673870951123041,0.19220549640817042,27
0.2387108952418707,0.20034564079009812,39
0.8558270164930812,0.0631388712767032,38
0.1532332732653953,0.05200374085500999,25
0.2090434458319167,0.23913369686099395,32
0.6971867492735446,0.1412758632505632,44
1.7883368457704032,0.03510393163724483,35
0.6715583842396772,0.22224553393826768,47
0.9060174584997851,0.26031519750075993,37
1.358585463233868,0.20499551162795834,42
1.4832680077619156,0.21545206030540787,33
1.0124264445150823,0.29187342125073296,46
1.5452052070371647,0.19283253171673498,43
1.1772704507113716,0.15680434458973644,40
0.6083700420608942,0.2079070593202751,52
0.2884640137772723,0.28908319437580343,55
1.0801762672084825,0.3789605420742388,45
0.5004671613534283,0.23511353485051076,41
1.6935870621088183,0.13760042156278204,54
1.5084174880492358,0.19121105904822683,63
0.13397906767129117,0.14113798090638302,51
0.5182171302411595,0.08793887159859826,53
1.6254013545112476,0.11373024205145958,60
1.7990598805428555,0.1821748904637909,49
0.7715800954856106,0.07709346580283923,50
1.6854900690702308,0.09893751938158175,48
1.1565756980330093,0.2462563464395778,62
0.7135238921589871,0.13181313455281893,71
0.2852295770592476,0.07647527283758586,59
1.4014245281679534,0.1850023098887244,61
1.1138708442086929,0.2318250877359882,57
1.5147732247321812,0.029035507341942598,68
1.8937121289372743,0.08316841637676788,70
0.4720209896003518,0.09631741025653777,58
1.074286633973429,0.07464910896682059,56
1.4528776167415434,0.06673333511746068,79
0.4261354106082552,0.08762049555415474,67
0.31785293213106197,0.17041562347554426,69
1.4028065926618625,0.10134169639703908,76
1.3531326443797613,0.07114872626695405,78
1.4869114005234219,0.06654213061296416,66
1.5147867591784756,0.16330845939762653,65
0.610298110650017,0.019961702262132335,87
0.6627053935041437,0.07817628678344672,64
1.180512211366232,0.10565462862837885,75
1.210297811208225,0.17148100058119703,77
0.6424536816559977,0.128139134045539,84
1.1304551755168373,0.20959188872620638,74
1.3140490704528929,0.12382592640018587,86
0.5124601788203887,0.06879329983481933,95
1.286971744249818,0.15212185594849237,73
1.7956592092178858,0.11726211503672984,72
0.6351978736170575,0.03482557270159332,85
1.0979880129766697,0.16240134804240436,83
0.31536576460612564,0.09396336909091618,92
0.3928365455303106,0.13759742250860632,82
1.6461218590660014,0.06741796664707647,94
0.5586879701152251,0.1685289596057301,103
1.5558458945403657,0.1527522395819891,81
1.7719264063923283,0.19467304590946885,93
1.0733467215780002,0.17702994197204017,80
0.10930954574860677,0.11827099289815161,102
0.8208967419220766,0.09620489605418237,91
1.4257799193251435,0.05638683677672626,100
1.718353195585912,0.10329849689691258,90
1.761177162187562,0.14813708151653857,89
0.19772670070165524,0.23454201201189806,101
0.2481428319012091,0.1336247003298579,111
0.9803171292093508,0.017803718798344022,110
0.6254318560430369,0.09351271939007588,88
1.4520450066591999,0.08439465964127604,99
0.6529552976418921,0.20057894715061947,98
0.9840649897603305,0.3134949084104476,108
0.24352929209893223,0.04175182991872553,97
0.8013308520606361,0.22782619243043647,109
1.3374467855435976,0.12303185638379548,119
1.1400550701106025,0.1771373132299243,96
1.6696786272558275,0.171599022257622,118
0.7574879874637328,0.12701280957269823,106
0.5523571782124037,0.11307136124788594,107
0.899823030103395,0.12269286490229915,116
1.525678547029593,0.17353718953151986,105
1.6164863368032927,0.10699505922853081,117
0.8110729747748898,0.2424878323412428,127
0.5232387755101314,0.1492778343341945,104
1.8707956110909634,0.07231431821975053,126
1.4018779728332273,0.11087471542022674,114
0.7624466882211504,0.05685019740478416,115
1.5361491716705769,0.061414669887325336,124
0.8830805554142865,0.0705031139913432,113
0.3115211578595459,0.05176603290045175,125
1.2906685953596664,0.08394567662069619,112
1.588771294147299,0.01779732262149713,135
0.7963955426564348,0.0673810976755735,134
1.5015545246358806,0.0732116692353752,123
1.8531612918004055,0.09288570066426868,122
0.6253232698780762,0.054867134004666744,132
0.8149532659709232,0.12274995762482241,121
1.0073714913425547,0.05394549853035995,120
1.1166290051132788,0.15984023272864822,133
1.21833555150202,0.16398775709424018,143
1.0890719164604865,0.04285654325203417,142
1.653672599586843,0.09978642627977168,130
0.9668434230063969,0.2365707394915305,131
1.1419594001382325,0.12177750493773469,140
1.8174863019319976,0.19051038152785893,128
0.5988663247938132,0.19235840934966683,129
1.1488097567332651,0.09790897103748221,141
1.51492717692688,0.217756283006203,151
0.23469418410302473,0.18975433422149426,150
0.6930516914481074,0.1995101133116587,139
0.15436047487272608,0.1525167533207898,148
0.1254573168766819,0.20627492858520508,138
1.6929568399159511,0.13953763941878272,136
1.721710832777609,0.1291179578692372,149
1.2071047044869996,0.06612461122188652,159
0.7792259389251028,0.045992781250335284,158
0.9453136403194627,0.27045618063580373,137
0.5428157874506739,0.13623418221771985,147
1.3702223538902214,0.24098870559876523,146
1.2817108021631565,0.10782056112059782,157
1.2631625754353115,0.06859022430038622,156
1.5803594178683809,0.08108480219727504,167
0.3859283553098487,0.10441934580639352,166
0.1309770583195222,0.15833646735558618,144
0.8481570853347756,0.014218640084612124,145
1.0673641465162553,0.12736078326792186,155
1.951693630682854,0.21750440522409184,165
1.6927900880485318,0.04097392406858782,154
0.45859687049667514,0.15369664224464305,164
0.6003513337767623,0.10846074794138803,175
1.1112926795419302,0.08728749251761582,152
1.833178892464564,0.21224938741519467,163
0.34335183923517626,0.15180816150148146,174
1.3190092272910652,0.10609588704016888,172
1.2214059403348212,0.07990341796334219,173
0.5106890456576029,0.10392968988262345,153
0.8927704645939272,0.12872670157164698,162
1.5869724871077187,0.2625052236512769,183
1.9023535789911337,0.08148345588925861,171
1.4808184651191234,0.12879207603786008,160
1.2577907803896704,0.08952451041833832,182
0.797287682449325,0.19818815888201152,180
1.0513783155631684,0.2593504929474744,161
0.9179844530224657,0.08847730595875587,170
0.802813276509556,0.09534201030321125,191
0.5708076477784891,0.026288869271185962,190
1.2851546266599478,0.1920284004633394,169
0.31291737766162286,0.13094838094569394,179
1.3558537959307166,0.084168961678128,168
0.6009130906141383,0.08407568421768152,181
0.4778626677263711,0.15687018114849974,188
1.5403410773964925,0.12837771402262557,199
0.44278581407963186,0.2159930278632111,178
1.4726836442497728,0.12970386229870692,177
1.4907280323993612,0.06542269562554115,198
0.9377953195506322,0.1621783910971832,176
1.8242785354525122,0.16037830829461527,207
1.8259825011138395,0.203783164365279,187
0.26098110663536644,0.11124280322789792,185
0.8048746436374122,0.17272531044091752,189
1.1617958435053506,0.17629188085259886,196
0.5902617412178246,0.13386926393187615,186
1.7907001151765367,0.08959699241774724,184
1.3595301129757262,0.2208643502824951,215
0.34028370971932803,0.11512129426743338,193
0.7543549821253366,0.020886823258332295,197
1.7015713603148501,0.07255367957300425,195
1.81123355801917,0.10719084374654034,206
0.5244021915553378,0.22641468343384968,204
1.9277340172908701,0.029456251840961498,194
0.1315162869538003,0.13069820365604895,223
1.7287455395867248,0.13808161759234272,205
0.6948144627450884,0.05555775989851671,192
0.4674011028686122,0.130882343980921,203
0.9383839109875144,0.032170081238987035,202
0.221878260878955,0.0705049539884046,201
1.6182532514683596,0.09431219685474328,214
0.8049527921444575,0.09902817359481744,212
0.9162157171957452,0.11751633543393059,231
0.8402846510822047,0.270336013424612,211
0.4697333455384197,0.06140947556723447,200
0.43172803398005233,0.16442474357793507,213
1.5556671513366174,0.16182930825693048,210
1.857756754039828,0.18064017047599001,220
1.781377110637536,0.23817461277931207,222
1.4375382257119151,0.24461117646757333,219
0.9043905995833478,0.10909210504927995,209
1.2762514433922838,0.11412494658548922,239
1.2907658930927999,0.032579068835271584,208
0.1024935279972133,0.12406663829947727,221
1.303427414365212,0.12091145455891311,218
1.992335339283012,0.0821700959820995,228
1.8022921913516468,0.06965527913272315,227
1.2287121902091873,0.1051697244840119,230
1.4734147495829264,0.230852964711153,229
0.4536656102352395,0.21116131485189818,217
1.2609259364770642,0.1176415870271802,226
1.3353891225642598,0.07960716707831651,216
1.5936793185233153,0.04273157600611746,247
1.040398311844149,0.18106543172903852,235
1.8956824454862724,0.1671977731626447,236
1.5319338284636337,0.105384474108843,238
1.5586649882556427,0.08268448536103803,225
0.3086303319062017,0.035940776765187164,237
1.2972857728114875,0.19653164505423737,234
1.6369747809361566,0.1812308361978187,243
0.9213687727191414,0.12077326500169194,224
0.5696302650147484,0.1562571401943947,246
1.7869713374341463,0.08033425218746781,255
0.5634630683384143,0.2629791309982749,244
1.434384320540366,0.16007544434176874,233
0.4783882220284192,0.15635374840403815,245
1.0654922030066667,0.14121613187831655,242
0.17827483260788737,0.054139023405940616,251
1.8444682763374283,0.15649833062026702,232
0.37193070985926757,0.27302222983962293,254
0.13442094583643185,0.11359916764061284,263
0.875227081939076,0.19805875088461988,241
1.5984561816468894,0.09205960638389442,253
1.5451494664335117,0.061546369334589665,252
1.144553561009396,0.07925685232866528,250
1.0133765882806902,0.11299872452887803,259
0.28825273759266773,0.11792321231788509,240
1.3195708352578903,0.0671121499782731,271
0.39557999394479376,0.1352752516334433,249
1.429534310836009,0.03599517773315944,261
0.9761576464977649,0.05508139541902682,262
1.9774175694708167,0.13090565105467888,260
1.3416086739023367,0.1113890654212043,258
0.857993055029753,0.09512020501318531,267
1.1912757508881269,0.09945841203757186,248
1.8531979623106378,0.06779241353568279,279
1.103672278421603,0.1881246264553102,257
1.4102306470510824,0.1680909996691663,269
0.5402951241773085,0.151807997902518,270
1.800538405364606,0.15665286966770997,268
1.7361677514650027,0.03501530610581421,266
0.3021268593335162,0.07687620321879941,287
0.3783346560509288,0.10265010571437662,278
1.3146669103624309,0.11052915361929708,275
1.0477000013612574,0.24475062327600017,256
0.47389301060421135,0.10889729510555685,265
1.8206854224677467,0.15311084223595783,277
0.43875069821712676,0.06229588211311363,274
0.7158389099424542,0.19564985021808548,276
0.16916695270751195,0.0879316442752997,286
0.6019892569817987,0.27549774850102127,295
0.49410464095361095,0.10748182536269345,283
0.49342375518110065,0.08903180087899124,285
0.1949703886047756,0.06711662785298395,273
1.562117087824104,0.06431486351580566,294
1.4248517273683199,0.205281866277098,264
0.2518903328827044,0.07685222423250383,284
1.7389648049367357,0.22434887680206578,282
0.6650697415782729,0.14797569629741888,303
0.6272760277461693,0.1990576164878197,293
0.7404106910070607,0.17152590307756269,291
1.7972235546849091,0.18529174012811264,272
1.0107573834121948,0.045561773781466676,302
0.5096239534875214,0.11188625929619382,281
0.5683979434320106,0.14870202449169906,301
1.6357366460339295,0.17289011541860785,292
0.4101956137437242,0.10276529104978319,290
0.7779222327457522,0.19079204403906347,311
1.892010586073686,0.1708516566105453,299
0.5327819437058883,0.1065148131642126,280
0.9375090470140917,0.09212448270282163,310
1.7275809658986119,0.21636929315398062,289
0.7105359392323773,0.16522535193099863,300
1.5837921947851046,0.08840248980112458,319
1.0101862315815922,0.056198519990383985,298
0.7104299384965307,0.02834400892958874,288
1.4325257138847156,0.02495498438424571,309
0.8903577738514649,0.09958082939222027,318
0.9780032972028033,0.1748610823931072,307
1.0806898216320033,0.11462845176796319,297
0.3561173588966785,0.13523974261980273,308
0.3274349851356431,0.16773359776533117,306
1.533362876795187,0.10519614285646225,296
0.48079098092713846,0.0032191757225240474,317
0.5940543160759608,0.08600006352813125,327
0.29707386705363253,0.3174452019986656,326
0.5577459474940798,0.08432998272358964,316
0.28003925180939515,0.10873693412959266,315
1.3568728828194971,0.07281356232606614,305
0.8050768342876773,0.07090368359268338,304
0.8240986903861062,0.12506305240211674,314
1.482224819007177,0.23049867216945852,324
0.5110174492334465,0.0823325132062078,334
0.5680822351882585,0.09238562286029886,325
0.6404187311186934,0.07059184119946817,323
0.9515664068664289,0.1283106118794461,335
1.2156621598912791,0.07423312710665272,313
0.6348025347717289,0.11103354685974909,312
0.6103780159424237,0.07711747514601322,322
1.2475542080875155,0.10935931165725432,332
0.4802731689498876,0.051771484440858,343
0.2825809557216147,0.17073203526206585,333
1.125035961576202,0.0575024686770487,331
0.2290758442073576,0.0931643672165382,342
0.0998070440932055,0.108917507316598,321
0.3924224797870932,0.1399699639863236,330
1.6463277760278545,0.1946391307573256,320
1.0550991887578574,0.08937804384763093,341
0.16139789066583038,0.1381750846780205,340
1.3264774295017867,0.14883099486373622,351
1.8358876772000137,0.17186947129913227,339
1.4469660883749829,0.15982186461862982,350
0.6433632713236109,0.055471546700105755,338
0.14295956865411147,0.12180338948799692,329
1.2989180735472152,0.23508241257264192,328
1.5619703278133188,0.10622404010498909,359
0.921127467681063,0.05776909081800729,349
1.1952875871026574,0.1238532683847481,358
1.8633197722586874,0.1562921862479939,348
1.5054881818322599,0.20422680750269398,347
0.45398426486574606,0.05260004543358003,346
1.6900118480940263,0.21747338917315803,337
1.3746670808389332,0.10489874188758931,367
1.5205660656470725,0.11693896647345121,336
1.070516149735781,0.0692083150019184,357
0.14500217465410892,0.060482614182417634,366
0.1258783516459619,0.18465510434517807,356
1.6480501042576015,0.10119983751698745,354
1.5903113556440036,0.20206662034744685,375
0.24566065819654784,0.11151110541510183,345
0.8148339192943586,0.15183288649774346,355
0.7169164495407484,0.2201118809314287,365
1.909868270767034,0.05977253916135624,344
1.6073316628755716,0.21969761128202778,364
1.7166675995452154,0.1675595477509826,362
0.41936904559737453,0.13020477235282288,374
0.36853965324986415,0.15227374882572972,353
0.7598554295288708,0.1292063113055491,373
1.3050499074733681,0.17798077383084546,383
1.434029976159329,0.1443953535647798,363
1.0315800656985463,0.037591078283327944,370
1.4387947769862286,0.00867018708108274,352
0.08886710317875324,0.13262850176341393,372
1.730236940246981,0.19563088595319486,382
0.9472120853627364,0.045626265893022704,381
1.5875092541778169,0.07807728080713766,361
0.2583948950279492,0.12138791638506374,391
1.0023583670187057,0.06699574730549814,371
0.13345282070408077,0.10520135799848106,378
0.5444645571221308,0.2576963531362233,360
1.7646541261099629,0.18634106214484147,380
1.6175631839408233,0.07783462604680905,390
0.39583286725253486,0.07675063918425443,399
1.8001452802989026,0.17460762550009748,389
1.0039370171365918,0.08729857373562314,386
1.245556966261708,0.177058665543021,368
0.3990424402419813,0.19932392794960027,379
1.1532358214036418,0.21949119944633658,369
1.1067755650373208,0.1397684922975543,388
1.0674047365972885,0.22112611374338698,394
0.7008817320422434,0.08110892182239288,376
1.7286782417412432,0.040796752481141625,387
0.6048844512062153,0.10682942196081652,407
0.628829299454286,0.11491248919535285,398
0.9718140733794075,0.04859575057890921,397
0.26325952177922163,0.07473569850705321,377
1.4441777018522641,0.1719169738844485,396
1.7645634753244004,0.05918580308196897,402
0.19163421856071483,0.1207875505354181,384
0.2875375750771356,0.13110557786036078,395
0.45717628942591554,0.10771125944204082,415
1.0903529843797142,0.0996443261103051,406
1.5557161419702503,0.020265141070759628,392
0.8889231800121147,0.1649901358891755,385
0.12032181923149442,0.26842503849990856,405
1.7710239178146754,0.1487738542190742,410
1.005700790644994,0.15700963404899665,404
0.7929797541101691,0.23312085642528216,423
0.9523081627332635,0.05978014922163919,403
0.4273798687109306,0.1405108379757225,400
0.4775520127239788,0.03202611717933596,414
1.178591593841359,0.022226081288145082,393
1.728655730795626,0.03647101012466276,413
0.868914871548382,0.2741363207312615,412
0.20758166502252032,0.07732149522936987,418
1.7561341436822964,0.2100489954277244,431
0.5819841711982248,0.1806823172221664,411
1.6478116971628094,0.07691443789856936,408
1.640036962909114,0.3136471956008794,422
0.31385519228730835,0.009514152172520697,401
0.34108839297459154,0.18393091502138853,420
1.4817198210445706,0.1801780840474883,421
1.5380342287169944,0.1085946990247926,426
1.4850916084302004,0.10203258250934721,439
0.49768294598013874,0.08693596278679283,419
0.3797502539635005,0.17291625912317235,416
0.13780948414478963,0.25737015635724886,430
1.6684873780118221,0.1023389490659007,428
1.9506560240912862,0.04516613931444226,409
0.6308917690413411,0.10747189711119604,429
1.4402103509041777,0.14674474676873578,434
1.384689097741331,0.11646772313991363,427
0.7515011220044352,0.06078547909498988,447
1.757806693889518,0.27160545644813117,438
0.6097583066164125,0.07022917189712996,436
1.5452519368929953,0.16640925950838878,417
0.08183040007912439,0.11016445224813799,437
1.6441727659430607,0.20396555316591983,424
1.5900504369925825,0.056224184850442054,442
0.8442303241552996,0.1277337122284963,435
0.2018997598844824,0.13434766659608877,455
1.1161823396825474,0.10999188438191412,425
0.4189129807543746,0.13415633696571783,444
0.29947232662900647,0.13800432546230687,446
1.4023513641087788,0.09700490158358996,445
0.3948757039909227,0.15151714749456915,450
1.445628534769444,0.15268869862757706,432
1.8510493187163237,0.09910253663826013,443
0.6665363313379981,0.045831479425006996,463
0.8970743352663021,0.09986417809227568,433
1.7880058792235431,0.09867678238023449,452
0.5235052317423522,0.23501070358987977,454
1.7440549784674135,0.13132811666984023,451
1.1468520115807772,0.1595511840688585,471
1.6203612463179178,0.08676108644489502,453
0.9692616240404597,0.12299709894601846,458
1.027653956252917,0.12629598450873686,441
0.677046258338714,0.10056148310840399,440
0.71429930314072,0.04975565551250718,462
0.8034426719995148,0.1456697676379652,459
1.6285688838249381,0.040274634008217916,460
1.802217803075878,0.16041405258412966,479
0.8716554277549939,0.17382600706761572,461
0.6831075284043417,0.1423262376002457,449
1.6121434651721531,0.10207799564745319,466
0.5599138166420025,0.06978063793897762,448
1.4515305772580827,0.10825162908452049,470
1.5719824089397314,0.17953222191605273,467
0.9580734349704875,0.0449035617372248,487
1.6327125022733746,0.03889831727731558,469
0.7275207437687837,0.10812368531637676,468
0.8460794211970424,0.06328993856542779,457
1.7271298178149253,0.14900143146431796,474
1.7600556738700839,0.22543193805878156,456
1.8513139969200048,0.04467521252177357,478
1.4748916857770349,0.25950344574151896,475
1.776430032123441,0.18919317401358604,495
0.3456238734192655,0.09461724744480624,476
0.6859023248756925,0.154547040561373,486
0.3853614397574752,0.1354872293659359,464
0.7647556380841151,0.21288002327486902,465
1.52861084779211,0.09690406983228415,483
1.1989159072378235,0.11754130425404791,477
1.2049860070875444,0.08815163079390152,503
1.440544824786234,0.05352232143113336,482
1.432865179813185,0.17189230350714535,484
1.7532534718063812,0.08975800401472207,494
0.7476465380652197,0.045877148015671804,472
1.6963571693369794,0.0367141760562553,491
0.9608958860369442,0.05149535614777672,473
0.8373771671080107,0.015508975107934614,485
0.1487372763177828,0.05295474110769508,511
0.2454970100672078,0.1420746354000868,502
0.5049711834314328,0.14707369748066026,492
1.4537488530772218,0.1287398704815986,490
1.1672738336300152,0.11025016582126207,480
1.4956382704237776,0.18297028189263362,499
0.14792943472840211,0.06622000044288429,481
0.12377188029730361,0.1947627315644782,493
0.9390755714529799,0.21365157680816793,519
1.0134466847017647,0.16528507810037274,510
0.4462613794054693,0.26129458486922574,500
1.814882716328218,0.0862962936251266,498
0.9287554961181324,0.11569452880594668,488
1.4975830051692889,0.01812476857467764,501
0.5594338620645797,0.2474957103754151,527
0.39289905655393453,0.06076696030050826,518
1.5685843904616001,0.04081496948957648,489
1.8907947879481763,0.3131895471038708,507
1.0212947478241634,0.07215644902447176,506
0.442161249075211,0.11560372153980834,508
1.7929819303776895,0.1401477059246039,496
1.5937020741973473,0.135327360433069,509
0.6009127962897404,0.09910849429267791,535
1.1895846215034551,0.09017087600786568,526
0.9848049386895648,0.04382829780201055,514
1.59040085495167,0.044540338638355687,515
1.423989825308111,0.1723069834091264,497
1.152401248346015,0.2570858678176909,504
1.856231718489137,0.06964402313801281,543
1.4418075907432382,0.1376578844872589,516
1.278071539404224,0.10050454105546928,517
0.8919937153650526,0.035798654950602735,534
1.3328343230774682,0.06633179194089361,522
1.3977316711347585,0.014055324230242382,523
0.6100754090194392,0.24794022522587858,505
0.2677085320651785,0.14022375549456997,551
0.29780852253074674,0.1752411295960549,512
1.197481108536282,0.20182679728103256,524
0.5319848627394003,0.08728711526327321,525
0.942701513718435,0.21997766830698326,542
0.5366494363801111,0.10966619793100771,559
0.9611869406534871,0.19700207678667167,513
0.9228092393490149,0.10186517893856441,530
0.3356352155693213,0.12278343138718904,531
1.200013002241506,0.12673348272422255,533
0.5780301103598625,0.1964199029607141,520
1.006461837460888,0.07561414504420898,550
1.6162414078418053,0.1500570146927768,532
0.16871208014452863,0.06334794605741767,567
0.18661996161748098,0.02074994654330134,539
0.7548421123266281,0.17843960267427525,541
1.4907923175444928,0.13241924007605962,521
0.6912290876848531,0.07731024827428931,528
0.3044599407959361,0.02935894594031276,538
1.3103984895341807,0.13398741332193081,558
1.786480395182332,0.13249752181021682,540
0.8040045309492504,0.09099426815563576,549
0.3051190874170636,0.05248966267821395,575
0.610619700771787,0.03734096859685076,529
1.804358844830451,0.09795951051078133,547
0.3904939518682776,0.1592970709110707,536
0.9206748493393794,0.23134968353789928,546
0.6175622099159165,0.14217538819183317,566
0.7287978322380414,0.31092100845387244,548
0.5906951581617907,0.061881762633292085,557
1.7149465888849262,0.10751186358176865,583
0.3231004857452164,0.24445231581696875,537
1.1811380985464404,0.03036383463499498,555
1.5710651829064846,0.10678739317154472,544
0.78404075253378,0.08735334552862889,554
1.9601801383142181,0.1408474358380789,556
0.9287947249835767,0.22563640838074847,574
1.3208400466216768,0.14572682502817783,565
0.6121683420024079,0.17375831055101065,591
1.0274349972189813,0.031951241642633035,545
1.229366709174591,0.20190067968920827,563
1.6999971678141506,0.23259403418819843,562
0.6656184365479646,0.17105000453457994,552
0.5072135640819473,0.3120239871341065,582
0.7277225986333391,0.08220881324031248,564
1.451982578577637,0.03833873119047314,599
0.6897867547725482,0.0454089355254873,571
0.5005680356784147,0.10093912806551876,573
0.1688095197536406,0.10509786435159046,553
0.1405800505694455,0.29241221473959217,570
0.8599567658283908,0.10540816048603736,590
0.3814826530076384,0.05157317139167602,560
1.103600460133878,0.07792847108243121,572
1.459050271673931,0.12976701653878606,607
0.7137883194024034,0.09906734560479341,579
0.7545911349243256,0.0703505869669,581
0.8886631360366032,0.07352810467115882,578
1.691756368006919,0.135330191614061,561
0.625460113491311,0.24931764390476793,598
1.4379342442562382,0.1508403565556262,568
1.2093431184632555,0.07735834011636437,580
0.9899593642581976,0.23253706954468525,615
1.0918654986026435,0.22581899268371627,587
1.49577994145516,0.027549755983249505,589
1.1164542552482348,0.08453821244285968,586
0.09893553793480193,0.19035016788353362,606
0.8299834953287516,0.042608758370396335,588
1.090932300503848,0.09459089697052475,569
1.6418086674834762,0.03937760059470122,576
0.7466131109005413,0.23131660609201715,595
1.3820876771791086,0.08431304263887689,623
1.1742970507280135,0.026385912163045658,597
0.6716918290064999,0.12241883229181051,614
1.6625086627254753,0.11976260672731154,596
0.8867289347199221,0.11251230793174542,594
1.254919741490536,0.03750097576389278,577
1.105910180911032,0.10685143807982306,584
0.6425376408458354,0.08958322769030065,603
0.8153488193224574,0.14181392484076724,622
1.226847369755212,0.10646726126712716,605
1.6048224599138263,0.07688499489460995,604
1.4077384352837476,0.17025720099345135,631
1.3871178833146711,0.07282051921599994,585
1.8814573801953798,0.09108032300279409,602
0.8652782664771229,0.1408569643556465,592
0.7132889696775996,0.13718596851668075,611
0.9641373168554279,0.09599446798140657,612
1.8382573538480718,0.15514113429278886,630
1.538055088455852,0.0872999334755929,613
1.1305751865136695,0.051244452594401094,639
0.8646015421770016,0.2380041156636612,593
0.9498009793548843,0.08252423170831243,600
1.459917715278357,0.059599646831544284,610
1.4949508152647144,0.08043455019790237,619
0.6241881469156885,0.17706895693191704,620
0.8036769039182486,0.07411334160525893,647
0.4470708548102474,0.1510196886472903,608
0.37916731147465005,0.02110949355046763,621
1.6941043504252968,0.04024890985991409,601
0.6188410803340545,0.1809312784419717,638
0.30734881062717634,0.24801094402636242,618
1.0902501911534574,0.14275406636576757,628
0.9780260701234142,0.07015548248936765,627
1.50872235009072,0.0333302579965268,655
1.6847231263809552,0.07362406803676676,616
1.0140549403608006,0.16456245133085584,629
1.5181918993790735,0.11131948470086496,636
0.9493596947989484,0.17441715061360147,609
1.8738551373650345,0.006566330017993174,663
0.7791382022708494,0.16523378073417913,626
0.9644471448213613,0.09203280634708777,646
0.5135208392271218,0.19808351747783146,624
0.3439056084820873,0.1575508050960687,635
0.7438373517258134,0.11985086667592891,644
0.6483656113760942,0.013749026429753989,637
1.5787606150455,0.09973865638388656,617
1.4640607368063783,0.07025718053522519,671
1.725337436893651,0.11218853161088532,634
1.4766989074651995,0.049579169703138984,654
0.7929262212969932,0.23596299069848145,652
0.40138588217830856,0.22170093841615943,632
0.3998909030832618,0.1704750212512417,645
0.23956484824308502,0.11276403639107377,679
0.518214815775867,0.11985456630281167,643
1.7842915971245794,0.11733739569652804,625
1.5934111981205752,0.1573114295935511,662
0.4760226743542491,0.08450964735931556,660
1.3136881275966332,0.08034079166069313,642
1.4243662381263549,0.08827789807507024,653
1.3492106243189825,0.25923262045999845,640
1.647769987001864,0.11673106128442194,687
0.5812723656268931,0.18339164206590378,651
1.7656809517098526,0.15986420178944885,633
1.7094456939505662,0.07810057079553467,670
1.814733433424585,0.18172767804949436,668
0.18605473464054198,0.07021694265781228,661
0.7186265926320629,0.11499116140056669,650
1.5891829865964375,0.11905906273505933,659
0.9281864508790935,0.14206547714271975,695
1.2293240250843005,0.1469186718758888,641
0.34741000288052387,0.2089999880971615,678
0.6564886245940046,0.13507782027017262,648
1.706276467937503,0.13060693005741397,676
1.2583762397134521,0.12408567638430448,669
1.2937011450754536,0.05679068924134266,658
0.4023403575264437,0.090078727066179,667
1.71495698792149,0.14033716562962073,656
0.3279426341401336,0.014488890776419003,703
1.307456846437017,0.10228293628275426,649
1.0490162171489839,0.0269239754438863,677
0.6838126533642586,0.10118228528616464,686
1.863909378359738,0.0896764531202972,675
1.3289480684257144,0.024153797274370673,684
1.5101992823370674,0.054752075406027306,664
0.427707274894582,0.13227406884448545,666
1.1851142818662155,0.2693542698293869,711
1.505711374511602,0.17141293198401905,657
0.8808103293671768,0.1034586984178344,685
0.21080875792510562,0.1274823646458767,692
1.9202301025188802,0.07612759878262236,694
1.3238701683053051,0.11249471341117202,672
1.391067271057259,0.08758853274933469,683
0.8827801564427862,0.06943567970418645,719
0.626856902562766,0.215199433515992,674
1.8189221951336998,0.026385290717266828,665
1.740087766568393,0.06351078433712673,693
0.7924325243257737,0.14197835503324893,702
0.6436288139081332,0.06854360399545067,727
1.5718807753786364,0.20213893233075195,680
1.4686976373278449,0.10970382680832044,682
0.3686960548034381,0.08803204833953447,691
0.3466533484855515,0.1127253622652503,700
0.30694668045738877,0.11933087968537379,701
1.2601605136470808,0.1967192187472167,673
1.9291658739427833,0.09700435581786852,710
1.0781232142352513,0.13299316053495652,735
1.8238976648768586,0.07104047472128835,688
0.24173796284545537,0.1520060090685359,690
1.9014461971028207,0.0781801353539142,699
1.8816275715528124,0.18609770712926213,709
1.1710383194210339,0.14913964571718974,708
0.4377643210466707,0.1219863010998916,681
1.6040000331651383,0.24666531694146285,718
1.192207196374719,0.07834993609032011,696
0.2419479331573637,0.12740375885177146,707
0.8617980230471419,0.11374200415722047,698
1.1623303923461974,0.2725489758908476,689
0.8623847759123281,0.12453609494405621,743
0.3372583664229994,0.0895473004717989,717
0.41413849125464286,0.08144594881041789,726
1.3522774765055006,0.18596746687890872,704
0.47771901274721135,0.14972330214127763,716
0.19040823417893044,0.11020876528665481,706
0.7047185792958803,0.002961857692689943,697
0.8314272350356533,0.13104505888000129,715
0.7388357018103583,0.11911688339366179,725
1.4354307746855477,0.2515056751648531,734
1.8485634516539289,0.26172158473163015,751
0.361304915897937,0.13806596948647065,714
0.36643118290310045,0.2865385911112387,705
0.34284512621445623,0.05299038496220514,712
0.5319066858987281,0.1572745892764811,724
1.1790353927805715,0.17939309364796927,723
1.5750674401438371,0.18984063390572906,733
0.5579189100280277,0.21708980918438348,742
1.5543733184513564,0.11715057008405329,759
0.23122831277542916,0.15691359570981606,722
1.8697819514658958,0.06236251976609333,713
1.158298073571811,0.17209997603543176,720
0.9860739191599958,0.13920239628593128,741
0.7275626262361741,0.08659336757940057,750
0.274496967771912,0.0863165388623468,732
1.4689060370548326,0.11576982628687862,731
0.720723341900019,0.06982526275193127,730
1.072150152518138,0.07080806044791019,721
1.5450663929416053,0.05910949230609096,767
1.3521738358186721,0.039727766711315324,728
1.8924704148419256,0.09057315342764974,758
1.2479231262597716,0.08310662028448977,740
1.2384417600481221,0.11703024302255119,749
1.844803199904101,0.049421668183774976,738
0.9457835912411978,0.06538288246980006,739
1.6760973704511641,0.13380052259237246,766
1.7081493092539732,0.17182852506849527,736
1.7051012246123929,0.1411476799306826,775
1.7346071662906328,0.1811712570111306,729
1.607505424177427,0.052919360469659615,748
0.6349570705438738,0.046203395308439844,757
1.3429746990325921,0.17327054044894138,746
1.8078070510334785,0.04247481406853553,774
0.8887982081136855,0.15365204447514888,744
0.236910637698259,0.10391700327320895,737
1.1970194178015363,0.053791311818746065,783
1.2049612428316072,0.12958798055013085,747
1.6913621055743067,0.24032400308878854,754
1.9766131259537654,0.23049921126286463,765
0.7965457437316968,0.042157875539062806,752
1.0876574582461507,0.008532887129665517,782
1.6070435517222885,0.04413211817584204,756
0.3619948556793947,0.05107325520626476,791
1.3909936173442388,0.07017392160101563,755
1.5018884466529043,0.08815180412438889,773
0.67257375457213,0.08895190899677803,762
0.9788456590596986,0.22316139720701705,745
0.9632669574059203,0.08045943337239407,790
1.3513376852908334,0.02213661582223156,760
1.5990592868476028,0.026656265330767825,764
0.6908450816602665,0.04114264826788379,781
1.141748853902434,0.13470918613419863,770
0.38404578468899564,0.0796251522080318,799
1.1645687582972284,0.1286634297502951,798
1.5950481574025508,0.05360077379418295,753
1.3095840838401125,0.10273754167397803,763
1.5697249771256643,0.08128342645668835,768
0.6181389063983826,0.033919711756168376,772
0.6806829914398324,0.14797123617176094,789
1.6368393652331403,0.17689902086505135,778
1.2634948772254664,0.06393174000956467,761
1.082066243861058,0.21400710398983983,771
0.24861189497727332,0.07144752935798622,780
0.7021725086294084,0.1400811419561994,776
1.5136402320962092,0.1426483884682275,797
0.7751183936489016,0.22768024795015626,786
1.5804695810473237,0.1120711996597237,769
1.179407401985178,0.11589759452269484,779
0.9210469715332439,0.07302077396760762,788
1.3498693314550898,0.05727849477023687,784
0.6612208805249546,0.06781371239952759,794
1.6102361484918475,0.07253307121385105,777
1.080316345801767,0.21602727595740692,787
0.4034266844888056,0.09479463761990449,796
0.7945482793963244,0.09132084866353297,792
1.5706862474688392,0.1961518475638701,785
0.44463635083416275,0.12110179988444017,795
1.391062290219652,0.10164462138109016,793
