12.170537880743508,0.04949131747346079,5
4.789706307525522,0.1409139750770064,6
11.320774069802479,0.13209078409691807,1
7.7569075436532415,0.04542184397701314,4
8.983516499422576,0.05474662144533692,7
3.28648253107194,0.18477235829861424,2
13.395741154944673,0.17144909392424482,3
3.10427931842299,0.18146565857203323,0
13.783721991505196,0.10133032556820631,13
4.266210722573809,0.047527016345185066,9
12.188913652375513,0.12888729969821222,14
2.6656789035995123,0.12096268358003491,15
2.656725297501843,0.0394090736833689,11
8.804894019839256,0.16652368796680395,10
7.115171668958911,0.12656505155280715,12
7.241450300531438,0.13148862121421676,22
6.7110895644056505,0.14929990288583103,17
8.777965346249438,0.12212924047898284,8
2.5211542676934204,0.0326101380111746,23
3.649685843871464,0.15925023943061664,21
2.456819135794606,0.20603168324221804,30
6.537803399766146,0.25014243910425193,19
1.5697497046161382,0.10443578772724549,18
12.333415957360685,0.07504189072303152,20
11.846194969224548,0.027864126540237684,25
13.272685405054187,0.1255270896655198,31
10.351516842682344,0.17169251620773507,38
1.4672887614457921,0.12215716726222162,16
6.154350758122086,0.10431206994439413,29
5.195587462256585,0.10152844480070358,28
1.9740767504436445,0.05057502379515491,27
14.935182377751849,0.1026140799477975,39
4.6652333738371885,0.08970648631140873,33
14.438916164651669,0.021579423984978544,26
2.6740737201295377,0.14549173703356952,36
9.40854846409631,0.19016361223051856,24
4.6032648558146425,0.1152294392796613,46
2.255920407053284,0.04982392534269415,37
7.943657032615331,0.09195065728383256,35
2.4196573857499084,0.06641720480100106,34
6.112477424240744,0.0855681901409922,44
14.285775954358677,0.010850109406338968,47
11.090341607962664,0.18332613756065744,32
12.256829578987036,0.14903799990599442,41
12.290327114247498,0.12303408765933695,54
8.61803338973766,0.24813384756183035,52
6.219354089524634,0.208754657804626,43
1.6619683557305522,0.06539155230153963,45
4.256275925313109,0.1868291973444161,42
7.105718943590474,0.05500047543763184,55
11.865758298588819,0.10306517085923479,60
10.899253969038524,0.21325802696807467,51
7.603933516081797,0.18532905199513172,40
12.650300545214145,0.03667178898655872,49
10.666617746566843,0.025211481676635797,62
13.489840008296666,0.1676023294961635,53
8.931172226049869,0.13670018245361343,50
9.928132591408751,0.051826398824334124,63
6.810953255788736,0.24981262281338257,48
8.073668105535768,0.09850265749163738,57
3.015122631411642,0.14546971207999698,59
7.82768118802571,0.061435526376005814,68
2.307068584756041,0.15668780267256566,58
9.845173372057658,0.061477128509800576,61
14.027240747551094,0.18370639445078346,70
7.686257937880818,0.15248937319711828,56
2.225838002668029,0.07588408370285887,71
6.871528304779191,0.3164966660801226,65
10.011290215153501,0.032737402057118906,76
8.75562568690081,0.1423629412979183,67
3.117524279929923,0.07900447512348319,66
14.085703355451646,0.13644536616782926,78
9.27306114601506,0.2154448793993735,69
7.529055420932083,0.12468687832924147,79
2.7285643988035435,0.04963316789453817,64
11.761667126586143,0.24623461163849739,73
1.2490740039272124,0.10124942148620614,84
1.516845215956256,0.1309138492921761,75
1.4815631334090118,0.20007724508996275,86
11.674494582343764,0.08971976660991053,77
13.919215367174797,0.11099690194996865,87
9.428234463941216,0.10647084705981871,81
2.2990264775855294,0.136605047595261,83
8.974222976404532,0.1566419310812962,72
5.425484338752625,0.12320065941918167,74
11.235758341500809,0.12591024990825178,94
14.603587909544933,0.08016999005424924,85
12.228858938659496,0.07724092294791224,95
11.436420709060664,0.21187123376420997,92
4.322653553068269,0.11490230853098989,91
1.963153497674578,0.04200717980060946,102
2.1121360169152408,0.3005575048557148,103
6.304420490302821,0.0837816092823329,89
3.5928567615334615,0.056889023172426306,80
2.8129396287052604,0.25260139362421485,82
7.2795491682533875,0.002115829153361257,100
13.619778890660573,0.18269383549437335,93
7.80728218237137,0.06646584278142073,111
3.8756196409635066,0.18020349420751858,99
9.403716935232818,0.16649899374583377,110
2.8976335335041243,0.14941193354289833,88
7.930474698703446,0.11106481286053016,108
11.246523108283679,0.04756990586316878,97
6.7493242946688214,0.14666528682876143,101
6.45548089746796,0.14577398603902555,90
12.690305978565144,0.1570635632433074,107
14.20353773740577,0.1918368950687531,119
7.630919115360725,0.1761639387578481,116
11.416258979232216,0.06875032047056674,118
13.01071583734365,0.30441688479330326,96
2.870421858783253,0.0960503255485887,98
11.120764751659028,0.1396843742791461,109
12.948391378644057,0.08003687608277821,105
12.349663186563367,0.19988769164014253,124
9.905244389551598,0.03029077556854124,115
1.1315496369279325,0.0827551254646767,127
7.61121118109309,0.275943160216882,126
4.000393947057924,0.18847896822199908,117
11.439252472042678,0.21493956402264836,132
7.670747947732442,0.17732409532883672,104
7.025492691315026,0.09057536713115455,106
9.180603980034864,0.041698119695954196,113
12.65049317980791,0.11483609538685352,135
2.262276364266522,0.1242252300216683,125
12.642721741811641,0.1160794399839842,123
6.727670846421189,0.06165788746422797,134
7.3893388429696545,0.22595856345146093,140
1.0976243194992819,0.19505165824449133,112
2.87362542855314,0.09009753288461217,114
9.118165725978114,0.2024308621214695,143
11.001442064458328,0.14815157582893124,133
1.7690854610547604,0.1345925773391163,121
12.152723220725047,0.16895484710473066,131
10.812212652897273,0.19481683161213376,120
5.638690413496152,0.14468854435757172,142
5.434938761258376,0.11159873395725513,148
4.396883234110776,0.20164653476017183,151
10.425682599819936,0.06933734087745586,139
4.2565672606398435,0.09904346623277978,122
14.570814864159903,0.08965119263227399,129
13.850334560767633,0.09013730779227665,141
13.329140596450616,0.07506794214366236,128
14.107503279530325,0.048893207203946486,150
1.4364394492614552,0.04925595657359387,159
14.215967460290376,0.13403361930369553,147
4.164718641265719,0.054412327125124164,130
13.132451828755539,0.12601366895698599,136
4.718976232448476,0.17397755577413607,149
3.021436490807758,0.008348403726377412,156
6.7216492899873925,0.11861711059189516,137
8.893264628140912,0.08007151562253743,158
3.4492222419226497,0.063065060231395,167
8.847537895085791,0.13268631089593258,155
14.914930711405653,0.08337711945618363,138
3.5113540567648416,0.04231018881256471,144
11.332763134198224,0.18383353784358103,164
12.670768545804583,0.164089675235124,157
1.1192619705346867,0.08790222363765207,163
10.100485123193007,0.07181963450024006,166
2.6600683436550914,0.15883488448191285,145
12.669014954655209,0.10178009573754405,175
12.841443530304852,0.12048569774879202,146
7.4752906701630994,0.15666478484450902,172
13.658556011520348,0.10623529208497039,171
2.6469009185169012,0.26531174967774473,152
7.115067899780744,0.16011968038930677,165
4.211229528360313,0.10741795274374213,153
8.836042655389681,0.07867811814095173,180
14.313172980438654,0.10066736881516294,174
13.000203268422919,0.05844821826074364,154
13.425935434698726,0.037976706851538734,183
8.309633128837866,0.14956446034060034,179
1.0849655248040373,0.34346927185801124,160
10.60165577683128,0.09426373547272865,161
4.597867642998372,0.16147115649297508,173
9.140720815885732,0.1572493077768763,188
14.241272318163341,0.10941619188839967,182
1.7242845590919826,0.07542619019800523,191
5.988552548646349,0.1094387629662178,162
9.493714760265252,0.06814849223058426,168
9.54063501500471,0.16054502927791006,187
10.632573114826954,0.1406094303043835,169
12.202190730493767,0.18002071411492857,190
10.334649995789222,0.018360633016458027,199
4.842656121026171,0.09576355942245487,181
3.6983762288363944,0.07278229387868142,196
6.253753464569377,0.11929045637649721,176
13.605805228711358,0.07064611512596566,195
11.877393562104857,0.1333072651806894,170
9.119119895852508,0.12488552767033426,198
13.289526199899177,0.1989843160864847,177
8.783564374948869,0.10520153960851691,207
6.480739358726499,0.21737762414994,189
8.837865925309488,0.05043960039766393,204
14.140393818417424,0.1551500191221672,184
11.352876509977156,0.07718486314522077,203
5.336757960588372,0.05634041472944288,178
9.73110599175225,0.12952426881428822,206
10.5732237826647,0.12087965385554736,185
2.6311338984436166,0.15436565466983895,197
11.916660319785649,0.0439189287975863,215
6.536638537598649,0.0713923957674145,212
9.375163032559184,0.1019491351514662,192
8.83746181291871,0.1746283265653104,211
2.544772386670041,0.0961280080447906,186
7.463132236800473,0.15301590449105773,214
4.002654410466914,0.0943845881804922,205
10.598445012649387,0.10791391239646748,220
9.925344813803115,0.08682868804210093,193
11.369272038913044,0.19225625482313635,200
2.678067281431555,0.12258686023627335,223
2.3928817097033566,0.09885968684076846,219
7.352335086780844,0.12645651226518254,194
10.669986167452699,0.11274570839486507,213
5.249347630152285,0.042591854013852515,222
6.411082048165603,0.07688930066587256,208
7.493533978899874,0.14261373605258656,228
13.091214799279076,0.06743345223461202,201
14.131750486835227,0.04409461130293976,227
7.924750035027228,0.1255822228917218,231
9.180061945495565,0.06635846754121963,202
2.432573018588365,0.08402332690752883,221
1.5675667592194926,0.07317024376084745,216
6.638568156838383,0.23810316572935417,230
3.6701787296817168,0.10349123132691967,209
10.729665456169393,0.03777812984086487,236
3.108510463557537,0.15810237425786083,235
13.819031591886827,0.0717405135688601,239
9.04563490629699,0.16795816236017608,229
5.748512069535506,0.09453465904019362,210
10.338516650241841,0.10987137345579048,224
4.857386228998026,0.2008556931137203,238
11.005262049567351,0.05126174408037013,217
13.4671221756522,0.10868737178616472,244
7.024349566082738,0.12234151307704713,243
4.953934985205486,0.1220397921350148,247
4.128667963696187,0.09242159026302262,237
2.7620657400452684,0.13693926316011157,232
7.70660047005737,0.17019462454992507,218
11.839345566960567,0.0954956727007597,246
14.04895526888793,0.07729533775975606,252
3.0643522248593174,0.02753749432926871,225
3.33780744867308,0.03638001312435529,251
2.9432361583038675,0.13212030306329914,255
3.660019475388682,0.10124389409906041,245
12.088987179896709,0.0571765815690769,240
8.876594740158325,0.19253564672577875,233
2.721052235627597,0.04161915276354826,226
1.375341677115205,0.04823800011196365,254
9.657216434222722,0.19156326324884942,260
9.881213029954381,0.178002578746072,259
9.658598236859731,0.13928719119847807,263
12.663309486803238,0.0625890562953773,253
13.523662624446223,0.07552076700110627,248
2.606713545814389,0.17632600991282577,241
11.506437708506537,0.020525839333888914,267
4.996198101405051,0.11685534318705189,234
4.18609618488833,0.12690486128902642,268
3.424161956002462,0.15657610840658143,262
1.6259103103767545,0.03935978742708616,261
13.953562661766625,0.04864537335442525,271
8.281908602980733,0.04299805251151916,256
13.668735971924331,0.04725074474058882,275
9.007293373823748,0.24103645403266283,249
1.5585915375405508,0.23344179888767586,242
5.023804786123942,0.15130136120787144,269
10.298996958353891,0.1254234907843797,270
6.0250100697877444,0.06867686301815727,276
10.286582451636761,0.14543423229560118,264
14.600592504402057,0.02878037551285024,279
4.534675917062997,0.10808248448027463,283
10.847049621983155,0.08243907048356809,257
14.092283719291547,0.152164725948222,250
6.538716731098511,0.07985784669329893,277
13.664373226771513,0.1448966135001296,278
9.615209069130913,0.0511658750196641,284
12.771599657594347,0.20361237894810988,272
6.178790160053295,0.022770887335352475,287
14.207317818988475,0.12801880275696068,291
2.039184195342263,0.0852726595135499,265
5.378786405531168,0.22756321446422173,285
9.252715871894152,0.17797592360464876,286
4.365152779014475,0.21557091529201391,258
14.033035824333938,0.055170763924964616,292
8.963830389512305,0.13392890421044104,280
13.56813214950789,0.17216832422574221,295
5.850853266095752,0.2756002614123359,299
9.483592196719908,0.10067928062529614,273
2.93613610083841,0.1402397917332062,293
5.026771180217837,0.028872968486970758,266
6.767786968033214,0.17043364084150042,294
1.708374052235979,0.07040292414189259,300
3.7421515061691712,0.07980006267635126,288
12.528025423632558,0.18634547576963412,303
6.91696632685877,0.1449313383582543,281
8.668586787055665,0.11842101507783656,307
6.954234820674706,0.08283543696543183,301
11.893882585182974,0.2746283740187149,274
5.272181634995489,0.09734460494351244,289
3.426735008959393,0.09330566783329149,308
10.506262720011614,0.10640665959076918,296
5.894617160293637,0.19826603551588987,311
3.031362416830584,0.12444159419515897,302
4.975025954350238,0.11881609891338232,315
8.159029842582065,0.10033984330742776,309
10.604490671297679,0.19820208619520105,282
1.9534160792526276,0.04405331005116328,297
4.450320781989552,0.2580978524016994,319
5.4249722160189116,0.1621013613518105,304
11.566177340081346,0.14172624021077576,316
9.380992194087511,0.11204427119561258,310
13.448524018649339,0.09513666185480135,305
4.037662318306745,0.11006606046198869,290
12.58956909549118,0.03285275824470454,317
8.039323222761801,0.07104318851125563,323
10.124958681272933,0.055059893513328045,327
3.6430298782876442,0.1810505546734349,312
4.0308970998727265,0.08840652177699244,324
12.902896322466338,0.24158062931928437,325
9.698477436186552,0.18224058185871214,313
8.403783943736368,0.22614879818378372,318
3.69903563270347,0.2955859185580973,331
6.280390730671983,0.09882766292135409,298
11.082872301900185,0.07395526795887614,335
5.1933116339821765,0.09189896653910273,333
2.717784459844202,0.12315403325361861,320
1.2175549600395101,0.1350336899531948,332
3.430879710898318,0.019949744607615606,321
12.383058291273368,0.052590846211335876,339
6.312249486808425,0.06733004154753176,326
9.264502339835534,0.09127983333502919,341
11.244449930919487,0.11934751573379587,343
4.037487822886858,0.03393650739244637,306
6.275092208763977,0.06345258781323086,328
3.858890603621314,0.19165432552833603,340
13.716717727790588,0.1092551163912952,329
5.938347058115209,0.20753796164379695,334
3.8356162284442736,0.11224100430462568,349
3.99281470671717,0.2372874453430187,347
3.4513480676655623,0.2291883114854125,351
3.9820843683661464,0.12017620600099106,314
9.845810946519014,0.136264329191321,336
3.642964102401521,0.031030235128363687,337
11.059741968924193,0.16227266591089248,348
3.583287840974898,0.2120434060345774,342
9.030948346724523,0.11612333937395816,357
1.4198648388084596,0.05510908917313661,344
7.004191579027055,0.18089581198354854,359
1.3293020927045882,0.12207585623186737,322
13.698327623721273,0.12840649463679918,345
5.54529118826371,0.14119399747780445,355
2.306506603485908,0.060391418790726174,356
9.56663342548983,0.013634547487122853,350
12.485634815527131,0.1764108582978851,365
6.298277373032408,0.09948722626922393,352
4.717184761005067,0.09453700494711872,367
5.07997378861482,0.12411399313179146,330
11.365508462743419,0.0828075230554393,364
14.350763252305631,0.15827929583615657,358
5.129772391149858,0.03841236392974958,353
11.169929967149525,0.15967384993378994,373
6.893545608438351,0.1437738366258075,363
5.852168457416713,0.022532063663485164,360
4.724149578626027,0.11712148208991258,375
4.926800798117499,0.12047889389081362,338
11.469758687300626,0.10437993755990434,372
8.316857174483978,0.047452638862537644,366
2.019283789597522,0.028153605086831113,361
3.5592761686328336,0.12135828699734286,371
13.512129346393886,0.04851288563259411,381
5.770736732785231,0.12429662080049371,383
5.79556199890969,0.21314937887361426,380
10.902377977526694,0.07579939312534367,374
11.186838938552397,0.0348321856236034,368
7.079030620879829,0.15557498826510438,346
6.600524038629173,0.1394296991500274,369
3.297361683602957,0.1803326751830132,388
13.5760223993098,0.139796893554368,379
1.0685673225556767,0.04027806840491169,382
13.785046973831212,0.2957651132632548,391
3.2901806142569865,0.11179828471816143,376
8.496202376668096,0.09706271586589045,389
8.247157296999186,0.06049949394440668,354
1.8602426579597615,0.20720259851810605,377
14.8250530748795,0.15567648463947714,387
6.84580428198165,0.07890754789305024,396
13.62555683663829,0.12305332297243143,390
7.428884654956989,0.28381685899445097,399
14.18652549578673,0.1427543401612766,384
9.134557674283911,0.09454675226734614,397
13.679787750696734,0.1645257614665763,362
3.4850570454568697,0.06568014579100706,395
6.395511505078246,0.12010058156977704,385
7.30879317608596,0.25063019581300433,404
14.877019396827809,0.04831992806068475,398
10.41197376002013,0.17229774064815195,407
4.171589868320078,0.03925483586886715,392
12.023126532592899,0.14470038850797937,405
10.182406421895712,0.01701033161216981,403
9.009409074712607,0.10649925304984459,400
5.983096448716452,0.2251496258898833,393
12.39090641014672,0.16168351921496418,370
6.800262536633231,0.20317543283949202,415
9.242337935027265,0.12584585704813384,412
2.8414474158459444,0.06687570798342062,406
7.741962261290026,0.14740556881785816,413
12.590180665693854,0.20997639896986364,411
1.5188501005777766,0.2092306513069569,408
13.318483316560378,0.146942869976378,401
1.054032944210224,0.09583100463952038,378
1.6133276265555183,0.12709368984753142,423
3.8672647935094764,0.051870851666147334,420
13.348560330050692,0.22233602974324096,419
5.197179803523821,0.038040051934786656,421
9.110313761651213,0.04356491565717531,414
2.9952369001656196,0.23054879988908655,431
7.819398696726184,0.03085967245541999,416
4.695151142965657,0.14122691599702428,428
8.430554650019934,0.14936851122805717,386
3.9227550450667588,0.05702090434195178,409
8.016449582178527,0.07445324528340662,427
12.476257893774726,0.11893862086661883,429
14.094573258682228,0.0825204447860151,439
14.43910979315914,0.1276946532084222,422
9.102968792689323,0.10902445705000768,436
7.593603805330483,0.2400751925049577,424
2.4857819241753463,0.1254069055006884,394
2.716386246110093,0.13337845309896765,417
14.903310940918006,0.06111821940086931,447
14.294070299950688,0.20711746575440554,435
4.0943879666508485,0.13704985750821297,430
2.0926074568357222,0.1747535572377788,437
14.750007061597506,0.09225762830031636,444
5.028874616752181,0.18434220739478105,432
2.5760804601986473,0.03037441391869641,402
3.7091387962200417,0.05189327492888679,425
6.375178176709804,0.10010456927852995,455
7.110370372534044,0.04982311582981519,443
5.323429411929187,0.17920664726710078,445
8.535278551636582,0.06754253816406204,438
12.983897464325015,0.12666126460323768,410
7.329477937597428,0.15554295776193994,452
14.687511947438912,0.12549375519551398,440
10.416143748935259,0.1329344403498291,463
5.098544476798576,0.12209294722302254,451
1.2993005583442816,0.058960081514317,453
14.236587218024424,0.06802913117106345,433
3.169840544687431,0.12990642126695778,446
11.007032265201499,0.10189427999081907,418
14.370083735958739,0.16227138347961395,448
1.5781510548125453,0.20961828115729114,460
13.537800140935634,0.13417985480604241,471
7.530924533666774,0.16882945947390376,459
2.183162229341511,0.09686057220467842,461
7.439967580851718,0.03290776412021652,441
1.6003542654043983,0.12857445720118751,426
1.244718606225866,0.17883134953857627,454
12.567230214152808,0.10911590984369667,456
5.8885394106834905,0.06862251598706065,468
8.63861350698468,0.09183547074970828,479
9.714377903206195,0.10101088865558568,469
13.815486964733058,0.1250598634149222,449
4.0825007765798365,0.1053584149999321,467
11.603497666862445,0.2646008349080256,434
13.435736156473588,0.09884028033125347,464
14.45080029787736,0.17598507211337308,462
7.234040890173169,0.022383293316229392,487
10.060189300732581,0.03550683712221815,477
14.528274442811869,0.022755733571230063,476
12.11120569962812,0.10820103193488678,457
5.000913397599797,0.09375348125747789,475
14.121103403419225,0.022368442267097274,442
5.037293473928282,0.04204483047532901,472
8.877084446707833,0.2550683755774751,485
9.790613489365489,0.08779495873383011,495
5.571894830943347,0.09564785612684812,465
2.243100293199463,0.07722208618891412,470
10.91723995077838,0.22652332970816189,483
13.405506922648192,0.13554475721409298,484
8.776405379321107,0.28525808918993084,493
3.6431771912583635,0.10988881058836597,480
6.603459585195411,0.3347729041401245,450
8.573536615930326,0.09785539078213909,473
13.309559186089562,0.30902097504410797,503
6.139520248820885,0.029190158571223687,478
3.310538431420234,0.1403752612443026,491
3.890010940018805,0.09846856535753004,501
12.71437685808234,0.14144082112276787,488
3.7259930805759716,0.065896358726484,492
9.905869570684422,0.13903212399932924,481
12.166215869737236,0.10603308225836704,458
6.613280441180792,0.06746570893440643,511
11.781751775908129,0.14220288353530117,486
12.957257077950613,0.17418671352081722,509
6.2945481350827155,0.026269893546782996,499
6.329423873318008,0.1095574574013305,496
2.403320067327037,0.13448749605467777,466
2.4127562538316383,0.11145170075919908,519
8.783114241579144,0.12944457797987483,494
14.276207901634082,0.26420653017025314,517
9.875293842437014,0.19024081826863812,489
8.874590330246878,0.26183084218273084,500
14.928086851743961,0.08922780907918562,474
14.53667350415051,0.06889797708354464,504
1.6917880411281732,0.26249564698335964,507
3.4851608478415215,0.17496076374199387,527
7.976818379021212,0.07842204155033483,502
12.517852737977337,0.1404826546317092,525
14.993864877346452,0.06233732266846806,497
8.544471606448607,0.03267051059352443,512
12.816298653999619,0.352537257210028,508
14.549678021203926,0.07427339708723034,482
12.721800873418504,0.10166152922154299,535
4.305284855113452,0.16586372928098658,505
1.9911314021775122,0.3200683210470824,515
2.962365487042606,0.18737400793874848,533
8.37915956595158,0.11012979033362302,510
10.603140069666356,0.08976791282097196,520
4.902794310705207,0.10548226005963238,516
14.926527946479213,0.13280739460650012,513
6.931371876827314,0.10789469711916147,543
4.464550273390193,0.13885492212252726,490
13.942918476530304,0.11102308840883597,523
8.643678162780583,0.09728526136980589,541
10.049725451913888,0.16084550721834245,528
4.665805188163826,0.25216319482335114,524
9.823530402693537,0.12673935868588565,518
3.0113309189401987,0.13602019645638452,521
1.065140622370704,0.09618637528108669,551
11.658146956694901,0.09257849357986864,531
13.014826386705709,0.16470244512332188,498
14.608281834687846,0.016651457084125288,549
4.007676958599809,0.07019499945692023,536
14.658724235352619,0.05549488854193203,532
1.426229577583623,0.10060038524285678,526
9.406030431620822,0.12075240221679027,529
3.223843677575278,0.03369186293087765,559
13.019880430966968,0.270313913679882,539
2.5715647594145445,0.10562332358446268,506
1.612006481678489,0.06845868656979923,557
2.657472530207835,0.07550173669772164,544
8.925512442394902,0.08031350020889633,540
10.655332877532175,0.017534931090203563,534
11.603005601704368,0.28241619650699823,537
12.09667389807138,0.1140812815643262,567
14.28313005004537,0.1545259340780552,514
14.792685788401863,0.08080398888645314,547
5.737640186470994,0.10625573921399177,552
11.45981591705092,0.1576710852710654,565
3.8545035029014425,0.06172188734414748,542
11.57946345404041,0.028331692590288938,548
1.353186992240365,0.0973915295866822,522
2.2160185400059174,0.1406018396920217,575
11.584467599633982,0.18420194043786797,560
7.067975049332784,0.11949645825933462,555
14.315563806660096,0.12060043745875942,550
12.159059195881378,0.13827603629615343,545
4.765666032353173,0.11163559934798109,573
4.152177342183607,0.15882818635632143,556
1.3136776598745468,0.14152940157509872,530
11.325413483773197,0.1626243310876319,583
2.0854030707436815,0.1711197858417398,568
8.646085330620343,0.08562849801058613,563
13.294012445719295,0.03638188240891725,558
10.984085586521381,0.2524850830731013,553
6.646137724672537,0.0950856255265357,564
7.213761812090441,0.12961239015613216,581
12.26030151490448,0.08053473152400586,538
4.624269778740868,0.26086247298764015,591
7.807482396364799,0.09431104470601531,571
9.312788016288826,0.04468617719471587,566
6.256348234794014,0.17313738475233786,576
5.052833268204166,0.20872032863604414,561
5.81964990150759,0.149947876364717,572
3.519238079258516,0.06374287877796737,546
5.611580156820203,0.11990977971671468,589
6.575493654390644,0.2226613059894915,599
6.959886130404621,0.12175308022352394,579
14.210626086825373,0.1550995487271961,574
13.028169569729403,0.23212853986717039,584
3.0488189377138846,0.1614443828067908,580
3.6160642349490306,0.1401250186836591,569
9.05240772258366,0.1301440453767937,597
11.977382011398495,0.027615530906678083,554
14.058849309372096,0.10799889201256463,607
4.663828726302569,0.09430824158922983,587
7.876252821688977,0.11115019223414108,582
11.38496352710414,0.07358719169642673,592
4.553379218011206,0.031509860011334816,588
7.419763090508542,0.1196404672290688,577
2.5727902153306985,0.15040163493453937,605
3.9148059981437013,0.15133647927133287,562
10.65896936275479,0.10288884689449947,615
13.219817994010718,0.13106635483104737,600
4.026465055518505,0.2866618086321647,595
3.4259889391890144,0.2102120955917821,613
14.872496732057495,0.16779894190813707,590
2.8648402432426283,0.16562369776801267,585
6.6154746560827355,0.07558521577542207,596
11.42760270563103,0.09252263506969272,570
11.38303816179096,0.27983242015869536,623
8.302026557440769,0.014701335317488143,603
5.531405261556689,0.04510663502315123,608
13.065487432046432,0.1044322901375633,621
9.401849237643082,0.1889175073189499,604
10.814334346207858,0.2937587453232888,593
4.827452567790952,0.07021831436066057,598
9.096289673087089,0.09523294976052005,631
1.1730604974254433,0.2124452884271719,611
5.5390019601499745,0.12591527384919077,578
3.970370117554027,0.11891430373180643,629
14.861309089300594,0.11196436093528517,616
12.10586741226704,0.04641638087798464,612
11.15752020318652,0.0627586120142398,601
2.0708557529442913,0.19132148605739235,639
10.660202878661988,0.09010498301571111,619
10.340936304476422,0.07838324039390121,606
2.344099010625274,0.24918537993356318,637
2.24324706697964,0.04597085992694744,586
3.1265677839756894,0.1810883878576528,609
7.411297859094518,0.1287884549772089,647
11.085879645980954,0.1319487380776375,620
2.282765353298288,0.11904514853129099,624
8.592322980557183,0.03123320178165631,627
2.3460288658002177,0.11020278198867728,594
8.644371585292888,0.12024103975505862,645
7.34506827551729,0.13062249330140646,614
11.92742548590829,0.12544325364785333,617
13.728450759338491,0.1693838298083949,655
1.2873246929921474,0.08950207725141388,632
3.8784914570063815,0.05683716251306831,653
6.8433557023836284,0.08986864203280254,628
12.242863095100578,0.19664802411255466,635
13.368392517995192,0.18442559724213956,622
3.117838301641312,0.1042755207292821,602
14.943916813675342,0.2019149150777083,625
9.744770501975768,0.05897469134841709,640
3.578456566914808,0.14859068745102524,663
13.64721268608091,0.1483474924530824,661
8.236929655441488,0.05981768157788984,636
1.821327780380213,0.01820996818428802,630
5.042661608321549,0.13435281216896466,633
5.369899607437767,0.12427219446041537,610
13.295282153044472,0.18967667631369076,671
14.270988501007137,0.22917152330597823,643
3.0970038734812704,0.06232989626074492,669
2.203030983688884,0.21711275605216862,648
12.90176141843367,0.08058470225163888,641
13.085458739253603,0.1095834961167528,638
12.010621626765797,0.09202483241914074,644
11.483566282259039,0.0728798705398012,651
1.2897318041915955,0.23609228485266637,618
12.487239217036091,0.18849075253273617,677
2.223238101651182,0.05642089174152746,649
6.4569879293563135,0.0470495478487834,679
7.684802597075765,0.17858232520318318,656
10.752663414200333,0.06693760558437595,626
2.66435029986316,0.036076876594423726,646
8.3546304009094,0.09324007204811138,652
12.911655771131844,0.16693026787022103,657
11.637959071217189,0.057891636594403266,659
2.758822259633563,0.024689492027526492,685
10.725710779252264,0.08648417954836873,687
5.817181678834265,0.012651838401362437,664
4.876318148503266,0.05645597183989762,634
14.626145520004325,0.008441718770521415,654
13.651445110942293,0.10825988610474518,660
12.913577717968039,0.05266754292097481,665
10.173758846216057,0.07338262093566165,667
13.813396840400372,0.12744090360684063,695
9.158741847712376,0.059778261494681,672
9.374966969221632,0.17824468996619539,693
9.15444397002053,0.16681504622839075,662
9.554280339738524,0.06390279411592674,642
3.560655180406172,0.04304179002300203,673
7.2672535306188015,0.08330956678418414,668
14.619898560164824,0.3158568133324049,701
10.40154449389796,0.1329576629937125,675
9.070499282119517,0.03347622547316647,703
3.386331310094123,0.058384805908246774,670
11.379040389107388,0.11913717152841657,680
7.727221287734626,0.1701169197044936,681
13.248577425750032,0.18486351719243851,650
6.082685823596719,0.10181164386118076,709
1.8090041308034772,0.1997168513012379,711
7.029385337451181,0.08922295079867824,676
10.32052012941735,0.08951304553814118,683
13.180226571934371,0.11309786646173475,678
6.190451781147964,0.09675237281782496,689
11.739639684106926,0.2224432409025311,688
12.189585556396636,0.2723354512572336,658
14.785383471955786,0.24788714681337254,717
7.429476431897722,0.0674310882542647,719
8.649653867911665,0.1734555263883171,684
12.006626929641302,0.19374394902893646,691
8.01256928897506,0.09999149404513911,686
3.073616404703092,0.19605897720159232,697
13.051401689798961,0.2604599559238558,696
13.051529927910739,0.09265413723757701,666
10.14151351804146,0.1540358929323179,692
3.0402684101290873,0.10185232677694203,699
8.22454603178891,0.13556053559685818,727
14.135097341809539,0.05077291767351031,725
1.612176350777467,0.05356583820018721,694
5.589833717217023,0.1582560015734911,705
1.9372000085997103,0.06162525116517559,704
5.187401839862053,0.16609253167304827,674
2.597180582274586,0.1322363571511854,700
1.8451940875618604,0.07373730467289934,707
13.03277810619766,0.1767901725142923,735
6.543839664700633,0.15688061878410728,713
13.304023743332534,0.17492268190322746,733
6.52518158346271,0.22665165715592317,702
2.9767141461044875,0.11282203199197449,712
13.031287167819663,0.07792010796898476,715
4.640764739360369,0.17969137838189825,708
1.189107392837787,0.20506436763321234,682
2.2525362096587767,0.014871887293051778,721
12.902574564226127,0.09409865731238778,743
4.532755753258044,0.12316392391288263,741
6.483534202263112,0.13950876545168137,710
8.342772171630594,0.19999418964855378,720
10.135787578365912,0.10878555938305917,723
4.3440545893051326,0.15725141760770245,690
9.21897855703649,0.07780984507255205,716
11.662801473787777,0.180274472623119,751
4.7454695617959,0.10158894148786057,749
1.1551546135182889,0.21583838790191623,718
13.487670853520292,0.15619607978145364,728
12.601563428694675,0.14799153454296712,729
12.43826348400366,0.07123369502149988,731
7.2921824398261235,0.07385763339093934,698
13.02025155233267,0.16798768323448565,724
6.701259222804157,0.01803982480043466,759
12.19837577909925,0.032896735010201586,757
1.471305587808968,0.19868902140546807,726
7.171188270545911,0.07700913219881664,736
7.6713576424042405,0.11496182108372971,739
12.674369045223704,0.10131605343426663,737
5.218517875022031,0.1239002401333042,706
13.749357128873216,0.05431266780455024,732
5.1190712999067145,0.15236809467657098,767
12.420624062299334,0.02797568143913723,765
6.7924240261245945,0.14150373502499014,734
5.284774801788087,0.1402426589326505,744
14.091405521123503,0.2500297680444828,714
5.966741057565206,0.09114992772727562,747
7.611071558997016,0.16219840471795574,740
2.003218749306571,0.041001810312207655,773
14.656231896772656,0.1194288152050054,742
11.788105051582164,0.12352434530187897,745
1.5404975423522778,0.0200084177978991,752
14.964332451985284,0.09595745321740785,775
13.007561851510308,0.19488215417171573,722
5.3818317519836,0.09979112405586657,755
12.048872640193501,0.2415632052972284,748
7.2906321119995745,0.12882039126349962,781
1.0968117070468226,0.14017253279167752,750
8.918168903756579,0.15472961622855122,753
14.25609535639205,0.12841209298946404,760
13.184821242574918,0.10747962732548882,783
6.032062486892038,0.22979996123512644,763
13.548532698670435,0.12875637814546625,730
5.708835171876436,0.045924129206634384,789
8.532067481462688,0.10438697320778167,756
4.004717788250442,0.020334104002396505,758
4.570088628520629,0.05875693651472372,761
10.208108503577895,0.14418701015473406,768
10.717955136196329,0.15066761532587414,771
14.913663745482404,0.18933372528596018,791
14.366516740895955,0.0781066851892645,738
8.166369312263141,0.18341348602599822,797
4.287111694091884,0.0611314907207901,764
12.998284430391232,0.10644067409505127,766
7.5914364048497855,0.07882304384769345,776
2.627239459981871,0.1955838785341478,769
9.919656686547365,0.11419963404851502,779
1.3370515118012736,0.0780253395978287,746
2.656451555543139,0.04607731919687113,799
5.258410353202881,0.09634716192002014,772
7.567476445163873,0.13849443488530683,774
14.089212531737232,0.17013788421812814,784
1.2130888234200925,0.2271484193318355,787
5.035447200519192,0.2020673659046532,754
3.0235807992334225,0.06951844911205779,777
6.772657490812584,0.06757993348148926,795
2.2109009698575286,0.08206990833034303,792
1.8878146947299534,0.22347963064551857,780
14.019983068069099,0.25583785241623036,782
14.208421536691569,0.20279406731276328,762
6.485050388763053,0.1111165710022227,785
13.857164774803602,0.023950768773980294,788
9.852648995706119,0.06522680098621385,790
14.1246951755063,0.12419700779569139,770
8.931074613039488,0.1305722925232398,793
10.573662700218504,0.13678946412665643,798
7.289095325087032,0.020374705185745905,796
13.755933927802328,0.09046599788189257,778
14.93634945302848,0.25596637793264543,786
11.822557721896969,0.061612943883424955,794
