7.322314798297098,0.10396497538717589,3
12.947062113692542,0.008073837742089602,6
11.789660562352555,0.1477341145858549,2
14.495718204577834,0.10273801555819871,0
12.530695598563435,0.19347322535891245,5
1.2604932320776954,0.0391251903137589,7
12.924615672367684,0.1139481008503725,1
4.337670913139663,0.19250742692876735,4
4.645090966577685,0.05037263278540982,11
12.2932304989085,0.2003006085024587,10
14.56869361167487,0.13047258708384643,14
10.42862646960524,0.27690222818948035,8
4.926804865647625,0.09355960021226803,13
2.9904866581232388,0.16627010592651603,9
5.444132144289859,0.10443075190287142,15
12.777759170526048,0.07081030925654129,19
9.294592943670086,0.1066522555033384,12
10.568968749165235,0.15945642908865584,16
8.375278413666305,0.20308911751737366,17
11.61458139981624,0.16717420486063939,22
14.20462588232986,0.18687330870972485,21
3.887297092386613,0.054924240523984785,23
5.442902204237777,0.17879545471333466,18
9.88488428676258,0.18758768755843583,24
10.466247813576036,0.014968626950379434,25
4.715978495402086,0.1252960638513812,27
12.156060224706268,0.06823517926285143,20
1.0487715810574225,0.09256351693687338,29
9.763978232466238,0.08646287677633624,30
1.8213982646040707,0.04719555346170268,31
4.68142371026746,0.14743559028914832,26
11.180704863189925,0.1910781418556303,32
13.260365063022796,0.0415378108126329,35
2.519572518767136,0.02759023262948586,28
9.90998449428538,0.12500116216428078,33
13.299219670793397,0.02517155219301336,37
11.118477845830514,0.23054355813184052,38
11.461676830937582,0.12385130237857947,36
1.9305361930375766,0.13976130094807052,34
1.9444176555804806,0.037597674107146,39
8.074302641047389,0.10849922536844392,43
14.53213004385398,0.14442357128875014,40
10.017001039309495,0.07111836040291901,44
3.0083159802956905,0.10660770090429963,46
4.738873481931406,0.05884585970266896,42
5.878708751551027,0.06585304491044582,47
11.524210618806148,0.11582503926151189,52
8.415340687499523,0.2567245621709401,54
4.522142152618024,0.04679355346844161,51
12.806913536455925,0.04694015580027259,55
6.744496947708316,0.14235550616188505,50
5.891095213221874,0.09986681202973742,45
6.219963823466514,0.08863859189598372,62
8.935252978804375,0.09718064297949336,48
3.568095030514473,0.15411699522036407,63
6.223414651643315,0.149393248092628,59
4.58781261178908,0.10967441531346794,58
1.1628284970671012,0.18243912929362527,70
13.820484990299812,0.20950701881884162,56
12.688228144124173,0.21424015413768452,41
8.078084298858041,0.06308772032541729,60
8.748856133112781,0.14898084971377062,53
10.616192049187417,0.1107950180261351,78
8.432167455072012,0.1039620867121015,66
4.831024219537866,0.062427583490307775,67
9.805662474720641,0.08109822972694067,71
13.426998319978718,0.09843949313035683,86
2.8650109285057477,0.06710555470722113,68
5.090196148164125,0.18255747483368043,49
13.72130863429669,0.04807921427598895,75
5.757758504823212,0.267987022390732,94
8.61376205839405,0.1710781224325308,76
7.01791378301193,0.1632347194344695,57
10.644615466624286,0.10140319445486355,102
3.402462442563766,0.08553396149118507,64
2.1933179675971273,0.1747397760955327,84
4.284676824374775,0.028526645348564528,65
13.35096330478221,0.05119963807563276,110
9.196088254186556,0.09327893487489808,72
8.357999926550823,0.10333759417347943,92
1.5481771351142006,0.04611742904501642,73
12.98292487042023,0.04715634609417129,118
1.1052853966891407,0.06018874909718015,100
8.575941093666446,0.06527207458945153,81
13.369617360779165,0.15118501255680147,79
2.770295524408123,0.11754319436761614,108
7.339794499179474,0.050199035922075266,80
3.1092887375985487,0.2301418537993449,74
8.968605230453036,0.17838386400678727,116
13.812289294808489,0.07739038895314544,89
11.906549411827038,0.24523750674215342,61
3.6570352793160694,0.20222153430623055,83
7.39521704314504,0.10073629749354661,87
6.21378041706625,0.07133049521601577,126
5.004564787981321,0.1499615782286386,82
14.791627603095137,0.10020457609798845,124
13.951946348238646,0.07821208550429476,69
1.7435441078634506,0.06431066001189444,88
1.9085130289056473,0.1525965598279107,97
11.224548536572058,0.14282165384910417,91
8.452120837819896,0.06608491453152472,134
13.729836930926146,0.1364469321025251,95
13.49219945919907,0.2735811521754173,77
1.6425388528284837,0.12910376888679947,90
6.770539488367272,0.2004891136782434,105
11.36114901414109,0.09322860236080675,132
4.32736776236794,0.1248451049892815,96
7.274352810287139,0.08808512384510798,103
8.287315378086312,0.11761774531815297,142
10.61997008335857,0.0668366425327281,85
2.435763116480928,0.04357530306360096,99
1.212733559452477,0.09289385653018879,140
10.19333420588146,0.09024333329733704,111
7.610639785694912,0.10162458873211573,113
3.8889167045645756,0.12547064141742698,104
4.602093292246367,0.17716103779904702,150
2.9491751427042585,0.25139751943247557,119
2.8272876982058133,0.038799326343183164,148
8.008999094638137,0.14883925136560258,93
11.36359817729568,0.1633341224978622,98
6.098902687644709,0.0799053187439966,107
2.9170950908057787,0.0068008050279326215,112
11.317164574292084,0.1930398890067473,158
2.973720773205884,0.04112054578418005,121
6.798509467531179,0.025521310894485068,156
8.917204877496653,0.09565185652340007,127
11.92349690824145,0.2021014437571915,115
10.540884116100159,0.08760001993423812,106
3.4937683889049316,0.08003387440547372,101
8.931068503954762,0.11082983181354758,120
7.406102967748024,0.0908149183029083,129
11.48648354459007,0.13201794114120585,166
7.482180670321613,0.15528336335892134,164
7.508397560460894,0.10437282640984094,123
11.372905897252537,0.1888156700102112,114
9.966093956759199,0.11728180272949112,135
9.841109487177803,0.10622238205383239,109
11.048859317408201,0.12079826073444946,128
9.777165723244657,0.10494214892242247,174
12.307360534951894,0.09464027860428294,137
12.679173602555526,0.21803901939256126,122
13.620258532655297,0.09712327146705942,172
2.31666613547348,0.05462103065622917,136
14.947043669053144,0.13811654399114917,143
1.3469812005909332,0.1522628951829336,182
5.0629841798160085,0.18013143858415978,131
9.547562912033754,0.07188244534845308,117
12.345812820440935,0.04147609206533588,145
11.460905128874906,0.16680114113606795,151
4.499837536922141,0.09135238651667205,180
7.144592843556913,0.06103644460576625,144
7.976782020426445,0.12720204205741625,130
6.865582313757509,0.06121039276232507,190
2.3325895925893843,0.014817331356817407,139
6.177428809406738,0.11923061243978894,125
13.931784003111158,0.04690621308784019,159
3.1514363582402694,0.07939217235056482,188
4.769491661181873,0.10793570601380352,153
2.026788237808555,0.16225233420267504,198
12.266621886165558,0.1602257287975435,152
5.252211478487271,0.11816833066516508,138
3.5561559949666313,0.16662585847846925,147
6.220239047204711,0.2032435779360665,133
6.61256147629591,0.24731897111377832,206
6.228850782148608,0.11946258934742622,146
13.850490615095998,0.05747069287950657,155
3.836124755239391,0.10592638091204372,160
10.46049584412862,0.0976934024644992,196
2.682048624933842,0.04105067594516309,167
5.779285800782266,0.13464181186822052,161
11.431649883879196,0.1324322354816568,214
7.773990132917309,0.09207388231501759,141
12.963530488848296,0.2632591725748936,154
1.3166222359544413,0.11902957881783449,163
5.920727367296808,0.1756773960461852,168
6.898740264477984,0.0585961409786519,169
12.456655672748472,0.11525886978664586,222
10.396680917215603,0.1295237203552456,204
8.3044804075232,0.16552916106333115,162
8.94731970398603,0.2827284233750296,171
2.9403525655245346,0.039385693314467035,176
2.7829126730629326,0.08186390241203893,175
5.905838812892531,0.116595480070365,149
6.735744527350412,0.05365986704988858,230
11.60303821662427,0.12356058241272222,177
2.5113360657262467,0.1640721116911064,179
12.821823172391204,0.016331771395774308,184
9.950487496562918,0.10951143414888061,170
12.406623039722417,0.21714735965736362,212
5.500758837611716,0.14197804880089507,183
10.266755886383718,0.13223917472565838,157
9.651139326754839,0.1289494973829821,192
11.463504337636566,0.10492548560461634,178
9.291719984109642,0.0427724256197905,185
7.3354639995009,0.09416326855270164,238
5.7440327054113105,0.26452275717501395,187
1.9702507540064136,0.268081305495707,220
10.74694847950942,0.09679593758553963,186
3.1934015258905473,0.022653930194400304,165
5.502694834713351,0.09666682410888555,200
1.5535774489580567,0.17188205681820384,191
10.42905804211019,0.09091165755123877,193
3.1199080095900342,0.01877893948959426,246
12.81000624490595,0.13579020878331724,195
14.259626444783557,0.10585388403710523,194
14.417845716576776,0.08852644041603185,228
2.940712634757795,0.20188819193822805,173
5.5276536494263055,0.09559213391519349,199
5.644615506784942,0.08999562810493861,208
7.545474597380181,0.0743900542778037,201
12.334676986269962,0.17121070838379282,254
6.948855575622188,0.13582417227865642,236
13.503200124057644,0.3277595884232251,203
13.37734088085622,0.03214067783065854,202
3.712653956474241,0.05365295302761175,207
11.91195273994274,0.036681455772226076,181
8.143310334599157,0.06630144913879109,216
4.107400216880146,0.1084676662061918,209
9.301428857736473,0.09578512805789591,244
2.2076798493184104,0.09877501870992866,224
4.460768165263219,0.28062335778430836,215
13.965137159844327,0.10252598275139334,262
9.151352587280563,0.19129191087770425,211
11.525419586544546,0.11746045281307352,189
11.896971411253736,0.11630721872333674,210
9.444919347086751,0.13723924679117214,217
13.101213683647835,0.031460623702236894,270
8.043537451706973,0.11712106979466785,219
4.70302651209189,0.1599850095820236,232
14.72666203224464,0.24416159890695088,252
14.18180411678856,0.07224223229219996,227
8.168776258380834,0.06813357800499927,218
9.500231396956272,0.06242498438941623,197
11.61900088298921,0.18136269364144372,235
1.134276282030506,0.05365739137181148,225
14.988101473881445,0.12430864309735612,226
2.5795313365283477,0.20416505552482228,243
12.752564007949802,0.2618974406949806,205
6.544743157795832,0.10820907054373444,233
7.198864601844568,0.09084389405747728,251
4.718015960297827,0.17102101531027658,213
7.818407545326335,0.09954021080449109,234
6.212006952199911,0.21473751696268245,240
8.029158361044578,0.09332456342586469,278
14.643589643804859,0.11396059663975522,223
5.860061428367352,0.14048145960155153,260
10.727145358696157,0.17513615887553413,241
7.427149795033168,0.11928079863656438,242
10.210021308829031,0.2969487905400181,248
7.5434250011513875,0.12704829197486645,259
5.047122752918297,0.1739809632207608,221
12.754082805783895,0.20843324111277817,249
11.584948327679486,0.25516409869597956,286
10.475800562526999,0.15188268000985983,231
12.188457755948813,0.22234875619979513,250
5.314278562667722,0.04701962946136304,256
14.746329810774526,0.17999019656009457,268
7.688935690653148,0.1722321851560686,267
13.570022875791782,0.0969749168326216,257
5.69970815330525,0.21934674568039525,239
6.259694940379308,0.03294680665145459,294
9.345842798875374,0.07716781071426544,229
7.553188111446059,0.17327691858451766,276
1.1040305918055833,0.030275293015769113,265
2.4173782347859443,0.10563844207937399,258
2.9701709217683594,0.15142285886031925,264
11.783902529623166,0.08721568614190893,302
13.924381747594747,0.2462980380467309,275
7.6305852371619975,0.13884117069639923,284
8.90092674458522,0.16355821350237387,273
5.989919648680461,0.14507931603548246,272
6.549947509229799,0.06373591854142213,266
6.272569494391131,0.029578069769358745,237
7.583187447052527,0.021270509908425637,283
11.521063875139886,0.002586715983270931,247
9.963748737681046,0.12405175804499176,280
5.91493381877951,0.17825732907652947,281
3.1391189208950117,0.17950627453778276,274
9.521627708092803,0.12906555378980317,291
1.010735460711872,0.038114989471239376,310
8.591930648258447,0.04022845663405828,289
6.377830403519724,0.1336216228032163,292
13.444334270520153,0.09856782794492547,288
9.931682137668474,0.09520560795476124,245
7.715630742516923,0.10594329792541596,255
12.02535097001227,0.1036674330196896,282
13.309830479666005,0.04515836988139038,318
12.137938736507863,0.26595770544908115,299
1.3938713747849576,0.15300850502803767,297
10.214251986239999,0.1439847035064867,300
14.897681772963251,0.1471425532819916,296
1.6239401381280438,0.054506807991781404,263
11.863790669875524,0.0516667193898691,290
11.519420555375035,0.09209121032030847,253
9.384114467243505,0.17141559862629896,326
6.294480124339253,0.146470506093982,307
11.549374380693795,0.04310843518031137,305
8.951930528488543,0.19709866159262068,304
9.404841033687472,0.09515245748417944,298
7.802592940695402,0.18428910402165963,308
10.07245633435047,0.06922619002896228,271
13.930023927653524,0.24488205663766482,261
1.057095515966479,0.2287404498871752,306
10.901020876531707,0.2233678397398288,312
14.031416184764275,0.20939435259159073,313
14.973443591764724,0.05740618180290431,316
7.798093137212695,0.21536112036107344,279
10.995022214391257,0.18649685207674968,314
5.516084494687304,0.10921952732643468,320
1.7693768570263395,0.20889304711219392,269
8.838395928646335,0.05812030662853022,324
5.562057505038915,0.10229286941893567,321
11.191560938246962,0.12744176705809523,334
5.143520261279007,0.13825802470264856,328
7.966214326128577,0.15774949106445138,287
3.6300738219974207,0.11861099570735607,322
12.591351283537199,0.02466359243498412,315
10.254996970905594,0.1836042664611451,277
5.354850027626396,0.15441879798056263,332
8.836102736957908,0.08369884296786734,336
12.400487734406616,0.16624402256034151,329
14.232616474903628,0.15167024500578818,330
14.612653686520787,0.18041126816034525,295
5.970571500430114,0.09770860333118198,285
14.167094494921685,0.14637332238828477,340
1.3115177475050377,0.09521700290329847,344
3.609183771709133,0.3243989275782997,337
10.99552789851796,0.04904455358505979,338
2.270497877780667,0.2895523576091978,293
1.4525710138262715,0.11074972019629946,342
1.4385634034118147,0.16341940650463083,323
13.533787440319019,0.16073764723001038,352
9.758315837670358,0.0667459702506215,303
11.730127364952711,0.04925927910540775,346
1.059158567360457,0.13560215495983982,345
6.023497678498505,0.019350228074879544,348
12.570364699836572,0.11612517570057,301
9.35740652383279,0.07258460500402975,331
12.158216633248404,0.06601803176639759,360
13.531288780265117,0.09363909305243011,353
13.433676106836906,0.08183575877856533,354
5.718375687737886,0.1360198530222518,311
11.330415018073062,0.028224509581662213,350
10.994230345287098,0.2753388943867381,339
14.646357678265819,0.00788197939113315,368
4.270515246928557,0.13032835973841222,309
5.630977857262492,0.05251608853965853,356
2.8022293507493226,0.17154703518442194,361
14.702342543216124,0.07396623298149291,319
2.1787941612589083,0.06872044176780126,358
10.662275493249265,0.1861763490650417,362
1.2289094698058498,0.12069266857015654,347
7.015563730742293,0.19492279276113234,364
7.822613449379766,0.15028039719976916,317
12.258962438050311,0.07873793015079072,376
9.899673017098864,0.17784143562070948,369
7.570611458383883,0.12152402638989986,327
10.479195536451282,0.08191263065431881,366
10.293517255101493,0.02798085084335375,370
2.6534640520175787,0.1118123390089664,384
4.374156857494958,0.11620059057253714,325
7.736231762858954,0.11648228499890463,355
14.232500757053142,0.03432064695388972,372
10.22530404469765,0.16073576630789327,378
14.862258438274846,0.1332840672722366,374
9.319961133213951,0.1481184510649197,335
9.659276798152607,0.06391770856350674,377
14.932028125865296,0.18355690174618589,392
4.15332862835856,0.13340244339824905,333
2.9834097544157907,0.1430530238731472,363
1.0721881206065316,0.07353394209400181,382
14.576417714391825,0.145704492809875,385
11.966637037248725,0.048762425078255844,343
4.844387206567348,0.06076916109716475,400
1.8233302530924795,0.2826145162617525,390
11.895795374837329,0.2008891227293933,341
10.817372366079166,0.03589732366866227,393
13.32996243257604,0.0989205492113939,351
11.0001354432896,0.30744084534276217,386
6.100007960783107,0.06789544937551112,371
13.42711678353246,0.11321924984695238,380
12.298578034303866,0.11115378716904484,408
14.337802642388063,0.12902526149708599,398
11.537269820279354,0.16033497864128085,349
6.133603133580514,0.09147454389713325,359
2.4147531430462967,0.10896034559086082,401
13.880017289387476,0.23959612595949797,394
8.681988607632881,0.01656301348284565,379
12.608784462665772,0.13102286680260997,367
13.89317932140492,0.030818281013121354,357
1.105754945094433,0.14446867673703037,406
1.9602565167435644,0.18224584964774088,416
10.370943718862108,0.14291013256919988,402
14.781061946140069,0.11559895774244329,409
6.643333340220384,0.16741835988104434,388
10.717253679177146,0.05977769927736801,414
6.208781129137372,0.07869311969447636,365
14.23683545276382,0.1411002271179673,387
7.953947917649631,0.19160193013123378,375
6.365157653231661,0.18431191541356395,410
9.471995615204404,0.023498100055603405,424
5.4367796479074695,0.11858052302272944,417
11.096272318326271,0.11279217829512322,422
9.689058907935332,0.1575327393973613,396
4.953688787403859,0.21272045335194095,395
7.532332263979255,0.21391118854570537,383
10.315332506882623,0.18301058875555468,418
2.7944030235929507,0.051892705659869344,373
3.1634764576006793,0.18812850454736932,430
8.920731745748391,0.3649637870735218,432
4.721939927999819,0.0517484414248982,425
11.571351231178468,0.08381800148854245,381
7.108443723335742,0.1728136230175112,391
12.738008051566862,0.1402937147803496,438
9.749796668181967,0.09431626712859348,403
14.91947040839054,0.04337474184086699,426
4.030508210806113,0.13271464713456504,404
9.71528082360625,0.13112191202578094,440
2.8419818014452183,0.12821076528352807,433
3.805677851563354,0.10673893541553187,389
9.411520276147225,0.0851937133162537,446
11.408952784068411,0.22875671737336145,399
6.621836527431223,0.1861108908354266,411
1.7915199042726573,0.11429423150964023,434
4.098980560402413,0.12507174730061438,412
9.418407296763583,0.12246712405831638,397
8.227372770582182,0.11561484194303027,441
3.640372538161873,0.044486538981932916,407
8.832546335294328,0.11262512000144927,454
10.170505806748741,0.12026249606870594,442
13.59564670790389,0.04529098069169487,419
3.4170960198533518,0.1606685059610441,448
3.2285489129424016,0.09565961217347675,415
5.371900078098005,0.07908032701638751,420
8.420533978716406,0.0630911393640795,405
10.069015361147207,0.040455229799667196,462
12.253423404233985,0.12958019699824205,450
3.6781706472535496,0.06455374440982309,449
3.916509236868677,0.02049532615081166,427
9.778006454896646,0.22473353537250343,428
7.296478317833863,0.14329434207600839,456
12.108744267898393,0.12744291792909046,423
7.841931572638417,0.15770761806842956,413
1.2944050486730794,0.22693901528400784,470
14.510985336730203,0.07516340357870388,435
12.421858499885502,0.060917509042767395,457
9.776147092123963,0.21798537177061675,464
12.228794914890212,0.0950758843553734,458
1.4763401198890798,0.23886533735002147,436
1.6321994366836285,0.0595363930431082,431
9.761561972434295,0.25195135441292904,465
7.548109990140791,0.07734049900255667,421
6.8543085408434505,0.07382616288311333,443
5.322681040956573,0.1107151546723598,478
9.416355676015998,0.1514442388219719,472
5.011084885618842,0.1424057259873648,473
8.215918766054854,0.07547470250922567,444
3.562149321111476,0.07809319426889523,451
4.083512088380602,0.1394887814362988,439
12.86486737084551,0.1690982840991781,466
8.030546759195985,0.09493579124615496,429
11.736993335105169,0.12419588446992223,459
7.852919617763538,0.11250085115605811,480
6.437967517545535,0.191459119987671,481
10.268020231011736,0.16850942158780513,452
7.163254815649134,0.08624117381411178,437
11.533344316966836,0.1503512723832088,486
12.008972154567733,0.14569526992933393,447
7.255086611197746,0.017166298677894376,474
8.018257444130828,0.17311439984569021,467
2.931784104162106,0.04973474711645684,488
7.016460534482196,0.18807896905466412,489
14.987949594513193,0.23507353023772334,445
6.348466314043343,0.16362703608305373,460
1.4999791650801995,0.18499760371878793,497
7.274401868210123,0.1481849427301884,496
5.171579084995694,0.1512769404619424,482
9.239242296339038,0.20232042593191513,455
7.681616729606276,0.12950865871815712,468
10.975884510049548,0.12646030950558376,453
4.000444824786923,0.04605415010198523,505
6.676782250041564,0.1034651113635533,494
6.458321849471254,0.2683635887838516,490
9.69759067631001,0.16324251884491897,476
2.6472568408701775,0.08639699124031949,475
8.626161894506787,0.2463690803728573,504
1.0349270559924153,0.10354872631629164,463
10.4026967740693,0.20556692253631206,461
3.0464686070875535,0.13251184927505663,502
8.201863973481041,0.1664154221948022,513
6.396370192238685,0.0889091769139577,484
11.945649605011903,0.2586778821207135,498
10.32523159917374,0.13507090040345984,512
12.34776865392352,0.19015541984907938,510
7.924788283028073,0.0335121797468404,471
6.147857831705771,0.16097606648778104,521
9.072505360261074,0.1778622317986308,492
3.6214012279142302,0.11399335734805212,506
11.23016184607112,0.08802257459470955,518
12.910754751092169,0.04379017012735184,483
14.892596118339751,0.07870516025046581,469
8.231242485570894,0.06087678736574808,520
6.707431433819435,0.13431389975550082,529
11.595036653594933,0.23016497548409817,500
6.824994907529694,0.1737236383421381,479
6.440136690900341,0.12750378842401774,514
13.351906445243445,0.09083960313477556,526
5.065321469618314,0.035478264805575026,528
7.90026762949477,0.07671274586755435,477
12.687580867297749,0.15415977104658543,491
4.131350460069837,0.20802978125179147,537
10.117978781886757,0.027270969781292315,508
13.014914212451504,0.11662595842600908,487
8.925896996318397,0.1439163154090107,522
7.306803576329411,0.10116436043013517,536
10.947943477734045,0.10723348810339735,499
6.086126100656934,0.25887749736432175,485
2.897003299993562,0.10758531717088782,530
1.5488997906545117,0.16420151399018873,545
6.225859860381247,0.09976222574394189,516
10.016175998587425,0.1169924754536847,534
13.725197760355526,0.13984748375108372,495
5.669583363526778,0.26417432695424775,507
6.383953399807414,0.09751853040393027,544
14.979530135807812,0.04493231452836878,553
9.20878898348423,0.12394411971409108,493
1.2435408508928623,0.1295619411736254,538
14.612825327974765,0.1626689335914705,524
8.628154033590727,0.1264519480009482,542
8.411849493718195,0.16532548037416794,503
7.913298998421156,0.12340522806458226,515
1.1215036036844175,0.022050879061148082,552
4.325019499874042,0.1902067652940782,561
12.118987161685554,0.1459554207156947,501
10.845396986303523,0.08310113686816856,546
8.423052192991904,0.17008226656812994,532
12.937380603873489,0.15245544894042323,550
12.780255420640353,0.20301982670895696,560
5.202295968164501,0.12481050445031681,523
13.205547855694943,0.15082193005778777,511
14.988520467868728,0.08800430621127747,569
2.0032669269035313,0.2090373630815004,558
8.60883898102232,0.10860361649487311,554
8.190916020177333,0.15400340337961332,540
4.915574561823288,0.1488043769476963,519
3.60624686877416,0.09472889941145524,566
8.746507528575009,0.07849523792692677,509
11.556283937681446,0.11877557975758975,531
5.724376905590705,0.07028668828820746,562
13.161282979096956,0.02109933799758794,568
6.177130800431453,0.14179077518199043,577
10.713972559869102,0.19126029495583963,527
9.141938410499037,0.14098459545641334,539
12.694532746567006,0.1484625175157004,570
6.6154506634738794,0.07646223732383677,548
2.1991888392024572,0.09307604538609487,576
8.891798289402931,0.1484268585502559,535
10.119758311958353,0.041295816468477374,585
10.527389688390016,0.14480169547172353,547
5.882259885767373,0.18927893339564045,517
9.650060644209352,0.186320118999024,584
6.210542840555384,0.15273875908997703,543
4.440869282647889,0.09233817631321606,556
1.4391609929691767,0.09053143068204979,578
9.476880210013046,0.11356675335604456,574
14.00031007158583,0.17807435920506817,555
13.048118200974839,0.051079852071961196,592
10.880268007801545,0.28327116268317354,593
7.18722377217088,0.08462484705461897,525
6.110933840277587,0.2060370081568845,551
4.852700345856831,0.06959509289206181,563
6.329530226168899,0.11740318515011228,586
9.506216022407791,0.15721047106849373,582
4.133617670356156,0.11907631928002532,564
5.314296655004486,0.12923464379906277,600
1.627013758009513,0.08711858076244276,601
5.316172051724801,0.12683489466220707,533
9.60478816056682,0.05902742776485205,571
12.887154313296483,0.23465329378916544,572
3.7151688026946537,0.17258356975361214,559
12.97473491029816,0.12252143551410562,594
3.1614447338668192,0.02803793246553988,590
12.832157999927079,0.08250442483309632,608
6.8367036536001535,0.003426135209282063,609
9.952233718104587,0.014879173229449842,567
11.156412922410693,0.1385015516389497,579
9.572629054167232,0.06598154387303444,580
6.669027384815407,0.04046781829543345,541
9.319989924046752,0.053164081713472366,617
4.660365244693001,0.058226237411122254,616
14.000445868410942,0.23181586697668496,587
1.500910895698834,0.10005294450661256,588
4.775749760714425,0.12247580104691638,575
7.200299277573783,0.0804545590524691,602
4.6106041103202715,0.0532267176517918,598
10.05029785500563,0.07219086040147364,625
12.933906961031997,0.06009743292045636,549
9.000255574112385,0.07725994259534165,624
12.385159850536663,0.08429405860467205,595
14.287338547262316,0.09679388897962084,596
4.508230835060308,0.08094806799798646,583
14.258733945841081,0.1419664308837149,610
8.545321927564329,0.1372879796165399,606
13.483125095808813,0.06804686411616953,633
13.077241197305694,0.062273950357593505,557
9.628482510813436,0.1589844155046773,632
1.3062651048265812,0.08494699895731539,591
2.1752171592453404,0.1819483045177797,618
5.673280309352943,0.04827835889588057,614
12.739542623398268,0.040686649337066116,604
13.251130149400103,0.11089019795988148,603
11.457889593512382,0.0794050883141392,599
9.60233427050015,0.058206732132138686,626
1.2908773614367202,0.09305586446929724,565
6.095534860193939,0.12240371689859164,641
1.4960321048121026,0.12124666786728078,640
2.0611217886483018,0.09559599912967821,622
12.586272512454194,0.2572847781181916,612
7.914067984823294,0.09357035713479879,607
1.140195354096195,0.21339776104775826,611
11.135403613812512,0.1104355227000255,649
5.8587309837414185,0.07978114830572383,634
8.67011049286119,0.11435268650864505,620
7.228929348248718,0.1495437280041753,573
11.505076066340278,0.08530490009524076,648
6.379296475722956,0.2051335338537658,630
12.38925092969387,0.26851333961817286,619
4.75097081923848,0.20434415118428242,628
7.476016904918135,0.14361330811938863,657
5.566352162096641,0.12680651746383545,642
4.338764049675019,0.14822426458545918,638
10.243762630896065,0.05207891579187647,581
1.2798242752308986,0.12253377993289537,615
12.926621555920189,0.1951728876205593,665
4.750289643489868,0.10314986535848783,646
5.192222844369703,0.30838223732877906,650
5.173681593198011,0.18449273803631133,636
13.239978323030385,0.13324110910439732,656
2.7367512966417253,0.10625252974074438,627
1.3733637906951428,0.020204839641581405,658
4.618905164369864,0.09486959831323971,589
5.703181883067446,0.24599477702872932,673
14.111049894951169,0.16512312868121584,644
11.038296198945753,0.017685779558715517,654
13.974202067689566,0.0867325984356468,623
6.290241777538355,0.028405460206287526,666
6.311070910278426,0.20805403629539143,664
9.32068746698951,0.07966299889799716,635
5.47438559902916,0.05942334542517086,652
14.358994437257163,0.19811141849392108,597
13.247359480508402,0.05778070749144831,674
7.286170006087044,0.05996418840885298,631
3.229139195009357,0.1319773079703278,662
9.861031308909734,0.10310814313014366,681
10.136048029961218,0.0766836351186942,660
12.895303528474589,0.09461275103220747,605
6.829185328304479,0.025177314222163988,672
11.31529862554206,0.08405220626811091,643
8.817050329912952,0.19122167639098592,670
12.210645197953388,0.07323872637846303,639
11.39574044303947,0.1484553164021784,613
4.179044146770811,0.18116093894003138,668
6.665175491442517,0.038487227728362224,689
5.859592562808192,0.03963237207469969,682
11.131838296602538,0.06687538888667359,678
1.7345016213324593,0.0926595933755824,680
13.02245157301553,0.08020847005524026,651
11.831248523602627,0.15547426115872373,621
2.787116719847293,0.10672106458768991,647
5.856793825992128,0.05858007201519633,697
6.276705282126205,0.058396744218893286,676
7.793005757160982,0.10205089948747686,686
9.45943553955057,0.12484034679573204,690
11.581984247593656,0.005670797513587763,629
3.121314570722414,0.05556520198498708,655
7.53959849290257,0.06356941683110813,705
14.599508979766956,0.23237229920355898,684
3.745790139422902,0.13254102482582128,688
4.268792150120648,0.1537025154782615,713
7.404916866587371,0.17832580037885776,637
1.5785486580166284,0.16409158649718458,692
6.468495405906533,0.10528304307816186,698
6.4241815023840685,0.04625311795312667,663
5.675422470835578,0.14055264431618983,700
12.723846218158387,0.12988524365369122,694
9.370780783929717,0.32598961428452417,721
5.616850844868014,0.14715541291538123,696
8.618261416311839,0.19135525760060748,659
7.5884834323058,0.14271779373317667,708
1.803324183829132,0.09164029897439896,671
9.02236949320729,0.3253337256932287,706
13.100840370804383,0.047911769554085486,645
13.583924402976743,0.008554905453651352,716
13.566137970529162,0.09559869861566948,679
1.4795461145792668,0.14223146420169674,704
8.733922162037977,0.034465251022673477,667
2.6051983204189337,0.16938640678869946,714
1.6744928109148938,0.26441384445661825,724
4.693636610755526,0.18638635640450274,712
7.315324587861307,0.2643364102103804,675
9.977627571779925,0.052605008052017566,687
11.39626606267958,0.12394845091914067,729
1.8312591564091152,0.07929820529140469,732
1.2830447397282947,0.2221867685771716,653
9.647405305018538,0.2050304471810112,722
9.938861058386879,0.020185853228386896,702
6.315391479628676,0.1903911693946833,720
9.972499632991818,0.08083871816822064,683
5.231396409990434,0.06553540873874486,661
3.6832833495364676,0.02433239246570319,740
12.269298038946278,0.15355110364136573,730
10.205654760261462,0.21715030575306776,710
12.699616922987854,0.2577457724320143,695
2.890269402609084,0.17646011391277944,691
8.24816386781695,0.18411042696919783,748
8.022392664387912,0.08106420105177407,738
7.031289977502145,0.05579423961147805,718
5.920259161209171,0.15115653085498265,737
3.371496837301809,0.3038383160675624,728
9.861710694405721,0.20502129419819762,669
3.895266202089565,0.10407842968655492,703
14.584173080146718,0.10120833966211656,699
4.053566137270444,0.06640965906322246,756
10.410334118487038,0.15136009289915853,726
5.381762728979518,0.09577801222776186,746
6.021834043580121,0.08843418967199432,745
3.8051161698853324,0.1213378443336986,707
4.595735537930544,0.14384897251771808,764
7.580335905549628,0.07438318639717516,736
7.899514785947888,0.2272476334748743,677
3.3891103325875545,0.1669096877422742,711
3.141371562894148,0.14037159355340803,734
6.016652764341528,0.1210420807080545,754
1.4742067637547063,0.09770649399708883,715
14.051375304291739,0.2122985210241343,744
12.044932322407082,0.1115414147641096,753
11.039628184152445,0.1851758990916868,762
8.542929927566748,0.1114537344649944,742
13.175783385203783,0.23867233956406173,685
2.515053132805291,0.0653687215542121,752
13.353895197169699,0.15654896268474072,719
8.015419092451637,0.16479385018169054,772
10.808084189610081,0.12888739305119426,770
11.482408027556827,0.21096962590207982,760
8.358704186051629,0.09275882406952835,693
14.02343073762632,0.08412157842803622,723
5.878106843061795,0.11285199017103416,750
3.4350292989889315,0.02557895805376493,761
9.933109456663363,0.0874237852506435,701
11.82865787947678,0.04641193516735762,727
1.6801107444607117,0.11346005793052455,780
7.244032864371327,0.0671634096060547,778
5.978910578673275,0.16235722287888235,709
2.5913194754124116,0.1980107594608218,758
13.557201550989493,0.11554318502447675,768
2.862307894305868,0.2597041489260609,788
3.612745676009216,0.07094934732070153,735
12.891385587776712,0.08686750013147025,769
9.91310655793063,0.11382226032666709,731
6.308878357669077,0.07770504847550094,786
11.09592336064408,0.15585973801432274,766
14.208315627077184,0.06831013550322661,717
3.992229428340811,0.21057730199011104,796
5.117188576519995,0.12263681335849992,794
14.612892034496621,0.2051023666304976,739
7.05900635428428,0.06670497735851333,777
14.735692800855444,0.05285616015379244,774
8.9742807000168,0.16576420177508627,725
8.613322960476571,0.020875911880978884,747
7.912198574682929,0.07390660063601416,785
2.956075009592132,0.09055447933252744,776
12.657478667323726,0.07968477446134731,733
8.478094405909786,0.061864663164208925,782
3.0390984079408057,0.048650435362216936,755
1.8654800308068087,0.14824378829233914,793
6.735565200640967,0.18834322528231234,741
3.0987577628371077,0.15879360850200452,790
12.020006090144694,0.07270527868869724,763
13.803378010335582,0.05363951614603964,784
11.93307972388868,0.1252663381534599,798
6.311331791316759,0.06821901561990357,749
4.926934125286372,0.15121456644972664,743
3.2020566634462755,0.2698771846912555,792
11.23850272827779,0.08255358945980502,757
1.6138781415766965,0.07356872376955055,751
14.408701490596094,0.17422815184065155,771
1.1242835701317802,0.17614501960613274,759
2.4906243833415536,0.13859550434617837,765
7.7813259023658965,0.10540728519763441,779
10.92259750074084,0.1032521526340998,767
1.9758571871867652,0.15780667972743803,773
13.695035296077945,0.2604752654559274,787
9.799370054265124,0.08833487783757263,775
3.6160431535656667,0.06258246474005996,781
6.5654012721065635,0.1512276031582647,795
4.844567068198769,0.10270212810985634,783
9.413152581664198,0.16574818985365888,789
9.422179140673821,0.13592527728021217,791
8.405568766564425,0.09606008151108195,797
1.9840177796394858,0.16211090561167413,799
