2.8268137504342317,0.17510266437390018,2
6.683081455773244,0.11366016708932328,1
11.290704246617816,0.11307304289985219,4
12.759294755986152,0.21071905415514475,6
2.143233316574942,0.02356464915974587,0
10.520480514730037,0.02695421695626194,5
6.272818380687408,0.10302875252000297,7
5.074424966667692,0.08873542989246826,3
3.8090548356290768,0.07504737531739131,10
1.8422426995563146,0.14131310939340744,9
3.3756208018675578,0.14502087257456286,12
11.438568719989512,0.12028486039784392,8
4.271451986028737,0.10127506357428269,14
9.474328094486658,0.05363418574031741,18
12.218885371112789,0.03181237673968477,13
10.638355105302441,0.09107494844876796,15
12.150401710189412,0.024324604664813954,20
8.55342308249197,0.11424589998648263,16
8.036246737295578,0.2792945514362595,11
3.364455383725007,0.1980052820949869,17
6.596262688391688,0.07487470183394541,21
7.327215398646119,0.09630940460291627,28
11.213943437469093,0.1247050263903951,26
11.29529762950974,0.14783590881100342,22
6.36786776592721,0.115972465175474,24
12.00303780141575,0.12435193420750422,25
8.854765441264545,0.09686210533031564,36
2.7802030418381873,0.06814802318803867,23
12.303125509572666,0.05761104618015464,29
5.008452014875666,0.07614235115318085,30
10.718789302448675,0.13804135066476778,33
8.158384793979303,0.1138527799187688,34
14.484449047658075,0.18401519016597365,19
3.9224862844550206,0.13697009859491108,32
1.2175305500446472,0.10103258331832383,44
10.273204726088492,0.054201000792642166,37
1.1395485389716102,0.028631038128086313,38
7.245236377652434,0.14233542767248136,31
12.962087322213296,0.12965091660409375,41
3.340165824500973,0.14528664105816266,42
9.181561476931565,0.06778730105854677,27
4.535672962868618,0.17872887235723098,45
1.638342109510841,0.05580199591122399,46
5.152054759509401,0.1125848567230152,49
4.179117474234447,0.17245860465492302,52
10.187629519275296,0.07216348484109074,40
3.5826971267864156,0.050321302842529114,53
7.587966095732728,0.11191609474969531,35
14.970420822510384,0.0705733228132907,57
12.336736203433858,0.07209211353693022,39
14.734693933563877,0.1007527416208714,50
5.272481514526654,0.13379920561745726,54
1.005032842284966,0.11870400661351253,60
7.472422037470486,0.14784302149980713,61
5.076264391153385,0.1245656811981559,43
5.130883488720526,0.05236695509820588,48
3.3009085140539165,0.04852060909175635,65
5.7370698698677725,0.16618470019739506,58
1.2678984270075915,0.12639576094345695,47
1.1122615423175837,0.17826201967581143,62
7.900330355883439,0.11932356888029311,68
6.9466012245594815,0.1327248380081636,51
6.972980793469567,0.02398900288915891,73
14.321571680219405,0.19564243432673126,56
8.945834572403713,0.20228400890466347,69
8.777454913860486,0.17581603349005145,55
2.8878982192005385,0.06906686373586267,66
7.484683550646536,0.10010986606856467,70
6.107656698339289,0.1493939358732052,64
2.0498775022967752,0.136980352591339,59
12.272860289365784,0.1549450619922547,76
5.44478282367877,0.07932952396442727,81
2.157073957084671,0.12428552271982972,63
12.973165734815623,0.21276094796225178,77
10.969415750122822,0.18034125481140054,78
7.85641024205889,0.04438144865977194,72
14.880939176287676,0.05416337999158906,74
5.86124306429751,0.18714171100177296,71
12.856842977113676,0.2510661859257836,85
6.040897740211036,0.18946911541358044,86
1.404091147145315,0.16588335710440769,89
10.472822542911809,0.11315509955876941,67
8.01368495780648,0.030206545975918604,79
5.671389543399261,0.2990788897954603,80
14.12998667531403,0.019364398937506088,84
4.906413422934558,0.08990472986423992,82
2.888710278943625,0.21426577471171188,93
5.8680673241799814,0.1192727343661076,97
11.771982700584672,0.06769161285414463,94
9.114645514760408,0.15040468837208987,87
14.680411326142535,0.28780360086230167,75
10.793678116421122,0.09060086582436051,92
8.784093931032407,0.24696886459693432,101
4.327712540563554,0.1121153466986916,105
11.716638614099075,0.18178697097386687,90
3.6398471338952687,0.007118529179049817,88
12.238271918013748,0.1274047176500636,102
7.222735499516386,0.07863805364401433,83
4.111125160244438,0.1498372042742176,109
7.187825311656245,0.06250451976566963,100
9.607955577797433,0.145392919448604,95
8.356597421063682,0.1743662977719172,113
12.967720460015999,0.0605053507940268,98
1.672609054051429,0.034544678656373874,91
3.4853540157269522,0.08959459437071211,110
13.1653083590084,0.22939678494824445,96
11.308545357303613,0.11474500173460843,117
9.207977703856834,0.054941920258323965,108
10.614742297267767,0.02447748640368546,103
3.128745995425579,0.0759885184676648,121
12.775247500452956,0.05341222850274008,99
11.063273475153741,0.19206856406071157,118
12.12526592626617,0.19270803173807705,106
2.1232891626413,0.2817891405899288,125
13.684254509754094,0.03737087703126055,116
13.966043602131252,0.054309135482512705,111
2.2430003035764168,0.1382591788389769,107
7.506971205574046,0.14700958719050486,104
3.7532353552332216,0.11229019290144567,129
3.307539878945759,0.15931345943797415,114
2.469680372404803,0.08265403614593743,126
10.46636979400124,0.13271533492181328,133
13.099868001162823,0.15571167263812521,124
14.493885668505932,0.15082786783725965,115
11.086650084309243,0.21323429774330385,137
8.026317057987026,0.011689326003174419,112
2.678561982936182,0.11435179897279485,134
2.2459709864395077,0.20506516124693472,122
3.0907987913270016,0.10709565501861214,141
1.6772352397959849,0.099336205105138,132
12.15159077666435,0.07073342057361053,119
6.045881458537081,0.04497294830363983,145
3.018431648418857,0.1512640831816274,123
11.325078269702892,0.1972045146969191,120
9.644683768160219,0.13238306481261364,142
7.0361390282708705,0.030392793599176456,153
7.683045492157925,0.2332919224808411,140
7.816862175824333,0.19593030345237025,149
2.4170596431352167,0.18461623537027239,127
2.748957848486397,0.18070032622113105,131
8.882327813925615,0.035632361841549984,130
11.620080200067807,0.10238802910584353,128
8.26694676244809,0.11220679199748028,150
1.4757630648219087,0.12535409491091198,161
13.621220064958782,0.12386433640756206,148
13.734525076472323,0.11947671653487409,139
11.781068650551966,0.09878396598509671,135
13.275896328368539,0.13084359938178472,157
13.97187963996404,0.07542751747948767,136
3.2080612120079435,0.13560753195382302,158
10.754972382505365,0.23317263027776544,138
2.296153645126444,0.0464651588994682,147
4.468064687774787,0.04021644280135881,143
5.332528295208778,0.18646247804191196,156
8.6497978793666,0.1313242304617538,169
6.306018665182966,0.12851581149476773,165
7.689463090210019,0.07983628432803369,144
8.400861624493317,0.08355764616293848,166
6.191979501882299,0.07275331780475468,155
8.723168720252133,0.03137712410909447,151
2.0265664748068035,0.10901452249706384,177
9.203695367481586,0.18442827713986754,164
3.1285801381970586,0.06269094127377044,146
14.2153458528671,0.18355811259637742,173
14.672003727496135,0.20105157441002885,174
1.2715754957378047,0.14334557153406788,163
8.559381695448158,0.09157723714325537,152
7.4729962570400055,0.2226716050138573,185
5.696200963567241,0.08606017260179699,172
3.4126848481639533,0.16809885559145438,159
6.026623722344803,0.16038752051391977,154
2.3423786315689066,0.07844952048612774,181
9.802993523293011,0.10047530979894229,182
14.643618879021865,0.04203839221937386,171
1.3528658162504708,0.07233644182464587,193
1.6832922102986108,0.14873069782955772,160
11.636659505026772,0.02033922609578398,162
4.471646533728099,0.21680578658512795,167
13.256559199548091,0.18100804036673077,180
10.708603171829795,0.21011155517937374,189
14.01604475029423,0.10366074589600133,190
11.014995394651915,0.13351724674343798,201
4.913383036760324,0.06289657244100054,179
2.1271699417141003,0.16017856290878477,170
4.566670978508102,0.07623423053398004,175
8.757475304261048,0.055831210221383314,168
5.879951419555458,0.07785212518187076,188
12.277874458228014,0.056607035523990074,197
8.492295805820286,0.2679425804748447,198
3.1230817728764273,0.2512597906575458,209
12.990804304278507,0.1207331023251052,187
4.599175986596427,0.1333760866224582,183
2.7559359040220803,0.10613006703572599,178
10.475887528687705,0.18541764435289934,176
9.77884828952148,0.1264810553113821,217
11.658286712220601,0.07835346444186089,196
5.898062835335443,0.10064678324203542,205
1.2001230892215804,0.20364762924110438,191
12.159930780294069,0.02817407650653897,206
5.582839344089099,0.09411032155059205,186
9.763015958137295,0.031235668337787598,195
10.96936318436338,0.1311997927762034,184
5.323537087524327,0.15201001374230405,225
10.102749478833115,0.07434617253370723,204
6.541500209568775,0.10533564158376414,213
13.909388663041137,0.11111244171084585,214
11.615459323224536,0.11492454877269076,192
12.173897176255702,0.26154456704483164,199
10.101198213163949,0.1945997171357834,203
13.12587224743077,0.13025865916660895,194
7.961494480583238,0.12864852966647752,233
13.865577307617006,0.13726288016554264,212
13.037573800560036,0.14974212720693222,222
12.198329308553456,0.092696437290669,221
11.49694475700657,0.0522428117226677,200
12.538067120857203,0.011885637092094,211
9.568567791067665,0.17721392871003455,207
13.861815827399482,0.14434607833133575,241
8.398118797009795,0.03207854624333239,202
9.330062286177773,0.14867977759859183,230
10.081509234962981,0.34187844801188905,220
6.801980383762315,0.03739494942508718,229
2.66677998684233,0.13413602244951925,208
7.796927972431996,0.17130084957249203,219
4.866143972041587,0.16302845674505517,215
1.0787130035182626,0.08591965329799864,238
1.5554934683274904,0.18823173645673585,228
13.406441715650136,0.10160464165268575,249
2.8353928957574346,0.0943642932915437,237
9.924128172636447,0.15910633085663622,216
2.677644306534259,0.06422649979770835,210
1.3832139979994658,0.10616115059125915,227
4.9442788317615385,0.07744142539622163,223
11.047320046452585,0.08800471226082007,246
9.197905416206268,0.30287360896788595,236
1.6635371791256803,0.10110185151443102,257
11.220707170015976,0.15729479594180498,224
1.258411404438337,0.09718456463028591,245
7.372939459617595,0.09947217307778955,218
7.50142611642682,0.17610909187581555,235
1.949588979951797,0.050697489441979694,244
12.825476300839448,0.23512750309519898,254
2.1938387829878794,0.21513770549461497,231
7.050576624144523,0.2611452049575376,265
8.133410657266133,0.3040936069761586,226
11.55368405683403,0.08798709072581512,243
1.230099361828026,0.08039860482011112,252
12.020579524890703,0.11184210175546386,232
12.109545759590379,0.12920432263819856,253
10.84407660986296,0.08424362474525349,273
5.814784002497637,0.23274041792315986,262
1.0140592916692508,0.14708942617109463,239
6.4667860875247865,0.1962475399413201,234
4.3187539088152,0.06472697843490076,251
7.98630936672064,0.2087450427633006,240
12.675015322753294,0.0467469596037419,260
4.976353243046859,0.06828568340140541,281
8.268643189800976,0.13711301085532754,261
13.297921367875594,0.07120753798758749,242
13.00985481521312,0.07010604100434642,270
6.233203941825411,0.0759806572338328,259
10.197771676866576,0.08382313779087697,247
9.927754262033886,0.18326647674332028,268
9.468913116412189,0.026113954202559842,248
12.71483127472168,0.13993316631627029,269
7.433148889378447,0.23057551576655297,289
3.3929858148850762,0.10705071247975012,250
14.941136216675343,0.05425145472405682,278
13.264354175761582,0.0675848957613837,255
9.211817869640745,0.09005972229335249,267
8.091730265526847,0.11641014616680981,277
8.344174415650329,0.11755067409680371,276
11.2136329233945,0.11644143767354043,256
12.520258499800816,0.05362933247814172,286
1.6187857100259146,0.22404043262194295,263
1.6434744658604112,0.08529932806088884,275
1.8026731341593756,0.16877955198283376,297
4.819932635260305,0.1619143092325413,285
11.330208566492903,0.15641586290283155,258
3.6693279511344357,0.1568130916029419,284
13.639517795816875,0.11968066726510052,264
6.323741018644893,0.1893430048325856,271
14.63583699290416,0.026113562698278553,294
10.877560603279033,0.24081649674573302,305
7.849010974158848,0.24804034491782054,293
14.644597639991822,0.07623779452836504,283
10.730244643928156,0.20817203460947042,266
3.1404201306562842,0.09100632793515728,292
11.280849266688872,0.060981364582881906,302
8.425769049196495,0.08782545862158868,279
4.848924787156058,0.10649710723560178,313
4.808771920798061,0.21389772515254235,272
13.26198150564272,0.2677423225080422,301
13.209200328316918,0.18477716436923702,291
10.148667085303156,0.2089948262037337,287
7.095048473570079,0.15824730566128214,300
14.652850374317486,0.033377375702495354,321
8.795107495693637,0.009657662027513069,310
4.792441770901277,0.08717329081004793,309
3.0020260449041682,0.1768893178943255,280
13.208557402448735,0.04720799886034177,274
5.562381842834864,0.05152815994075284,299
12.746551905495435,0.1106663278475258,295
2.495357659977934,0.22039791785429583,329
10.765759835640942,0.04786540730096401,318
12.55572276675459,0.2767505308308847,317
13.331775186200145,0.058219608956645325,308
10.85551444091215,0.049319725788534906,288
12.529847480921525,0.13357520136663423,282
4.070949324263602,0.0522731543981584,307
2.4272747683001787,0.09200281462638916,303
11.469255068269955,0.16498730903213296,326
2.6774678783732,0.31894658226587824,337
7.273591263565008,0.041902274399501595,325
13.150408446378457,0.06935929262824977,316
2.198029519569326,0.07466325924809714,296
12.337048389627032,0.1419871178424061,315
4.9258600370610095,0.08727679854372151,334
7.0733992342221725,0.1965429358127939,311
5.922919760813233,0.21969647148382077,290
4.6921069694687905,0.22022579475259485,345
3.4238288727930213,0.243448475462118,333
6.746155610929748,0.2482283824829779,324
14.332343396101917,0.020304816141924174,323
5.650344398972119,0.11611519961054811,304
4.95485739999315,0.1952268567551908,342
10.379440610162783,0.09793758639517874,319
9.69249949012643,0.046986116749880076,298
2.683929234100245,0.2771270167198737,353
4.759243437917172,0.1372612811971445,341
2.7557509378473597,0.0575755983811345,331
5.500618188455645,0.22965237953682457,350
1.8246081253062134,0.1227486431344522,332
13.915510237422284,0.19750193732111293,312
7.15555883729564,0.17484504575654264,306
8.521188374463087,0.06864038742469782,361
7.41241922147224,0.14658705992302007,327
13.995040860814502,0.0684380723793883,349
2.1771607001306448,0.056446699179268534,339
5.475362256636233,0.10708859134026194,358
12.204684243751013,0.22446888779621124,340
14.408183475542055,0.07579352780375095,314
4.832458878121194,0.1515357029289564,320
8.9690086040528,0.06265150384468475,369
12.230748134874467,0.2784039854100518,335
10.939458533226855,0.21552272824908536,357
11.570829114866843,0.13966835600530916,322
4.6555819425758775,0.10908733571444824,347
3.3162762407002284,0.24621819365786496,366
2.6072983273172556,0.1832134054017514,348
3.35948265025871,0.11395413689515288,328
7.612989322057544,0.1404985249619352,377
12.161486137770382,0.13464209022206206,330
7.81931678990347,0.10655447205459012,343
7.949689218890667,0.3330265116427549,365
5.9944669746015595,0.08192304292410564,355
11.549129131320374,0.11390810893462243,374
1.0375314421234147,0.07888067132006228,336
3.656969856066336,0.19759800576264885,356
12.140763033379146,0.06678358422868856,385
11.181122919353271,0.14405228668132278,351
6.768234785266049,0.1568410323614254,363
1.0514174041782662,0.15795792611850415,338
12.138001272171845,0.1413926085796313,344
7.212605591891567,0.10130222961841812,373
14.915220078530332,0.07131495611175856,382
1.0203038935118978,0.18145036708779688,393
14.245993546391674,0.11024235738003015,364
11.023568942243081,0.19359477498578015,359
11.360826929100693,0.15297726539806325,371
4.999285833136505,0.27119667961818156,346
9.309055100858265,0.1309762241964532,352
7.926053061044316,0.05239679223943039,381
6.616521474101415,0.07000417238432101,401
5.320768435381108,0.18718707435866014,372
13.004963841646891,0.17075246265382538,390
1.5069077943993399,0.04791537575264353,367
6.232193645834416,0.12183591781968171,379
13.00309468977281,0.1813224081244462,354
11.481122004368872,0.11700858704891448,409
14.22093623116091,0.04482698001198463,360
12.890443913739762,0.12234953300641956,380
6.439270437568617,0.13297647204216909,389
1.0524617540021115,0.23094711984056746,398
2.6658803279571046,0.13080340517743405,387
12.240451143157049,0.09377985651736112,375
5.4163651211564865,0.08667977094816064,362
10.404448887219397,0.02715483258424847,368
4.680755576392165,0.18898707588973174,417
4.913275838783801,0.11725296754257104,383
5.7234908011266326,0.14961682662781345,376
7.401173093494455,0.09448236212211085,370
11.014593176444368,0.08275727234504526,397
10.625950885423148,0.12238944871062046,388
11.254125125635916,0.2227726762172346,406
13.601831564308938,0.19544199597347223,395
8.252482233644471,0.18140409301428187,425
6.880444874235181,0.05914267589881655,384
2.241327523568849,0.13569833399496764,391
13.621465893288931,0.04759247969554499,378
6.575453255387119,0.17688406997449,405
8.802635877222771,0.0648248306827006,396
14.095002501931507,0.07544945589162094,414
6.024421440584834,0.20245930336346554,433
3.695769443831276,0.05921940918041262,403
5.459244529894922,0.1057622123721057,392
9.461338070459043,0.11473742306250563,413
8.270680166777131,0.07612741523279824,386
2.175453570982078,0.10212634020423395,399
10.515934664270828,0.03138931864658584,422
12.925566599532333,0.18324138810133356,404
13.945082420185308,0.15968226205078853,411
9.94329455449913,0.07622197184047107,441
14.262206527293271,0.12484150776930346,394
11.269335724733796,0.05368752816121347,421
9.96492522726852,0.2652461137606096,400
8.626908865426469,0.20945952908925697,430
1.2446798035624154,0.18141919318852726,407
5.155752190785025,0.088028228962728,412
5.852442955274583,0.10660444098168032,419
8.74633240376389,0.131519577316046,449
7.835289797822771,0.04470346877392009,429
4.013210659687277,0.06798600910111434,402
13.974118914032784,0.08422923037827268,408
4.616359754678537,0.15451919822622084,415
10.170468761624587,0.003948381992361173,427
8.73866674236374,0.15727883774919738,438
5.67879201162495,0.09660102957896058,420
2.7073554996146902,0.08193348091314684,457
9.96412509055679,0.10374576781323991,416
2.6303085384073635,0.07252516655101239,437
3.7485616983984915,0.17112641967635656,423
10.309657538660478,0.07146872993679415,435
3.0370143124341595,0.1703489636394087,410
6.8549858206857035,0.11107134744138025,424
2.8605976448740913,0.1878726173288131,446
4.026183457109727,0.1395502460163789,428
13.833960376258199,0.16855521675809482,465
9.684103220201473,0.04151407430268954,431
1.830375702443334,0.1694171011262198,443
3.775920686318929,0.27090299779883803,432
5.797451149171278,0.19607457883947518,445
5.89621255947251,0.08203541931659339,418
8.948705596702638,0.15555517344067266,454
4.78539547152768,0.13043437551651824,439
10.877308866133099,0.09647945406447835,436
7.404937639891508,0.02011848312421381,440
10.934165886941454,0.206963597455117,451
1.0537422940684757,0.11566171516491681,453
10.94576912986931,0.20718944911924517,473
9.44249592363527,0.09725578794916194,462
12.608977062569688,0.12239167709439636,426
11.510894384335192,0.17897540104362508,444
13.185945500401631,0.19458733757401825,448
6.757746207955743,0.08611522857256027,447
12.226358281905316,0.14337464797917315,461
1.788300853551924,0.016928625569217717,481
6.065929434624587,0.12433282360568201,470
5.45638390721669,0.2865469557918305,459
8.27548362376645,0.10479402876607796,456
8.608246684325005,0.12514909727054335,434
8.909832193867775,0.12230275865086093,455
3.513903021516329,0.06434553189697416,452
7.6955981261107995,0.0646897228530997,489
1.5383564994048744,0.013107472910768176,469
5.927967842121673,0.10050307581298712,467
2.1831324495382955,0.16016099065580514,478
13.510784501465125,0.0792981671785442,464
5.9794613706043105,0.07444789428342004,442
1.9043401864334657,0.1483966200000892,460
8.405978732789892,0.21070627716700702,463
8.824709205108684,0.04352419150285044,477
3.2014191890160726,0.022121311209757563,497
6.017126379576075,0.1272102003885788,475
4.352273532176113,0.07355290285750117,486
9.432899577397487,0.22831754065722035,450
5.047344608548627,0.1138457426952852,472
12.824634298361241,0.11867716777388604,468
9.062508033735835,0.28585598568265774,471
11.699151394888936,0.07877583449880464,485
2.262425781656649,0.22891568116809813,483
9.440161891419063,0.09722906296697002,505
4.419123002576788,0.17977322315438737,494
6.143376770932729,0.20966753544220418,458
8.343708288533577,0.1925178830212575,480
5.185323990018383,0.13637868514494136,476
7.7070606968811965,0.09974429916810162,479
8.071093379452963,0.1691375158890604,493
14.393620506587371,0.09966023167701694,491
12.359665789863554,0.061568653024356795,513
4.651930095555564,0.06722538495794209,502
9.947956087049368,0.034407833032104845,466
8.1131133331093,0.10608819559595227,488
1.626773434433052,0.09141303713579262,484
4.7997719283156615,0.07003547259853586,487
2.171495706343121,0.16397533730663455,501
13.67347487311524,0.18509639120409932,510
3.4844566488549775,0.10360038143032951,474
6.401071409783298,0.07015517773113972,499
14.700305882987937,0.10939053141580622,496
7.7070955849581715,0.20539834816499292,492
7.579000402234616,0.20425542233148974,521
7.720395660969393,0.07400855390693216,509
11.661116848550057,0.10703738490837399,482
10.421972427576316,0.1522968181417625,518
6.2001805198620605,0.08324648591225596,495
10.661093770609877,0.2622337927065179,507
7.124231711852759,0.09024875272956796,500
10.006101702610302,0.12053127226376202,490
2.4263716731164537,0.0808400082289108,517
5.356477757685016,0.1213893434756645,504
1.5377493515755707,0.13748306988493567,515
1.3326815197473263,0.026441195274682867,529
14.275598092305547,0.09851237926527687,526
13.752284262332607,0.1954012745870921,508
6.704818177365302,0.11986094560953092,498
8.325259366427515,0.24407760263977518,503
11.117120716525214,0.11355267240087724,525
6.244331239186945,0.13047066660995618,523
6.906648659116045,0.21743043726616518,512
1.2324196241671226,0.12522302448463807,516
8.613256861548356,0.15689395621893998,537
13.862284919804457,0.1297413936614886,534
4.281710937263466,0.23255670522555727,511
10.040205847863957,0.07256304452404794,533
5.417461398524395,0.07881775485515881,506
12.830296852677085,0.17613189142026894,531
5.598915123788577,0.24490085958786356,520
5.860463887632835,0.08724822078644982,524
11.173249975289867,0.06946190716581192,542
11.400163811810387,0.01050317042186781,545
13.983886732890006,0.08221033884118227,541
12.223245187047498,0.09935665688914407,519
12.666427684318748,0.09074633548212324,539
12.129206250237946,0.05281127459978585,528
6.817633562278051,0.1367038964615897,553
8.632152827761155,0.13908720845980985,532
5.657088363466637,0.14097718191313985,514
12.454847474417008,0.11865516559008356,527
9.097300057423631,0.2140474126730262,547
13.614061505483765,0.034569040823514634,550
8.423711507989683,0.12894283524043162,549
5.073834045504128,0.05516073501206891,561
5.320659826693669,0.11616943619757569,536
4.419069510376872,0.25808211911091417,540
4.336291235809939,0.085960860027385,535
13.610354680576638,0.22458219316764563,558
6.033623443239958,0.28247996399586056,557
10.564799242826771,0.13714954449091096,555
12.155981310988345,0.073672511782644,522
2.6161646002730885,0.10311433547153033,544
2.593011997541393,0.06639254606537566,548
6.612191428611035,0.09929071883645563,565
13.06919744540014,0.2013269397841437,552
4.320545496610771,0.08471322310823494,566
14.617397676919527,0.07107107860653587,569
13.305573542197296,0.0893648834840231,530
1.4908896359685275,0.166703825134776,543
13.198318039282588,0.06844268362575677,573
11.060781865512498,0.11974995229805041,563
2.436416572894849,0.18727358562062427,577
3.173523745072623,0.27023324109136965,574
12.540846353741628,0.16415693921812002,560
4.91850125458865,0.1336691529703918,556
14.249759684245639,0.04901906626288961,538
3.389360279122865,0.10916282875941528,581
14.863341527447972,0.10854210327675257,551
12.953100930200732,0.1853966300073213,585
13.389724530714512,0.0671851674788849,568
12.616109103638538,0.16483570643617093,564
7.804623137169643,0.22128068675779722,571
1.5429701957878532,0.06431149013514023,582
1.2187614750385096,0.2608649258139896,593
9.94615479593814,0.14543622252901986,546
2.3958855937704397,0.09326892833478155,576
3.437863487848068,0.17375061392898183,572
12.035014077989894,0.12062625280809208,589
6.221557993431195,0.18030183994046664,601
5.732926834901633,0.03607111320893585,579
13.873708915442059,0.031183057171782852,559
10.316507430668455,0.11166742695437822,590
11.50144830211731,0.020356985823127546,580
2.5027348479378966,0.08625877924132434,554
7.796023805904083,0.13183664112863888,597
2.599200047547214,0.0826109118781666,587
1.4878082291773729,0.16218554642032149,609
6.983390242009778,0.11085763775917586,584
3.033894436468745,0.13649621762537775,588
11.65920887857718,0.11936916812204984,567
8.471698974260613,0.09173979125104195,595
8.460201423281736,0.12776878116838095,598
10.825630630689576,0.24098232297911337,562
2.9086566015059327,0.09940958149576018,605
6.519235900296294,0.024483347389599484,592
2.865908955579746,0.10064255035411812,596
13.49127587425859,0.1654977567464191,617
8.49800244244418,0.028592917001119975,603
4.80472759685022,0.07180232474837764,575
3.0607796434094503,0.10771479916115628,606
4.353428065403037,0.13139728835737327,600
5.229614907526536,0.19771783319530328,613
1.0729666116179188,0.0987287833585029,570
1.8221357341519835,0.14793805791952397,604
5.003538339312135,0.025414721605381548,611
10.894178219114911,0.29828725103993675,625
11.850244286108959,0.23102143608305142,614
4.129418257844401,0.13852508584034975,608
11.500258700574738,0.1662212144182167,583
3.7310582136065227,0.24510451077186235,621
12.728624549994073,0.12401498981843578,619
2.9547110987642777,0.21559707433686104,578
7.593882652810179,0.10617537055887485,633
14.90803923786838,0.03955919708544934,622
7.036218968905118,0.09489144752489477,612
3.608266634148687,0.18262942593747672,627
14.575616901466656,0.20987418499899024,586
1.432811382904023,0.11670416250283762,641
6.1697672859103845,0.23508188219651258,616
10.452540459428976,0.05781323437998928,591
14.57545828522731,0.12009618148268485,630
6.015424802348883,0.1751276919293422,629
3.6205119020283654,0.10990871519000156,649
12.697329034716912,0.10479193045546382,635
12.999720958906968,0.10146201346137021,620
14.197853366206509,0.1981127979561781,594
14.077141485525573,0.2129275721617001,624
13.699456916567582,0.025693900776238073,637
5.624230346351799,0.09052991887770218,657
12.47488693659661,0.10992913198985299,638
14.188348286420704,0.11127623882086878,599
8.472592858273096,0.08714597766356501,628
14.771092832117548,0.15413063176836023,643
13.119075249894824,0.19825190754236,645
5.06547607132186,0.14018550869621732,602
2.361656530307589,0.10785710211817756,632
5.76055484253509,0.21214185872183056,665
14.442775875925408,0.07201170252276728,646
9.97426120550291,0.04106259295662293,607
14.239777845546168,0.1754828470196116,653
5.188702260602064,0.14362225435540144,636
3.0227216882052046,0.12163002250920461,651
5.6598377031442295,0.0716912649017954,673
8.563525226979044,0.07840354000666877,610
12.648957618595146,0.19528252713542313,640
5.883777102211485,0.09659736714456785,661
4.8703486393171,0.21502518823301112,615
10.116697853183378,0.054674212298704665,654
9.611896003565727,0.20175848939204113,644
13.71514200435618,0.2076943151796627,659
3.8142623647519907,0.017096174799759955,669
13.762300481278546,0.0554079732568893,618
14.172697300649801,0.09749693315742891,648
8.16041067443382,0.07692542486317039,681
3.24346524682263,0.1346458964853033,652
2.8106015041417405,0.15809739825967575,623
11.125167078264909,0.18336982309536287,662
14.943204131056723,0.25149786127743085,667
14.588708837170824,0.10066767518904018,656
9.7065064944607,0.12208650211407597,626
9.833284098546917,0.16006470477790485,677
8.965452943796334,0.022332041886738627,660
12.536846205523707,0.1156987395939425,631
5.6409343542070305,0.02179608771555139,689
8.195464725162534,0.1302687096766041,675
3.712148552596772,0.17504417755012203,670
5.770000901459335,0.21450659917440384,664
6.10226987120103,0.13550158730582132,634
13.582418009971413,0.15730976338715494,668
7.141315149190464,0.11894358888871137,685
4.584627088273157,0.14047120850197647,639
13.757308116775453,0.12053376817234661,697
5.524736956654038,0.16828854915272734,672
1.0462041313761827,0.1526143694505873,678
1.7894352941449483,0.17316463882364533,683
6.038129716518386,0.05360959448510121,676
6.024112508014905,0.2079177945691711,693
4.723283601097418,0.0982318918061461,642
2.7498389049530925,0.13935566049924983,647
2.5173251995198616,0.10685091294452605,686
3.362150921715651,0.10656740415959898,705
14.450979415732904,0.2094602217904351,691
6.464818941978157,0.057342933600779744,680
5.756069053462385,0.15093762067600847,650
12.864641729887923,0.0507933885018822,684
1.7448362398984505,0.15194009449868015,701
12.87830904569165,0.12640551661384677,699
12.97993921271575,0.12147175429394162,713
5.747708497542106,0.13919685286405542,655
3.3907487220655756,0.17672690542684577,694
3.455767832561082,0.029896619770545044,658
11.466673684808512,0.22021969336874503,692
1.218804975376196,0.05733199976948018,688
13.71458214140337,0.10956051056416159,707
6.02188627686086,0.20488229076277453,709
13.924970020456655,0.22452138701644897,702
14.9585941424064,0.05611111819201571,700
14.75904069919655,0.12969309102017376,721
14.084799328742369,0.02894395576086167,663
12.43281078806923,0.06151447248396139,666
11.075947910358876,0.16870741247507412,696
1.7240271640549454,0.09877872289871448,717
3.5469796301764065,0.2812489356108958,710
12.685499371855894,0.10276425939576178,715
13.702683597239924,0.10305133431756308,729
2.610422825868536,0.05538073710995703,708
2.4246822047584153,0.168556294503958,725
1.1171309346769003,0.2229870401480142,671
12.303996370927798,0.038172485933776784,704
12.29530540082238,0.17633237574557123,674
5.19451968975187,0.22576368733012636,718
14.268383797693168,0.18188526140760888,723
9.913053523057497,0.060355105905781484,737
5.317387716830381,0.060030549924275145,733
4.494908723694661,0.1296924194656048,716
11.053749653670431,0.12728714768283658,712
1.6274759124439149,0.0478757635484669,679
12.407856079926356,0.06722208133733687,731
7.531712909044918,0.21126840943873276,682
5.203040204820636,0.06046697377593668,726
7.043887642197401,0.0630133182281452,745
5.311574568816324,0.06266995587217246,724
13.816995085775474,0.3453993263386398,687
3.0409624549025356,0.011744856086362691,720
3.3704072953162143,0.23500622115670403,741
7.142539815686754,0.011430249252054105,739
4.09299650884708,0.1732186450962126,695
2.2167806595605155,0.09744608126402485,728
14.148984990373837,0.013409620055050878,734
13.529911299046535,0.056434685715996594,690
3.1521246518554507,0.16841516079906294,753
14.75469459397554,0.14097425528497645,732
6.263661268453275,0.19933302808886713,749
2.327051702581749,0.14572828270039614,703
13.444167316834019,0.06826923598323442,747
12.622855211469723,0.08261794063006085,736
7.307283157603167,0.14288178544803729,698
10.860889977723886,0.013637282866325297,742
8.65469978771285,0.12277921779496166,757
11.893034646957076,0.07750695088902271,711
6.132616758382005,0.23461070278907414,740
14.424331017371305,0.1430452472850907,761
2.0938535388961315,0.24538785669918486,755
5.096547673718002,0.02940693494568627,744
2.0827568281973483,0.010537617543392542,706
11.64395807533389,0.19295175225484265,719
10.555496903552159,0.269920033741231,765
2.914234390758085,0.1262039768609919,750
9.987468493088747,0.2021597124293059,748
4.985970976669925,0.07337945488248279,769
7.0276429362318105,0.2279996963188904,727
13.23617241170796,0.17764490174921826,763
14.982818051607818,0.21114388677263693,714
11.123962831236222,0.16292666475974216,773
2.762126531812435,0.11081487644886001,752
9.76403778691694,0.23680506107980115,758
9.605383785069781,0.13863722804586306,735
5.936000149896772,0.023475388122206106,777
4.6395343955937856,0.1938324633681985,756
4.893367795236725,0.05232503995944892,722
4.427016207981684,0.12174145996995958,771
14.179108831976329,0.25695432325296874,743
1.4337853140118084,0.16585691231802385,785
11.114584067252322,0.10873554439732819,760
10.777483855648118,0.05889127152126981,730
13.511082970950046,0.2327090739395068,766
14.49532511222066,0.09998585891431527,781
3.0262087025939612,0.17507782274842232,764
10.403511113491925,0.16921870640806252,779
6.286474143368411,0.11724578117266043,751
4.334733098762731,0.0788117787505933,738
1.7574600132218332,0.12393087684156057,768
11.6873535753164,0.15600288964238085,793
1.190192443605945,0.1332576210804722,774
2.8001985596689307,0.1577208678543176,772
1.0039218183141532,0.16427375398054087,759
13.022527183468132,0.2386323754982791,787
9.762963367771079,0.10911894044681639,746
10.758878302394955,0.14975797174297886,789
1.7830121827401584,0.20723787715906594,780
7.662360885871441,0.11874496880535253,782
6.96702356617083,0.10657299671878073,776
13.794709250980562,0.17801667524171397,754
11.738392057093444,0.046975581295967815,767
12.516407744066088,0.1242003168569174,797
3.8259853013720946,0.059403250684921007,795
11.644963346642768,0.32780129970867766,788
4.447778942830942,0.15092573616228863,784
6.635649516167071,0.14226212401773045,790
14.091925584819291,0.047493657780418794,762
3.7365869311377646,0.12581270596239796,775
12.653702973038834,0.07343649612756636,796
12.0019379132869,0.1301662698239946,792
4.840054380184213,0.15447517577675401,770
4.408629456688049,0.12470334600008658,798
13.220965909237343,0.053854911111747256,783
8.703666797685848,0.05014965156382365,778
12.445435183138269,0.1485860286448036,786
8.14012298226315,0.2099225372041806,791
4.489995664787335,0.025602130906497968,794
2.87749714967211,0.12300231035477574,799
