2.9689118678965567,0.08239983665014844,0
1.033937225859656,0.08963608186060462,5
3.3807697890653303,0.10644381090392348,1
7.424226135890094,0.16169395371700712,6
9.679857355575495,0.10119122810995539,2
12.013691196131314,0.09115628867204922,3
14.732457058791914,0.11042878890154394,4
14.05411370478952,0.1757926037467023,7
4.882062615811139,0.08161567421780014,9
8.156074475152591,0.07167295857916399,13
2.2681414988363926,0.14375499544569925,8
13.846363158662397,0.10975641183308722,14
11.495386049471344,0.03087464748207297,10
5.666944719887528,0.07751412280056089,17
6.518287274948861,0.02700885423080622,21
4.995174708933783,0.1653599983027111,11
11.504613281221651,0.07945874823663607,22
5.5387026183280526,0.1099214821819524,15
3.936107805932523,0.175129541325293,25
8.960367694986834,0.04492228406014792,29
8.013302138518036,0.08696995838455816,18
11.72152134514388,0.08638157158284142,16
5.671055410148544,0.17579919475361425,12
3.022451008551412,0.12043624687254557,30
1.0417787059336499,0.21237858755244204,19
4.57272038286539,0.20354318259611315,33
9.40629553292679,0.15613706517870143,37
3.5748263967919307,0.15662409269593747,23
11.938679692484465,0.16650224890817555,24
11.641510836371681,0.13997927400320798,38
6.022916896264871,0.18283040321377403,20
8.403785031875753,0.09528471326556923,26
12.629185488339925,0.02944130459927487,27
3.0603959224417574,0.1050793097235278,31
3.8263989138467775,0.14830381464107906,32
1.4551860865386088,0.10998666788598131,41
3.3345897084275427,0.12774959204719222,45
5.419980967693624,0.077551875935822,46
6.21792594677703,0.09421059728043621,28
7.974956971124072,0.1263487080160308,35
10.21762609520037,0.14600491937131715,39
10.582002082115201,0.044311866158531894,34
4.930693770815902,0.06101062672731981,54
10.162316739797546,0.08808094203832605,36
10.148424286824337,0.19715612358005571,40
12.996311283029925,0.08535785096652436,47
2.8107627319011765,0.1470265714600932,43
14.371070070647619,0.05807845848998303,42
13.49002690520297,0.152330606399833,53
1.8181918841336073,0.11401700763579883,44
1.0852176274278549,0.044603061364987685,62
11.996204709063976,0.06262029807104515,49
6.296815271627379,0.07988828669756201,48
14.499166256889866,0.1994178275043806,55
9.65351374246499,0.12213387165379319,50
3.5884754267257595,0.17102872618009374,51
7.076507129982927,0.07842125591466961,52
4.393383990119072,0.2404757113869248,70
8.359937311824304,0.13535058703776254,61
1.3061183019272569,0.044888854189815273,56
10.797030319581314,0.1640724091735537,57
5.275945826866502,0.24074676627824526,78
1.4237899001966785,0.07326709673250907,58
13.497901158945938,0.04232344867387722,59
1.3283532701859835,0.08060913532633784,60
1.5120806258367134,0.1960809945814061,86
2.6728387927936534,0.10683411318491179,63
4.92231060851861,0.0956259080578155,69
13.100255031211674,0.14286667059384314,64
1.437230032246558,0.091797296274432,94
8.22958904950854,0.23899486023283323,66
5.385437910351463,0.17902248289716194,68
14.760811059551981,0.13267677260396057,71
1.4973108070070953,0.0677059893418289,77
4.112314279822539,0.16189695528777714,65
10.210026905062394,0.08136338290275123,67
10.156031543834029,0.09099656997674527,76
5.510466581231026,0.11510901195711504,72
8.775007951123882,0.17454521868025633,85
12.429390220371868,0.12073337933175364,74
6.649189256990592,0.09623170823303448,79
2.14631984433852,0.1536453502842733,102
4.461872340413323,0.11934141311763705,73
1.734872052014192,0.1935021601349943,93
9.191470152840639,0.24726167039656197,75
8.870619169101664,0.05666889584858115,84
10.352114496536217,0.04690549100439541,80
8.618531169698938,0.10201311472342559,82
6.95427285441037,0.1792636631997828,87
5.853135401708817,0.1157455717205948,83
3.6535615726710793,0.3091207921562731,101
1.9813204810310163,0.09221403044590269,110
6.253310904670661,0.0829473006971174,92
7.1565865008378005,0.0483030471223369,88
9.158071016258564,0.08879195466143007,90
7.662702259686217,0.22984924870733195,81
9.318884389669693,0.13647901471034435,91
7.5032660450245245,0.004771102174865657,109
4.57728930517545,0.1649752746110221,96
12.982254362192455,0.051140433369749105,100
5.076560178415985,0.12561441255906527,98
11.603659283738708,0.10925290700184871,117
13.46742752694313,0.10463598937750912,118
14.716387077021245,0.06771042335606202,99
11.839518702985442,0.10081382654494692,108
3.7765288334419527,0.04535732413413576,104
3.113380887751274,0.07288842124717136,89
4.9872733565352805,0.07863250639579414,95
9.00407620246348,0.1380123725639378,107
2.662349884988175,0.007623438836245099,106
7.628595889776315,0.13654172117406146,125
7.708641609222099,0.12670086779729858,116
11.674200829058291,0.10171929174003319,126
2.126456793966404,0.04684962590087574,103
4.796629958321548,0.11365145442616786,115
12.394104543505536,0.10343751059888205,97
13.635141492355249,0.2950387412260267,133
12.081668590892155,0.13704589440693662,114
5.647842349319219,0.1381772851859375,111
10.17378597501457,0.03056898578111693,124
8.779249288302871,0.03009649906236242,134
2.2388701010259604,0.1966477914565542,112
2.610344675059462,0.21194519283605673,132
10.053932088088924,0.17570045001779244,141
2.29358773054708,0.11073529392359589,122
6.381267342975412,0.11201226106381304,123
3.0578810166253114,0.06494500159350193,119
8.74166401761038,0.2795472624806044,140
1.8859661765541222,0.24548968032367938,120
5.035587106861627,0.24020127360687193,105
6.778441615035808,0.27038075854078686,131
10.609809771882833,0.19767657438344197,130
2.7864121449113917,0.12129596840300925,148
4.337328940793984,0.23286302188421987,149
13.97556670911647,0.07511166928387736,142
8.436599718745908,0.08848415961760946,127
9.32074116372333,0.07433759415315602,139
2.0136336296117134,0.17863775369612195,128
13.610865264071222,0.06566576944347641,113
14.182109037858364,0.09326565326987502,150
6.495330266751648,0.011493239375419975,156
1.8977810876967434,0.20081155483250038,157
8.097593653688012,0.102729211965873,147
8.855370849217342,0.14012870109914208,135
1.8894675368224483,0.05379582536740721,138
5.665050645829626,0.09330977657538204,121
3.395794583595903,0.05173817804835104,136
9.828920561021338,0.0649493566267797,143
3.379145697401852,0.133442106483991,158
3.8662132475161393,0.03828880002067418,165
14.321321489484369,0.23808959863341617,146
3.7843066530025493,0.12983636494500425,129
13.994802855917348,0.179211510498701,164
4.352639495605229,0.0888582587110001,155
5.637761990031101,0.21149875067948987,144
4.176241473162816,0.0663671423667637,151
7.880861983583546,0.1330195861766335,137
2.4509314625497076,0.07710463521072156,166
11.001042682494292,0.126346386932056,154
1.0438448787295087,0.07951380793203201,163
2.828910825574331,0.19274432026956986,172
7.292076407805159,0.08731022863296964,145
6.738080791565142,0.04691159300546142,173
11.221881599437616,0.1979725873179327,152
11.518900317609566,0.11483188054761975,159
7.431460166559541,0.06784947491698802,174
7.701226029729211,0.029486574072995875,171
8.202688658125531,0.05082714711784771,162
12.465148667413908,0.09138332069542678,153
1.1992093425739159,0.015139305168764178,167
2.1983508802460068,0.08242137041266727,180
9.152694135242362,0.19638468612307458,182
1.5760253217936941,0.18864528292250704,179
1.2766287054918986,0.13405932362053072,181
3.457249771484613,0.15163069715356714,161
10.372955678870836,0.048921077382544566,160
11.250505838827989,0.20209985908873795,175
5.452049764399207,0.11388104374601414,170
12.345734682381622,0.03272449541056726,190
13.664829132072288,0.17270750025868617,187
2.3243196866797553,0.25067574697973,188
1.8452642074735122,0.13438752832846598,169
3.0092533012541907,0.23684089050572532,189
11.65863507825552,0.218414879564776,183
9.39333682309935,0.030113360402602853,198
10.672030814308176,0.15461316786387191,168
12.209718451601232,0.04501056430385207,178
1.1051688670968511,0.03797788150627234,177
6.088381264004664,0.1073466397626919,196
5.390050448457248,0.20366200901797715,197
7.13004783446731,0.18380052367481295,195
1.284990844896853,0.21731961715657408,191
14.160407819991875,0.2553235056793563,206
5.213188126726119,0.06400778536579235,176
4.543079106312925,0.19420867562605063,185
2.150647341288221,0.10867472513026784,186
13.013105901576985,0.2746613067353955,204
13.567494352978306,0.0778409489426512,205
6.645001009150401,0.10414902356143618,199
12.519839608268871,0.06352251170330657,184
9.553748509132598,0.061350553382517076,214
13.00213283545568,0.06816959098859841,193
6.2398335892451,0.1519930432034213,203
7.54737070973381,0.07989533109574995,194
3.406689184465242,0.11543466112386885,212
11.414432794866357,0.1407108477738964,213
3.4861186781926845,0.13659753701287794,222
4.790226566111464,0.08165177323726103,192
3.7513610867318192,0.2876470298332296,207
13.463829914090583,0.25896015193004657,211
12.47521265658165,0.21921914345532373,201
7.1896742231937125,0.10236541259849868,202
1.201442844427937,0.07649848500152465,221
10.694634736005815,0.18175358915377623,220
12.59900069573511,0.2005312776517575,230
14.038659014001063,0.09139042619127125,215
6.8801861897817655,0.0730566688854309,200
12.33317847511616,0.15235469548396757,219
8.313522101900693,0.048563220082193145,209
6.544385642521801,0.19914096730344694,210
5.808290641487227,0.13825133728090688,228
12.744124271596272,0.06972292550371151,229
7.080104286064634,0.03165644814365493,223
11.7070554098494,0.10687206008407198,238
3.198221214395229,0.057736599893622786,208
9.05600836609669,0.11966055027634562,217
1.401588735849252,0.18704979475662722,236
7.487166494678174,0.07608114239387222,227
7.963158917036056,0.057077547945011436,218
11.76672097452849,0.05350404830109423,231
7.680596028348794,0.11845911785255764,237
4.519539714877141,0.07563188320286798,246
13.7690001161529,0.13238089273580755,216
4.226788360212631,0.2141374381914145,235
7.191091108997471,0.1227730402033134,225
14.541348985228165,0.09749053619263887,226
12.676980084336138,0.14848041014367624,245
5.811619316376154,0.13175885848007116,239
12.85530303599533,0.1581125959677323,244
1.051602613566639,0.09061240392717969,254
4.360736473524595,0.12056898992145311,224
11.697254419542274,0.13485650073179842,243
9.166653979459486,0.10862023408945615,233
10.201011406431064,0.1685864303355577,234
7.21619840042441,0.14348133678392014,253
7.919622142627091,0.11872858202186615,247
4.07992317361713,0.10793973649997574,252
1.0018668151907424,0.12012881715071799,251
2.2022202777812105,0.08985066311880147,262
11.979897894330922,0.0262655398893906,242
3.1411764009869136,0.15972656969937135,232
1.346434660099529,0.1462326469164611,261
3.0553489295464225,0.14740305859367886,241
14.268840148156603,0.19487741630637512,255
3.4319418678171245,0.21508476889959582,260
9.436695899373934,0.0257342748371538,259
11.527716332441612,0.02270010619275554,270
11.649249275480265,0.05159136987730765,250
1.8020039947557482,0.1994057799685397,240
6.436580045986017,0.3022056768453835,269
8.046076551923194,0.13490848248373444,249
1.2529698264469409,0.17781091358643739,263
7.72755619354533,0.12124309958894985,268
14.750185677274244,0.10573603411312756,267
10.16819139859793,0.17693820999351206,278
13.200081039973453,0.05768631932693892,258
11.798092578945747,0.08080432710913708,248
9.094612658606524,0.0969372922184035,277
2.7945661859598196,0.13584399670563987,257
14.245368967879298,0.06532510691964394,271
6.566984697781944,0.02243120041804568,276
4.68817061760958,0.0667011000599826,286
3.9648015702504993,0.061986516504726565,275
6.92336423321316,0.08069141550953729,266
11.434089307242008,0.08924569150633795,285
1.1438368931323588,0.24875410004728674,256
11.804116835749559,0.05169953263890208,265
13.395833323545508,0.16527905182518227,284
12.146219627841258,0.12995380212071642,279
14.524874558048502,0.1503790774172598,283
12.173214303135515,0.13731771229388676,294
1.4320734944253195,0.21254512317719107,274
9.466238286598013,0.153947324247014,264
3.4421629726716105,0.09648635539173349,292
7.899272977325924,0.06913261936549994,293
12.393992844806373,0.14447916455837087,273
10.985983832893387,0.14446842310700045,287
6.631261956886543,0.2254028167938069,291
10.277666797350143,0.07416471466253999,282
9.762478100749057,0.10263138963756394,302
10.910177114858131,0.05227809557852511,272
5.793763550725004,0.06035583582552071,300
2.132401347070875,0.041130815730656425,301
14.288529122959762,0.1320691846701376,281
11.941909650814933,0.19127379969292593,295
5.743136104244039,0.19975386043909482,299
6.767188240269607,0.054273388078781716,290
12.60782180577093,0.06801769514108753,310
7.094202071284433,0.0740795910460547,308
2.3011485378210152,0.06385037349918997,280
1.047561117904504,0.04653751606133977,309
2.946663343742462,0.15578609089125994,289
12.285504817626295,0.04524737492199954,303
6.017740458176888,0.10817118392189007,307
7.23395688621434,0.2975300250861101,298
6.060884995092592,0.22529604890956706,318
5.806968595947952,0.10896928084549691,317
8.78984640214864,0.1465610124569318,288
11.744968759293787,0.12803530660570694,297
10.624862402804705,0.18164658561795,315
8.417810129193937,0.05348155878314597,316
7.868236480412872,0.11865486000396275,311
2.568859213686215,0.26718814608578234,306
5.7707663396551485,0.10822665246422858,326
3.39351151379263,0.03885011027221239,325
3.4813536402519847,0.11478724240464162,323
11.213307092672961,0.13614355267051456,305
9.536671928243702,0.18932610320372847,324
10.510507660006585,0.18415755374971224,319
12.547007186192129,0.08450372681463283,296
4.944513505985803,0.12427278914642642,314
13.206349255844682,0.16650898026286554,334
14.028242320127474,0.06631412263942037,333
7.617490006885804,0.13531197160045794,331
9.320138437547875,0.11134483421785116,313
14.649979599124414,0.08800962298755924,332
3.09892611498646,0.15189201567294416,322
13.009129705241705,0.08942998727211328,341
8.83516759784299,0.17971388789494827,327
10.926957213101085,0.26188986689331856,304
12.910305121135766,0.13781062164491548,342
3.507497518064614,0.3011782523940841,340
7.080769179794567,0.0899058679042703,339
5.315963461739497,0.049250120327903095,321
7.241286480150036,0.017523114386451665,349
6.928998568141182,0.2821281769988072,330
12.120375843013699,0.16613388054540257,335
14.73230903991882,0.20905792945270818,348
6.114091044614625,0.06529393381004377,347
6.075394291252959,0.14361859481245487,312
7.018682092656511,0.28632905031433875,350
5.992321636889207,0.1395359250107953,329
1.6153964415304127,0.1668463355102905,343
13.729240627715866,0.09096754610370919,338
2.41580892416266,0.0505202791334194,357
14.760800084047192,0.06919211104560985,356
14.350321858479132,0.07947361007284945,355
3.881130133750359,0.05329260428590049,320
4.409844549663994,0.10048090248096944,337
10.634625087574154,0.06379590645851362,351
9.697670740815438,0.19765082205137632,346
5.581447579075894,0.08044263225223319,358
10.271386020392326,0.07959481558452952,364
13.157096482025974,0.06443445023101883,363
9.259575697748753,0.0616943666044934,365
4.252848284650385,0.12436130792462859,345
4.496565234777698,0.05467048594331009,328
3.0448151276860416,0.05820034503538697,354
5.770799197698158,0.12118307391261936,359
2.531283575951562,0.035675603481420674,372
10.37418849945413,0.06434109370248085,366
8.644703891018267,0.018917435818612296,373
9.441860935201607,0.11987680202446756,371
10.948247093200946,0.15355444355938386,353
3.409934311560601,0.06326412250242984,362
13.945932919462663,0.08087324183115858,336
12.620787969921432,0.09967567254897543,367
9.940575696671718,0.10818521512644363,381
10.492305845983266,0.04943948928929843,374
5.927234104369466,0.11024224653726784,361
10.756560560576403,0.15069184473298255,379
14.107247458596639,0.34570424675141376,380
12.010925063584724,0.17016710385034364,370
2.685258784527731,0.20252099565740977,344
8.450757544452877,0.23460488607561336,375
4.101932771295446,0.035012410606880616,389
6.425521524933345,0.0649698242295165,369
7.619903630947242,0.1776116292251316,387
10.009368452247623,0.13748920724233035,378
13.603234235761347,0.09392029082111565,352
7.73080355848152,0.07759981646281328,382
7.0597711954437345,0.12607054607926452,388
12.48496121784914,0.09693038347681215,397
11.903204138721549,0.05256797563366601,383
10.644622765273645,0.08349264003311292,377
1.0633019745820091,0.0727320277463861,395
13.643148850491363,0.11800263530886973,386
7.021412504614941,0.043887817324017475,360
1.1309078937273453,0.19450392519733056,390
3.4511512784204683,0.07308560672052812,396
11.194768159106607,0.07340660243913759,391
12.470367553931839,0.2108632485502524,405
6.856379023169012,0.05463810069636327,368
4.259042348642758,0.09077731367330648,403
6.658457697189671,0.10322876193318525,394
6.857878889701422,0.13899014689207131,385
12.324949992748447,0.20722505673739688,398
10.049572450951578,0.07356585826272338,404
2.4694514335160136,0.05677397409743711,376
12.821223858905894,0.05073819578140353,399
2.4560073516040783,0.06168436731916852,402
3.415221091428931,0.16894307579224843,411
6.234290899196645,0.14992656987011668,413
11.768533302958925,0.16308752486028144,393
2.298151235120327,0.09047588005459016,406
3.486530035756965,0.027861977042038324,384
5.386026582143104,0.1947754143376702,412
13.183532994417256,0.12744142238410658,410
4.640937028280415,0.1490584020442106,407
9.58789795086184,0.10252996606400054,419
11.325841027018182,0.20717287917166247,414
1.53532117819139,0.20534003906122078,421
8.996852775465559,0.1203575845904501,401
13.343057710239389,0.12297796559000884,392
2.752156270147533,0.20706505778934742,420
13.083164162834773,0.1561791632266789,418
4.669218102868334,0.043013678661342584,415
3.376587649182219,0.19713334170979693,422
13.290075021458916,0.1782089417721768,427
13.385266302366425,0.27411430506174983,429
2.936774918597751,0.15618239302980894,409
4.575186269482454,0.16752868636779464,426
3.1569903069514167,0.23542391802361143,428
9.7821008418242,0.2413680790025651,400
8.291356849339488,0.13684518639931476,430
3.290769380282924,0.055273704581984176,435
10.859073001691979,0.12553517235546402,423
6.435371334869606,0.16522823932219488,437
8.691825778006331,0.1709727713991772,417
1.0749727747323932,0.056545431076943375,434
3.001536704950622,0.05394898551099946,436
7.933089439491468,0.13061092382141645,408
13.35760355271143,0.05211063395477425,443
3.121585500127421,0.0358496509105134,431
8.790841046076713,0.16355874937069148,438
9.296246434489518,0.2455184218888595,445
6.6946998022247675,0.12384282276382093,425
4.456584285177906,0.27282925543430464,442
11.667996261492759,0.030789984379351095,451
5.864757048659606,0.31828979911639005,416
10.156147513011515,0.033314837579883926,439
12.750124237849656,0.17476557855291083,444
10.58214493774117,0.056646671103594906,446
5.193345638976381,0.06170120341291796,450
5.368577596193458,0.12105705416517923,433
7.5923382427276245,0.16996923197291725,453
10.18354019259385,0.28087219631654475,459
5.409974103377988,0.04850611661231116,454
5.557675490699207,0.19114296293806157,447
7.550784340873713,0.2747924884151288,458
11.94684625861009,0.09164999021801895,452
13.584111427304974,0.22043288288375162,441
5.158520066686488,0.15369917455509408,424
6.413200899665433,0.12227388266580118,467
13.446666869898467,0.10090314844753652,461
6.998769760669159,0.08276852451582012,462
13.831590473284432,0.0640129884483378,455
11.543462144148355,0.02811889180281382,466
2.270089275009489,0.050772743629685826,460
11.22262216357378,0.11100526220963298,449
11.260898911890273,0.10299514014960365,475
4.60828406531528,0.20947062635310654,432
13.392868877533397,0.009838676439196677,463
13.09626521637686,0.0539670679625472,470
1.3671897042719534,0.22774928384484278,469
8.816537398236793,0.19297249470337474,474
9.750577970690156,0.21130402347669663,457
12.589171872326203,0.13433117941978487,468
11.561208988501399,0.0847078184745537,483
11.134412833327763,0.059779485393784595,440
9.742932568140366,0.07060041523727727,471
1.044148134871295,0.10220597084155043,478
6.459650713766164,0.016673221074295187,482
3.160459847614078,0.0789887385137178,477
5.142288157853179,0.09749436954846329,465
3.0381214876748732,0.10298672121001429,491
13.153906314364491,0.01346821774299236,476
2.5968164627367134,0.1611635754156724,448
13.126528704306688,0.1287664519155653,486
5.032313565675245,0.025070624367114148,490
4.40098048333874,0.1043356904590652,479
14.091220875170471,0.2589260579544591,485
9.986443080723557,0.2574759791585578,499
7.254794482859049,0.11391191788742538,484
1.216263990776666,0.1306768314400494,473
6.160663959210111,0.08168320114074065,456
7.277543866022081,0.1355362890575089,487
9.976776700933453,0.19057313529921183,498
2.3092907662825546,0.18534382791499346,494
12.746803472393378,0.13594646605999458,493
4.1521091327175155,0.021795252528229586,492
11.025180955283574,0.030167000897482844,495
1.6834054331589963,0.15134693223951073,464
8.582514838358568,0.10252659915652969,507
11.975304418839196,0.09141569041668512,506
12.061126121627627,0.1308445187536794,481
10.62890701822256,0.11975207350397726,502
7.284129343686868,0.15548923562005357,501
9.823860666488132,0.1277546463502449,472
13.599506736839157,0.18695512184810298,500
4.543994053551666,0.114579160794537,503
4.238929369405178,0.07433810218570201,514
11.216327539301913,0.09441353459109472,515
6.103601526831932,0.18013818592911762,489
5.6601406887751375,0.07886747425656294,480
11.982871778635461,0.10334904187342729,508
12.814793985197236,0.10988225691601826,510
14.317885195442496,0.03592971684935785,509
8.588678073983415,0.07572544328623314,511
2.3823750109358537,0.0816882207674691,522
13.421587730203985,0.05216103943855624,488
11.002958108168018,0.23448707590827458,497
6.644588029405716,0.06900660082443322,523
11.32109221388399,0.059047708024068196,516
13.498699956577461,0.14878260146397657,518
13.874120781830658,0.06138990207216402,519
13.969546908358023,0.0730476954198167,517
5.669468771734051,0.045626742828939464,530
13.95068038227925,0.14395373340047518,496
7.396651366984011,0.07420693819606647,531
6.8042234021044194,0.10347334222591871,505
12.39566082310784,0.044178982086005396,524
11.875585997830434,0.17021105467867337,526
12.469927670613817,0.06836018141458565,527
14.866139464139088,0.11039954004746473,525
8.09538913840261,0.1920142295573757,538
12.302501182451799,0.1381351236216608,539
2.1949308733181345,0.20169111587697142,504
1.5899793330424936,0.09000087778161903,513
8.238340333888067,0.18472151857414432,535
4.297303571643052,0.08171927900124017,533
5.60496778646921,0.20108746020367754,547
8.821902789960872,0.11242328109689897,534
11.384583819809388,0.09727059075813863,546
3.5414807423866614,0.0703609842021939,532
9.566288529307126,0.09276082653198336,512
8.776717487486072,0.08130222617412176,543
9.30648436775295,0.12615429311498544,541
13.191985033994941,0.11249651328966015,555
7.605235903743157,0.09005020531237551,521
14.127393726869814,0.06026979372229079,554
4.2928629964980045,0.24211288591529698,542
8.706655328183617,0.28805762250304795,520
3.4556927456322617,0.124244211672302,549
3.775562796064258,0.08949475249805927,551
3.12074743316089,0.03353480222345256,540
4.089425107306963,0.0665378638624005,563
1.7300692320294957,0.05991795662970215,562
3.8116180524819265,0.049362515880912165,529
9.220191289145042,0.11355298240690481,550
5.373636777293565,0.048521301378999376,528
12.521177193993584,0.1187849574231147,557
13.108436422683162,0.1204834872773475,559
5.071713179733383,0.15287531721473835,548
9.440804040819476,0.14691134180007612,571
12.718283891077263,0.1481195916353419,537
11.166189746495334,0.04179357783939534,570
8.690204135547805,0.014563521271329018,565
8.315016577368631,0.04651830833578932,558
10.049197662219264,0.11647987478901232,536
7.095555378474335,0.185410692694636,567
9.431579765189971,0.14276232262365846,556
8.735169963621754,0.025669041890379902,545
14.230394990148614,0.21111063609498806,578
11.329115752282714,0.028730018827847877,573
6.284106580908706,0.15219394275067666,579
1.3608805584551327,0.11916348262817611,566
11.646519002640392,0.0628748923620901,544
14.649077181100495,0.09298307944040085,575
3.8488532292610236,0.216522542813521,564
9.119673411431101,0.14273752389487426,553
11.65723528606563,0.08897886182446392,586
3.5811712931130706,0.2665478444607256,581
12.930487646507032,0.03537238942305244,587
7.96852475400957,0.08375596671082441,583
11.191915155340595,0.13575267844997305,552
12.502558474011344,0.10125966875633133,574
1.3610826818038946,0.16887338303745408,572
9.70588252557209,0.09513508509056114,561
5.061798904851258,0.05572310709174036,589
5.476128636124663,0.23796168530071304,595
6.792099622669238,0.14747603880460497,594
1.9249677421708307,0.23353398498082975,560
7.491146205369596,0.056131743743767865,580
9.490260196585377,0.12885370619442513,591
10.907636670454878,0.12809542096980986,582
8.201682006706237,0.13007837540808445,569
1.6430424802415333,0.11260881457960766,603
12.92717770797865,0.08477394447870697,568
12.956329957073638,0.2089478674449623,597
3.542182631735141,0.1207642271433356,602
6.361539006455281,0.14587118837560775,588
12.7291799204474,0.11330967089385835,599
10.987952165588522,0.12319498714164533,577
5.340161529690791,0.120816176968212,590
5.509088396000528,0.13777089459733396,611
1.9074424952175664,0.023322573850444964,605
7.788907346661221,0.1210883443341233,576
2.7321109303007924,0.10231465665590873,596
7.8597519111844445,0.22513565130038615,607
6.232234418644396,0.1369538977683061,585
14.242707594675998,0.12206777476445088,610
3.8000511880831382,0.1924145595039042,598
2.5671810789514287,0.11839565449257161,619
6.42077649304524,0.06681536023620409,613
3.79383283528226,0.13546557709883597,584
8.956094714270842,0.1233660747358467,604
3.622734344050702,0.09578228824733714,615
7.808485719462604,0.016484332787641137,593
4.120199731471639,0.12385638596980651,618
10.031190974879086,0.13377744840426425,606
3.5313931776005223,0.15071582071668083,627
6.9158106731694655,0.13671117960334095,621
3.403235373708263,0.08957547344699818,623
1.6445371181492423,0.05868277207809306,612
3.260141806350557,0.17413640474657213,601
11.602307708787349,0.09617916598356087,592
14.254267439902438,0.09916311051698677,626
10.976947869654666,0.08847407743587837,614
8.192301045442179,0.05356571336361206,635
4.119201854107556,0.1080664441116253,629
14.533958939609601,0.15752626576978399,631
10.67768157996717,0.11172099727936434,620
7.09086384614436,0.2049090696486002,600
6.224164721341907,0.08022038585835525,609
2.591990735113788,0.17962259553934573,622
12.92111361374771,0.08081353260710089,634
11.604793899656537,0.18532567895882823,643
13.183339198529131,0.12146467149202976,637
10.335402217780656,0.11168213523880569,639
5.84400119960009,0.16774016859397178,628
7.093414344561606,0.05785601927794629,608
6.440888370202041,0.24708211508517375,617
1.0276365985724327,0.0658373374098018,651
10.527649497962189,0.06694914443419767,642
9.408301780101441,0.17843748476349608,645
4.711099450033875,0.2230203962948251,647
3.7263899840556105,0.17950648929486523,630
12.600756905274235,0.07411116555465667,636
13.967535234059588,0.07463867689740382,616
10.606278330385802,0.036982361188330724,625
1.0658765857103938,0.19418075627556286,659
1.9180950344672814,0.08974283649230475,650
5.538036689333777,0.03193867676937802,653
5.401558645911323,0.13256451024055077,638
2.744536233888039,0.1342974404240756,655
2.734567315831896,0.051828831036420955,644
5.768704324848647,0.17794904281076238,624
10.506331840783536,0.1882312161206633,661
9.163079038157434,0.13855229845469041,667
9.467480666856623,0.08086839212252529,658
7.4026119338342244,0.05625105436233827,633
9.303390450529143,0.08866197125052512,646
4.403895144836368,0.15119554510507563,663
9.711311424476433,0.06472539405526916,669
9.234567699307773,0.20705965171342877,652
11.2185279716469,0.09927918177664714,632
9.376919243804146,0.09506130472008809,666
4.239593405872098,0.061021290429528786,675
8.547213229881956,0.1405613917957121,641
5.285985224813048,0.1468346283350536,654
1.231634340928887,0.09158167939585342,671
9.356019087453504,0.15643183664644197,677
4.267100362020641,0.12641162359262978,660
6.35605463854718,0.03292035921411348,640
9.071935385755518,0.18775084423265387,674
2.6581849748474595,0.0718659111583255,683
7.090378570818981,0.17780860831928583,649
4.893127172668476,0.0953508091509575,662
9.318508517198334,0.1907832125392872,668
9.808314644232876,0.11862789113396965,685
10.150579153338633,0.11862777564903831,679
6.722940410413727,0.22764645911127568,691
13.006346862147936,0.14603659087768361,682
1.3541964293498807,0.17881859263588296,648
8.511994724769021,0.07062339041461355,657
9.418099981736784,0.05510941936901205,670
8.94761883754841,0.12916501251213028,676
4.800339973285064,0.13322948850259736,693
6.240687265162636,0.08435529025464188,687
7.267957932927444,0.1655853314389185,699
9.197969786255943,0.06339006257584587,690
9.286389816522577,0.11768074669346447,656
2.527206314789396,0.18350641362437836,701
1.2153211108463742,0.12736252607986004,665
10.858408491090048,0.16750653107311414,684
7.234283637866856,0.20559595319862198,678
11.131854192393302,0.1237791769821086,707
1.02328106340205,0.19912010009890652,695
10.053863686767807,0.07399733626790488,698
5.562898125909111,0.26504710923150737,709
3.422792061623379,0.17449400849211216,673
3.4489942557515523,0.043366096878374116,686
11.35718151593761,0.18860067849573178,703
14.835201693059151,0.21656945284450121,664
8.583271575588519,0.11028953678489176,692
7.945766768771527,0.10860649841328388,715
14.888537541985404,0.1975056300792408,681
9.542057927214966,0.17383495702783516,694
8.338430386789955,0.14759843725712812,711
14.693302534088692,0.12013108020559554,717
5.743643775754547,0.26245795416091416,672
1.3989347992499244,0.13027174431231384,723
5.740645461215681,0.11006711288529177,700
13.995178396527134,0.08624945615982962,702
14.7843376214972,0.12945494132738497,706
13.860599428700885,0.20923649512813638,719
11.518521493816937,0.02593196391678497,689
12.557394885920813,0.07394360597893783,708
8.808087684279261,0.11490038980182493,731
14.903559343478287,0.08799751735586814,680
3.309112291793423,0.16681834194303266,725
13.307194822093955,0.1713803358349778,710
2.849491832531977,0.12815574986908182,714
6.633364177138295,0.046753820514798816,697
4.068552267764266,0.17055357120713932,716
7.644978841677211,0.26669162303364824,727
9.98277155845325,0.10075403519125661,688
11.447366733978113,0.11852085735421232,739
9.363918669561748,0.04279823768907288,733
11.36935884159455,0.18928346261358633,718
8.097406173267629,0.17866975163666993,724
5.799280031614746,0.1656727610652044,722
5.443465982476639,0.07200373620416227,735
14.98556840111333,0.05769421064979018,696
14.775934028139845,0.016751182059480715,705
1.949277541731953,0.2986220276448697,726
10.296741977207672,0.07911011283170773,747
2.7100464765065357,0.12208591639627125,732
14.355530780631621,0.11023464179889804,741
11.766817014570348,0.13860394312432012,743
2.114050835216499,0.12277464945926474,704
5.9110882037462655,0.14085129505260105,730
1.2381133316265598,0.03735415051447798,713
1.940647072905373,0.12629470120718597,734
10.742161406642095,0.13798625020045938,740
8.825066220799314,0.0348884835867128,755
6.988563682775851,0.06281795896971618,751
3.0260341376783653,0.04253316887808256,712
1.3561133430202377,0.11311265553053745,749
10.945789058066477,0.05718427647485941,738
1.7272585519431813,0.041877412901963736,721
3.541696426668902,0.0672543294253896,748
4.413339070464801,0.054808694086958404,720
3.3603247987170586,0.08281886460698519,742
7.473114721087802,0.04588878349515017,746
6.982802904257761,0.09469808192073083,757
2.8233641703143677,0.17060102787409104,763
3.632543135768929,0.05961312787157631,759
14.340612108129537,0.04395750085149408,728
2.990569354602359,0.22646685457173224,756
1.6740631528202226,0.04102315029125118,729
3.695661512871725,0.07932095659360716,754
3.358369439893126,0.20992021840712205,750
5.521779713743595,0.10779309102117532,765
3.0729158364690394,0.16621265718660072,771
9.991735298939739,0.05465308837367895,736
11.472102831816807,0.04963663789083017,764
12.015644043696778,0.13040580352940614,737
8.811942864646227,0.20608917871947427,767
12.143803649692925,0.18069644203916774,762
5.756257370633072,0.0894768495965548,773
11.262521555509814,0.18665681823371766,758
1.4878881068206034,0.12629620022345575,779
3.3447771410555127,0.05160464893302075,744
4.708411125068828,0.052700077556301295,772
14.08256182741647,0.10850431750776357,745
8.3786059790323,0.09122743665964651,770
3.7749198241320947,0.10332630033927835,775
5.625796385946277,0.28742832004930413,781
1.6359638223845905,0.07036131144466092,766
3.304511790071813,0.1518852740047734,787
10.224896057378944,0.1718935777280085,752
8.797664984568021,0.2815795284434285,780
5.915429182072491,0.08186486180248068,753
7.459416173208907,0.11262028482942724,778
8.787375252073923,0.13052260316818742,783
9.212651398582894,0.11099663449985803,795
1.897882580862184,0.1864035600461511,774
11.349407654168047,0.24236886700301824,789
5.27890952316672,0.2063061398306023,760
3.6107737038126224,0.1590126993069483,788
11.093847083795671,0.12779751120896188,761
1.0511967992990325,0.14076829307722072,786
14.32123044695052,0.2049246792842582,782
11.740455550012891,0.11901884158582927,791
10.96633907655837,0.1047011341414394,768
6.207747356335613,0.013698363574388656,796
10.030765473448017,0.136268089784736,797
14.930187159268236,0.04921857570203161,794
10.432635086667757,0.11424577575832147,790
3.4424007496432942,0.22995919606306311,769
4.989324947602096,0.0732739113061812,799
10.753709403858062,0.12356550905831035,776
11.08870626796275,0.11410927714430721,798
12.480147510933342,0.1295840035142176,777
11.998718878148106,0.11696125727773375,784
8.067080735085282,0.13316748186728675,785
6.570822607709163,0.20496324625715273,792
9.187514809691919,0.042229733003629616,793
