0.01,0.0,Captured,4
0.01,0.0,Captured,145
0.01,0.0,Captured,111
0.01,0.0,Captured,121
0.01,0.0,Captured,138
0.01,7960.297521679913,Captured,192
0.01,10945.409092309881,Captured,108
0.01,15920.595043359826,Ejected,186
0.01,17910.669423779804,Ejected,193
0.01,18905.706613989794,Ejected,28
0.01,18905.706613989794,Ejected,45
0.01,14925.557853149838,Ejected,16
0.01,18905.706613989794,Ejected,148
0.01,18905.706613989794,Ejected,165
0.01,18905.706613989794,Ejected,187
0.01,19900.74380419978,Ejected,18
0.01,19900.74380419978,Ejected,106
0.01,19900.74380419978,Ejected,174
0.01,19900.74380419978,Ejected,177
0.01,19900.74380419978,Ejected,184
0.01,20895.78099440977,Ejected,47
0.01,20895.78099440977,Ejected,99
0.01,15920.595043359826,Ejected,156
0.01,16915.632233569817,Ejected,55
0.01,17910.669423779804,Ejected,2
0.01,21890.818184619762,Ejected,20
0.01,16915.632233569817,Ejected,151
0.01,21890.818184619762,Ejected,79
0.01,21890.818184619762,Ejected,155
0.01,18905.706613989794,Ejected,44
0.01,22885.85537482975,Ejected,129
0.01,18905.706613989794,Ejected,28
0.01,18905.706613989794,Ejected,53
0.01,18905.706613989794,Ejected,27
0.01,23880.89256503974,Ejected,151
0.01,18905.706613989794,Ejected,149
0.01,18905.706613989794,Ejected,50
0.01,18905.706613989794,Ejected,106
0.01,19900.74380419978,Ejected,155
0.01,18905.706613989794,Ejected,170
0.01,19900.74380419978,Ejected,98
0.01,19900.74380419978,Ejected,189
0.01,19900.74380419978,Ejected,107
0.01,19900.74380419978,Ejected,120
0.01,20895.78099440977,Ejected,98
0.01,19900.74380419978,Ejected,193
0.01,25870.966945459717,Ejected,88
0.01,25870.966945459717,Ejected,128
0.01,25870.966945459717,Ejected,138
0.01,19900.74380419978,Ejected,152
0.01,26866.004135669707,Ejected,91
0.01,20895.78099440977,Ejected,57
0.01,26866.004135669707,Ejected,137
0.01,21890.818184619762,Ejected,123
0.01,26866.004135669707,Ejected,153
0.01,21890.818184619762,Ejected,67
0.01,26866.004135669707,Ejected,197
0.01,21890.818184619762,Ejected,156
0.01,21890.818184619762,Ejected,71
0.01,21890.818184619762,Ejected,83
0.01,21890.818184619762,Ejected,162
0.01,20895.78099440977,Ejected,186
0.01,20895.78099440977,Ejected,187
0.01,22885.85537482975,Ejected,32
0.01,22885.85537482975,Ejected,33
0.01,22885.85537482975,Ejected,62
0.01,27861.041325879698,Ejected,104
0.01,27861.041325879698,Ejected,116
0.01,27861.041325879698,Ejected,121
0.01,22885.85537482975,Ejected,95
0.01,21890.818184619762,Ejected,186
0.01,28856.078516089685,Ejected,2
0.01,28856.078516089685,Ejected,13
0.01,28856.078516089685,Ejected,32
0.01,22885.85537482975,Captured,64
0.01,28856.078516089685,Ejected,50
0.01,22885.85537482975,Ejected,167
0.01,22885.85537482975,Ejected,175
0.01,23880.89256503974,Ejected,11
0.01,23880.89256503974,Ejected,22
0.01,23880.89256503974,Ejected,28
0.01,22885.85537482975,Ejected,141
0.01,28856.078516089685,Ejected,166
0.01,29851.115706299675,Ejected,11
0.01,23880.89256503974,Ejected,99
0.01,22885.85537482975,Ejected,37
0.01,23880.89256503974,Ejected,44
0.01,29851.115706299675,Ejected,58
0.01,29851.115706299675,Ejected,107
0.01,23880.89256503974,Ejected,109
0.01,23880.89256503974,Ejected,195
0.01,24875.92975524973,Ejected,8
0.01,23880.89256503974,Ejected,128
0.01,29851.115706299675,Ejected,185
0.01,30846.152896509662,Ejected,1
0.01,23880.89256503974,Ejected,158
0.01,30846.152896509662,Ejected,21
0.01,23880.89256503974,Ejected,168
0.01,24875.92975524973,Ejected,78
0.01,30846.152896509662,Ejected,49
0.01,23880.89256503974,Ejected,35
0.01,30846.152896509662,Ejected,73
0.01,23880.89256503974,Ejected,63
0.01,30846.152896509662,Ejected,124
0.01,24875.92975524973,Ejected,74
0.01,24875.92975524973,Ejected,78
0.01,23880.89256503974,Ejected,77
0.01,24875.92975524973,Ejected,103
0.01,24875.92975524973,Ejected,194
0.01,24875.92975524973,Ejected,121
0.01,23880.89256503974,Ejected,132
0.01,24875.92975524973,Ejected,129
0.01,25870.966945459717,Ejected,25
0.01,23880.89256503974,Ejected,148
0.01,25870.966945459717,Ejected,35
0.01,24875.92975524973,Ejected,164
0.01,23880.89256503974,Ejected,184
0.01,31841.190086719653,Ejected,55
0.01,31841.190086719653,Ejected,94
0.01,25870.966945459717,Ejected,43
0.01,25870.966945459717,Ejected,52
0.01,25870.966945459717,Ejected,137
0.01,25870.966945459717,Ejected,170
0.01,32836.22727692964,Ejected,59
0.01,32836.22727692964,Ejected,74
0.01,26866.004135669707,Ejected,52
0.01,26866.004135669707,Ejected,58
0.01,26866.004135669707,Ejected,69
0.01,25870.966945459717,Ejected,198
0.01,26866.004135669707,Ejected,1
0.01,26866.004135669707,Ejected,96
0.01,26866.004135669707,Ejected,24
0.01,26866.004135669707,Ejected,29
0.01,32836.22727692964,Ejected,161
0.01,26866.004135669707,Ejected,106
0.01,26866.004135669707,Captured,87
0.01,33831.264467139634,Ejected,37
0.01,26866.004135669707,Ejected,105
0.01,25870.966945459717,Ejected,62
0.01,33831.264467139634,Ejected,64
0.01,33831.264467139634,Ejected,92
0.01,26866.004135669707,Ejected,135
0.01,25870.966945459717,Ejected,126
0.01,25870.966945459717,Ejected,157
0.01,27861.041325879698,Ejected,88
0.01,34826.30165734962,Ejected,8
0.01,25870.966945459717,Ejected,193
0.01,27861.041325879698,Ejected,108
0.01,27861.041325879698,Ejected,134
0.01,28856.078516089685,Ejected,12
0.01,27861.041325879698,Ejected,162
0.01,26866.004135669707,Ejected,122
0.01,34826.30165734962,Ejected,172
0.01,26866.004135669707,Ejected,164
0.01,28856.078516089685,Ejected,40
0.01,28856.078516089685,Ejected,85
0.01,26866.004135669707,Ejected,191
0.01,28856.078516089685,Ejected,127
0.01,28856.078516089685,Ejected,110
0.01,27861.041325879698,Ejected,52
0.01,35821.33884755961,Ejected,191
0.01,35821.33884755961,Ejected,199
0.01,29851.115706299675,Ejected,4
0.01,27861.041325879698,Ejected,97
0.01,29851.115706299675,Ejected,55
0.01,27861.041325879698,Ejected,160
0.01,27861.041325879698,Ejected,162
0.01,27861.041325879698,Ejected,171
0.01,27861.041325879698,Ejected,181
0.01,36816.3760377696,Ejected,133
0.01,29851.115706299675,Ejected,112
0.01,29851.115706299675,Ejected,139
0.01,28856.078516089685,Ejected,64
0.01,30846.152896509662,Ejected,20
0.01,37811.41322797959,Ejected,69
0.01,28856.078516089685,Ejected,116
0.01,37811.41322797959,Ejected,101
0.01,30846.152896509662,Ejected,97
0.01,37811.41322797959,Ejected,181
0.01,30846.152896509662,Ejected,129
0.01,30846.152896509662,Ejected,150
0.01,29851.115706299675,Ejected,28
0.01,29851.115706299675,Ejected,38
0.01,30846.152896509662,Ejected,178
0.01,30846.152896509662,Ejected,190
0.01,30846.152896509662,Ejected,192
0.01,29851.115706299675,Ejected,80
0.01,29851.115706299675,Ejected,86
0.01,29851.115706299675,Ejected,119
0.01,38806.450418189575,Ejected,176
0.01,31841.190086719653,Ejected,82
0.01,31841.190086719653,Ejected,87
0.01,38806.450418189575,Ejected,183
0.01,29851.115706299675,Ejected,154
0.01,31841.190086719653,Ejected,118
0.01,31841.190086719653,Ejected,131
0.01,39801.48760839956,Ejected,57
0.01,31841.190086719653,Ejected,154
0.01,32836.22727692964,Ejected,27
0.01,32836.22727692964,Ejected,47
0.01,30846.152896509662,Ejected,121
0.01,30846.152896509662,Ejected,137
0.01,30846.152896509662,Ejected,150
0.01,40796.52479860956,Ejected,61
0.01,31841.190086719653,Ejected,6
0.01,32836.22727692964,Ejected,182
0.01,33831.264467139634,Ejected,15
0.01,40796.52479860956,Ejected,188
0.01,33831.264467139634,Ejected,50
0.01,33831.264467139634,Ejected,24
0.01,33831.264467139634,Ejected,51
0.01,31841.190086719653,Ejected,71
0.01,33831.264467139634,Ejected,57
0.01,33831.264467139634,Ejected,170
0.01,41791.56198881954,Ejected,160
0.01,41791.56198881954,Ejected,190
0.01,34826.30165734962,Ejected,13
0.01,34826.30165734962,Ejected,76
0.01,34826.30165734962,Ejected,88
0.01,32836.22727692964,Ejected,67
0.01,34826.30165734962,Ejected,92
0.01,42786.59917902953,Ejected,154
0.01,34826.30165734962,Ejected,184
0.01,34826.30165734962,Ejected,197
0.01,35821.33884755961,Ejected,3
0.01,35821.33884755961,Ejected,26
0.01,43781.636369239524,Ejected,192
0.01,44776.67355944951,Ejected,4
0.01,44776.67355944951,Ejected,12
0.01,35821.33884755961,Ejected,185
0.01,36816.3760377696,Ejected,5
0.01,35821.33884755961,Ejected,193
0.01,36816.3760377696,Ejected,60
0.01,36816.3760377696,Ejected,3
0.01,36816.3760377696,Ejected,100
0.01,44776.67355944951,Ejected,169
0.01,34826.30165734962,Ejected,74
0.01,45771.7107496595,Ejected,63
0.01,34826.30165734962,Ejected,123
0.01,36816.3760377696,Ejected,191
0.01,37811.41322797959,Ejected,90
0.01,37811.41322797959,Ejected,0
0.01,35821.33884755961,Ejected,24
0.01,46766.74793986949,Ejected,77
0.01,35821.33884755961,Ejected,115
0.01,46766.74793986949,Ejected,167
0.01,38806.450418189575,Ejected,23
0.01,38806.450418189575,Ejected,45
0.01,39801.48760839956,Ejected,33
0.01,39801.48760839956,Ejected,41
0.01,39801.48760839956,Ejected,63
0.01,39801.48760839956,Ejected,65
0.01,39801.48760839956,Ejected,85
0.01,48756.822320289466,Ejected,42
0.01,36816.3760377696,Ejected,166
0.01,39801.48760839956,Ejected,111
0.01,48756.822320289466,Ejected,110
0.01,48756.822320289466,Ejected,127
0.01,39801.48760839956,Ejected,172
0.01,37811.41322797959,Ejected,42
0.01,39801.48760839956,Ejected,91
0.01,39801.48760839956,Ejected,181
0.01,37811.41322797959,Ejected,110
0.01,37811.41322797959,Ejected,114
0.01,40796.52479860956,Ejected,92
0.01,37811.41322797959,Ejected,151
0.01,37811.41322797959,Ejected,178
0.01,49751.85951049946,Ejected,164
0.01,49751.85951049946,Ejected,168
0.01,50746.89670070945,Ejected,26
0.01,40796.52479860956,Ejected,94
0.01,38806.450418189575,Ejected,104
0.01,38806.450418189575,Ejected,155
0.01,39801.48760839956,Ejected,43
0.01,42786.59917902953,Ejected,72
0.01,42786.59917902953,Ejected,89
0.01,39801.48760839956,Ejected,129
0.01,41791.56198881954,Ejected,188
0.01,41791.56198881954,Ejected,191
0.01,42786.59917902953,Ejected,157
0.01,42786.59917902953,Ejected,46
0.01,52736.97108112943,Ejected,131
0.01,43781.636369239524,Ejected,56
0.01,52736.97108112943,Ejected,198
0.01,42786.59917902953,Ejected,196
0.01,41791.56198881954,Ejected,45
0.01,54727.0454615494,Ejected,34
0.01,54727.0454615494,Ejected,83
0.01,44776.67355944951,Ejected,148
0.01,41791.56198881954,Ejected,174
0.01,45771.7107496595,Ejected,91
0.01,42786.59917902953,Ejected,22
0.01,42786.59917902953,Ejected,87
0.01,42786.59917902953,Ejected,177
0.01,56717.11984196938,Ejected,95
0.01,43781.636369239524,Ejected,25
0.01,46766.74793986949,Ejected,124
0.01,47761.78513007948,Ejected,4
0.01,47761.78513007948,Ejected,1
0.01,58707.19422238936,Ejected,90
0.01,48756.822320289466,Ejected,34
0.01,58707.19422238936,Ejected,123
0.01,44776.67355944951,Ejected,139
0.01,47761.78513007948,Ejected,93
0.01,45771.7107496595,Ejected,2
0.01,47761.78513007948,Ejected,125
0.01,45771.7107496595,Ejected,40
0.01,47761.78513007948,Ejected,168
0.01,49751.85951049946,Ejected,19
0.01,46766.74793986949,Ejected,13
0.01,48756.822320289466,Ejected,151
0.01,46766.74793986949,Ejected,49
0.01,46766.74793986949,Ejected,55
0.01,49751.85951049946,Ejected,40
0.01,46766.74793986949,Ejected,107
0.01,46766.74793986949,Ejected,135
0.01,61692.305793019324,Ejected,84
0.01,61692.305793019324,Ejected,143
0.01,62687.34298322932,Ejected,0
0.01,50746.89670070945,Ejected,21
0.01,47761.78513007948,Ejected,102
0.01,50746.89670070945,Ejected,110
0.01,51741.933890919434,Ejected,188
0.01,50746.89670070945,Ejected,186
0.01,51741.933890919434,Ejected,10
0.01,52736.97108112943,Ejected,142
0.01,48756.822320289466,Ejected,145
0.01,53732.008271339415,Ejected,42
0.01,51741.933890919434,Ejected,182
0.01,64677.41736364929,Ejected,97
0.01,53732.008271339415,Ejected,150
0.01,53732.008271339415,Ejected,163
0.01,53732.008271339415,Ejected,39
0.01,53732.008271339415,Ejected,119
0.01,67662.52893427927,Ejected,29
0.01,51741.933890919434,Ejected,88
0.01,51741.933890919434,Ejected,161
0.01,56717.11984196938,Ejected,75
0.01,51741.933890919434,Ejected,183
0.01,55722.082651759396,Ejected,31
0.01,68657.56612448925,Ejected,152
0.01,57712.15703217937,Ejected,66
0.01,69652.60331469924,Ejected,66
0.01,53732.008271339415,Ejected,61
0.01,58707.19422238936,Ejected,37
0.01,58707.19422238936,Ejected,46
0.01,56717.11984196938,Ejected,128
0.01,56717.11984196938,Ejected,157
0.01,70647.64050490923,Ejected,111
0.01,54727.0454615494,Ejected,11
0.01,54727.0454615494,Ejected,51
0.01,57712.15703217937,Ejected,84
0.01,71642.67769511922,Ejected,81
0.01,54727.0454615494,Ejected,111
0.01,59702.23141259935,Ejected,116
0.01,57712.15703217937,Ejected,171
0.01,58707.19422238936,Ejected,124
0.01,55722.082651759396,Ejected,138
0.01,58707.19422238936,Ejected,185
0.01,73632.7520755392,Ejected,65
0.01,73632.7520755392,Ejected,109
0.01,73632.7520755392,Ejected,135
0.01,61692.305793019324,Ejected,106
0.01,61692.305793019324,Ejected,133
0.01,59702.23141259935,Ejected,181
0.01,61692.305793019324,Ejected,175
0.01,62687.34298322932,Ejected,14
0.01,57712.15703217937,Ejected,85
0.01,60697.26860280934,Ejected,173
0.01,57712.15703217937,Ejected,112
0.01,61692.305793019324,Ejected,47
0.01,76617.86364616916,Ejected,115
0.01,77612.90083637915,Ejected,9
0.01,77612.90083637915,Ejected,80
0.01,59702.23141259935,Ejected,146
0.01,65672.45455385928,Ejected,80
0.01,79602.97521679912,Ejected,40
0.01,60697.26860280934,Ejected,93
0.01,64677.41736364929,Ejected,113
0.01,64677.41736364929,Ejected,153
0.01,65672.45455385928,Ejected,65
0.01,81593.04959721911,Ejected,82
0.01,62687.34298322932,Ejected,109
0.01,62687.34298322932,Ejected,192
0.01,82588.0867874291,Ejected,125
0.01,66667.49174406927,Ejected,148
0.01,66667.49174406927,Ejected,180
0.01,82588.0867874291,Ejected,178
0.01,69652.60331469924,Ejected,93
0.01,84578.16116784907,Ejected,149
0.01,70647.64050490923,Ejected,165
0.01,85573.19835805906,Ejected,60
0.01,66667.49174406927,Ejected,1
0.01,86568.23554826906,Ejected,157
0.01,86568.23554826906,Ejected,180
0.01,73632.7520755392,Ejected,39
0.01,67662.52893427927,Ejected,144
0.01,68657.56612448925,Ejected,15
0.01,68657.56612448925,Ejected,66
0.01,89553.34711889902,Ejected,189
0.01,90548.38430910901,Ejected,5
0.01,90548.38430910901,Ejected,68
0.01,73632.7520755392,Ejected,147
0.01,71642.67769511922,Ejected,7
0.01,78607.93802658914,Ejected,190
0.01,95523.57026015896,Ejected,134
0.01,77612.90083637915,Ejected,101
0.01,97513.64464057893,Ejected,162
0.01,98508.68183078892,Ejected,85
0.01,99503.71902099892,Ejected,44
0.01,80598.01240700913,Ejected,70
0.01,80598.01240700913,Ejected,133
0.01,81593.04959721911,Ejected,63
0.01,81593.04959721911,Ejected,116
0.01,85573.19835805906,Ejected,7
0.01,77612.90083637915,Ejected,95
0.01,85573.19835805906,Ejected,138
0.01,85573.19835805906,Ejected,154
0.01,102488.83059162888,Ejected,72
0.01,102488.83059162888,Ejected,194
0.01,103483.86778183887,Ejected,27
0.01,79602.97521679912,Ejected,84
0.01,104478.90497204885,Ejected,67
0.01,80598.01240700913,Ejected,31
0.01,88558.30992868904,Ejected,199
0.01,85573.19835805906,Ejected,132
0.01,85573.19835805906,Ejected,164
0.01,89553.34711889902,Ejected,160
0.01,90548.38430910901,Ejected,36
0.01,87563.27273847905,Ejected,48
0.01,82588.0867874291,Ejected,159
0.01,91543.421499319,Ejected,145
0.01,110449.12811330879,Ejected,24
0.01,111444.16530351879,Ejected,103
0.01,112439.20249372878,Ejected,17
0.01,112439.20249372878,Ejected,31
0.01,112439.20249372878,Captured,51
0.01,112439.20249372878,Ejected,75
0.01,112439.20249372878,Ejected,122
0.01,86568.23554826906,Ejected,73
0.01,91543.421499319,Ejected,68
0.01,88558.30992868904,Ejected,189
0.01,98508.68183078892,Ejected,6
0.01,89553.34711889902,Ejected,158
0.01,95523.57026015896,Ejected,17
0.01,96518.60745036895,Ejected,199
0.01,101493.7934014189,Ejected,152
0.01,121394.53720561868,Ejected,175
0.01,123384.61158603865,Ejected,141
0.01,101493.7934014189,Ejected,37
0.01,97513.64464057893,Ejected,131
0.01,103483.86778183887,Ejected,166
0.01,104478.90497204885,Ejected,152
0.01,110449.12811330879,Ejected,27
0.01,100498.7562112089,Ejected,103
0.01,101493.7934014189,Ejected,54
0.01,101493.7934014189,Ejected,125
0.01,112439.20249372878,Ejected,174
0.01,135325.05786855854,Ejected,114
0.01,115424.31406435874,Ejected,153
0.01,112439.20249372878,Ejected,38
0.01,140300.24381960847,Ejected,10
0.01,112439.20249372878,Ejected,120
0.01,109454.0909230988,Ejected,169
0.01,149255.57853149838,Ejected,142
0.01,132339.94629792855,Ejected,26
0.01,158210.91324338826,Ejected,41
0.01,132339.94629792855,Ejected,140
0.01,126369.72315666862,Ejected,159
0.01,133334.98348813853,Ejected,189
0.01,121394.53720561868,Ejected,197
0.01,125374.68596645864,Ejected,41
0.01,138310.1694391885,Ejected,178
0.01,126369.72315666862,Captured,190
0.01,131344.90910771856,Ejected,176
0.01,149255.57853149838,Ejected,82
0.01,136320.09505876852,Ejected,44
0.01,138310.1694391885,Ejected,20
0.01,138310.1694391885,Ejected,196
0.01,141295.28100981846,Ejected,89
0.01,159205.95043359825,Ejected,133
0.005011872336272725,0.0,Captured,107
0.005011872336272725,0.0,Captured,109
0.005011872336272725,0.0,Captured,109
0.005011872336272725,33457.282636538584,Captured,85
0.005011872336272725,33457.282636538584,Captured,129
0.005011872336272725,55762.1377275643,Ejected,193
0.005011872336272725,66914.56527307717,Ejected,13
0.005011872336272725,66914.56527307717,Ejected,20
0.005011872336272725,66914.56527307717,Ejected,121
0.005011872336272725,66914.56527307717,Ejected,179
0.005011872336272725,78066.99281859002,Ejected,37
0.005011872336272725,66914.56527307717,Ejected,175
0.005011872336272725,78066.99281859002,Ejected,6
0.005011872336272725,78066.99281859002,Ejected,22
0.005011872336272725,78066.99281859002,Ejected,132
0.005011872336272725,78066.99281859002,Ejected,134
0.005011872336272725,78066.99281859002,Ejected,28
0.005011872336272725,78066.99281859002,Ejected,54
0.005011872336272725,78066.99281859002,Ejected,173
0.005011872336272725,78066.99281859002,Ejected,92
0.005011872336272725,78066.99281859002,Ejected,111
0.005011872336272725,89219.42036410289,Ejected,12
0.005011872336272725,89219.42036410289,Ejected,19
0.005011872336272725,78066.99281859002,Ejected,132
0.005011872336272725,78066.99281859002,Ejected,151
0.005011872336272725,78066.99281859002,Ejected,149
0.005011872336272725,78066.99281859002,Ejected,165
0.005011872336272725,78066.99281859002,Ejected,162
0.005011872336272725,89219.42036410289,Ejected,93
0.005011872336272725,89219.42036410289,Ejected,1
0.005011872336272725,89219.42036410289,Ejected,101
0.005011872336272725,89219.42036410289,Ejected,8
0.005011872336272725,89219.42036410289,Ejected,118
0.005011872336272725,78066.99281859002,Ejected,196
0.005011872336272725,89219.42036410289,Ejected,133
0.005011872336272725,89219.42036410289,Ejected,21
0.005011872336272725,89219.42036410289,Ejected,29
0.005011872336272725,89219.42036410289,Ejected,34
0.005011872336272725,89219.42036410289,Ejected,19
0.005011872336272725,89219.42036410289,Ejected,57
0.005011872336272725,89219.42036410289,Ejected,78
0.005011872336272725,89219.42036410289,Ejected,84
0.005011872336272725,100371.84790961575,Ejected,9
0.005011872336272725,89219.42036410289,Ejected,108
0.005011872336272725,89219.42036410289,Ejected,115
0.005011872336272725,89219.42036410289,Ejected,101
0.005011872336272725,100371.84790961575,Ejected,38
0.005011872336272725,89219.42036410289,Ejected,127
0.005011872336272725,89219.42036410289,Ejected,112
0.005011872336272725,89219.42036410289,Ejected,120
0.005011872336272725,89219.42036410289,Ejected,143
0.005011872336272725,89219.42036410289,Ejected,154
0.005011872336272725,89219.42036410289,Ejected,161
0.005011872336272725,100371.84790961575,Ejected,103
0.005011872336272725,100371.84790961575,Ejected,27
0.005011872336272725,100371.84790961575,Ejected,32
0.005011872336272725,100371.84790961575,Ejected,34
0.005011872336272725,100371.84790961575,Ejected,39
0.005011872336272725,100371.84790961575,Ejected,36
0.005011872336272725,100371.84790961575,Ejected,41
0.005011872336272725,100371.84790961575,Ejected,43
0.005011872336272725,100371.84790961575,Ejected,180
0.005011872336272725,100371.84790961575,Ejected,53
0.005011872336272725,100371.84790961575,Ejected,72
0.005011872336272725,100371.84790961575,Ejected,79
0.005011872336272725,100371.84790961575,Ejected,97
0.005011872336272725,100371.84790961575,Ejected,125
0.005011872336272725,100371.84790961575,Ejected,107
0.005011872336272725,100371.84790961575,Ejected,115
0.005011872336272725,100371.84790961575,Ejected,120
0.005011872336272725,100371.84790961575,Ejected,147
0.005011872336272725,100371.84790961575,Ejected,131
0.005011872336272725,111524.2754551286,Ejected,87
0.005011872336272725,100371.84790961575,Ejected,174
0.005011872336272725,111524.2754551286,Ejected,100
0.005011872336272725,100371.84790961575,Ejected,149
0.005011872336272725,100371.84790961575,Ejected,174
0.005011872336272725,100371.84790961575,Ejected,158
0.005011872336272725,100371.84790961575,Ejected,178
0.005011872336272725,100371.84790961575,Ejected,179
0.005011872336272725,111524.2754551286,Ejected,131
0.005011872336272725,111524.2754551286,Ejected,143
0.005011872336272725,111524.2754551286,Ejected,0
0.005011872336272725,111524.2754551286,Ejected,159
0.005011872336272725,111524.2754551286,Ejected,5
0.005011872336272725,111524.2754551286,Ejected,176
0.005011872336272725,111524.2754551286,Ejected,25
0.005011872336272725,111524.2754551286,Ejected,39
0.005011872336272725,111524.2754551286,Ejected,47
0.005011872336272725,111524.2754551286,Ejected,50
0.005011872336272725,111524.2754551286,Ejected,55
0.005011872336272725,111524.2754551286,Ejected,62
0.005011872336272725,111524.2754551286,Ejected,68
0.005011872336272725,111524.2754551286,Ejected,83
0.005011872336272725,111524.2754551286,Ejected,101
0.005011872336272725,122676.70300064147,Ejected,39
0.005011872336272725,111524.2754551286,Ejected,129
0.005011872336272725,111524.2754551286,Ejected,130
0.005011872336272725,122676.70300064147,Ejected,64
0.005011872336272725,111524.2754551286,Ejected,155
0.005011872336272725,111524.2754551286,Ejected,188
0.005011872336272725,122676.70300064147,Ejected,4
0.005011872336272725,122676.70300064147,Ejected,11
0.005011872336272725,122676.70300064147,Ejected,48
0.005011872336272725,122676.70300064147,Ejected,24
0.005011872336272725,122676.70300064147,Ejected,32
0.005011872336272725,122676.70300064147,Ejected,46
0.005011872336272725,122676.70300064147,Ejected,67
0.005011872336272725,122676.70300064147,Ejected,69
0.005011872336272725,122676.70300064147,Ejected,69
0.005011872336272725,122676.70300064147,Ejected,71
0.005011872336272725,122676.70300064147,Ejected,67
0.005011872336272725,122676.70300064147,Ejected,93
0.005011872336272725,122676.70300064147,Ejected,83
0.005011872336272725,122676.70300064147,Ejected,112
0.005011872336272725,133829.13054615434,Ejected,88
0.005011872336272725,122676.70300064147,Ejected,134
0.005011872336272725,122676.70300064147,Ejected,154
0.005011872336272725,122676.70300064147,Ejected,144
0.005011872336272725,122676.70300064147,Ejected,144
0.005011872336272725,133829.13054615434,Ejected,147
0.005011872336272725,133829.13054615434,Ejected,153
0.005011872336272725,122676.70300064147,Ejected,184
0.005011872336272725,122676.70300064147,Ejected,176
0.005011872336272725,133829.13054615434,Ejected,2
0.005011872336272725,133829.13054615434,Ejected,167
0.005011872336272725,122676.70300064147,Ejected,198
0.005011872336272725,122676.70300064147,Ejected,195
0.005011872336272725,133829.13054615434,Ejected,43
0.005011872336272725,133829.13054615434,Ejected,70
0.005011872336272725,133829.13054615434,Ejected,66
0.005011872336272725,133829.13054615434,Ejected,67
0.005011872336272725,133829.13054615434,Ejected,60
0.005011872336272725,133829.13054615434,Ejected,131
0.005011872336272725,133829.13054615434,Ejected,132
0.005011872336272725,144981.5580916672,Ejected,124
0.005011872336272725,133829.13054615434,Ejected,150
0.005011872336272725,133829.13054615434,Ejected,151
0.005011872336272725,133829.13054615434,Ejected,164
0.005011872336272725,133829.13054615434,Ejected,191
0.005011872336272725,144981.5580916672,Ejected,13
0.005011872336272725,156133.98563718004,Ejected,5
0.005011872336272725,156133.98563718004,Ejected,17
0.005011872336272725,144981.5580916672,Ejected,25
0.005011872336272725,144981.5580916672,Ejected,26
0.005011872336272725,144981.5580916672,Ejected,6
0.005011872336272725,144981.5580916672,Ejected,32
0.005011872336272725,144981.5580916672,Ejected,57
0.005011872336272725,144981.5580916672,Ejected,57
0.005011872336272725,144981.5580916672,Ejected,89
0.005011872336272725,156133.98563718004,Ejected,99
0.005011872336272725,144981.5580916672,Ejected,138
0.005011872336272725,144981.5580916672,Ejected,178
0.005011872336272725,156133.98563718004,Ejected,168
0.005011872336272725,144981.5580916672,Ejected,192
0.005011872336272725,156133.98563718004,Ejected,20
0.005011872336272725,156133.98563718004,Ejected,11
0.005011872336272725,156133.98563718004,Ejected,53
0.005011872336272725,167286.41318269292,Ejected,61
0.005011872336272725,156133.98563718004,Ejected,94
0.005011872336272725,156133.98563718004,Ejected,143
0.005011872336272725,156133.98563718004,Ejected,124
0.005011872336272725,156133.98563718004,Ejected,147
0.005011872336272725,167286.41318269292,Ejected,125
0.005011872336272725,167286.41318269292,Ejected,152
0.005011872336272725,167286.41318269292,Ejected,176
0.005011872336272725,167286.41318269292,Ejected,157
0.005011872336272725,189591.26827371863,Ejected,11
0.005011872336272725,178438.84072820577,Ejected,23
0.005011872336272725,178438.84072820577,Ejected,23
0.005011872336272725,178438.84072820577,Ejected,26
0.005011872336272725,189591.26827371863,Ejected,95
0.005011872336272725,178438.84072820577,Ejected,45
0.005011872336272725,178438.84072820577,Ejected,77
0.005011872336272725,189591.26827371863,Ejected,184
0.005011872336272725,178438.84072820577,Ejected,133
0.005011872336272725,178438.84072820577,Ejected,179
0.005011872336272725,178438.84072820577,Ejected,167
0.005011872336272725,178438.84072820577,Ejected,169
0.005011872336272725,200743.6958192315,Ejected,33
0.005011872336272725,189591.26827371863,Ejected,0
0.005011872336272725,189591.26827371863,Ejected,9
0.005011872336272725,189591.26827371863,Ejected,75
0.005011872336272725,189591.26827371863,Ejected,85
0.005011872336272725,189591.26827371863,Ejected,180
0.005011872336272725,189591.26827371863,Captured,191
0.005011872336272725,211896.12336474436,Ejected,160
0.005011872336272725,200743.6958192315,Ejected,107
0.005011872336272725,200743.6958192315,Ejected,113
0.005011872336272725,200743.6958192315,Ejected,165
0.005011872336272725,200743.6958192315,Ejected,166
0.005011872336272725,200743.6958192315,Ejected,172
0.005011872336272725,223048.5509102572,Ejected,71
0.005011872336272725,223048.5509102572,Ejected,94
0.005011872336272725,211896.12336474436,Ejected,65
0.005011872336272725,211896.12336474436,Ejected,91
0.005011872336272725,211896.12336474436,Ejected,90
0.005011872336272725,211896.12336474436,Ejected,152
0.005011872336272725,211896.12336474436,Ejected,164
0.005011872336272725,211896.12336474436,Ejected,168
0.005011872336272725,234200.9784557701,Ejected,79
0.005011872336272725,223048.5509102572,Ejected,39
0.005011872336272725,223048.5509102572,Ejected,88
0.005011872336272725,223048.5509102572,Ejected,140
0.005011872336272725,245353.40600128294,Ejected,62
0.005011872336272725,223048.5509102572,Ejected,154
0.005011872336272725,234200.9784557701,Ejected,38
0.005011872336272725,256505.8335467958,Ejected,43
0.005011872336272725,267658.2610923087,Ejected,0
0.005011872336272725,245353.40600128294,Ejected,94
0.005011872336272725,245353.40600128294,Ejected,195
0.005011872336272725,278810.6886378215,Ejected,23
0.005011872336272725,256505.8335467958,Ejected,110
0.005011872336272725,256505.8335467958,Ejected,121
0.005011872336272725,267658.2610923087,Ejected,98
0.005011872336272725,301115.54372884723,Ejected,8
0.005011872336272725,278810.6886378215,Ejected,70
0.005011872336272725,278810.6886378215,Ejected,88
0.005011872336272725,278810.6886378215,Ejected,158
0.005011872336272725,278810.6886378215,Ejected,161
0.005011872336272725,289963.1161833344,Ejected,0
0.005011872336272725,312267.9712743601,Ejected,164
0.005011872336272725,301115.54372884723,Ejected,56
0.005011872336272725,312267.9712743601,Ejected,127
0.005011872336272725,312267.9712743601,Ejected,153
0.005011872336272725,323420.398819873,Ejected,4
0.005011872336272725,345725.2539108987,Ejected,55
0.005011872336272725,345725.2539108987,Ejected,116
0.005011872336272725,323420.398819873,Ejected,103
0.005011872336272725,323420.398819873,Ejected,66
0.005011872336272725,356877.68145641155,Ejected,98
0.005011872336272725,334572.82636538584,Ejected,93
0.005011872336272725,334572.82636538584,Ejected,114
0.005011872336272725,368030.1090019244,Ejected,188
0.005011872336272725,401487.391638463,Ejected,137
0.005011872336272725,390334.9640929501,Ejected,96
0.005011872336272725,390334.9640929501,Ejected,148
0.005011872336272725,401487.391638463,Ejected,63
0.005011872336272725,434944.67427500157,Ejected,25
0.005011872336272725,412639.81918397587,Ejected,35
0.005011872336272725,423792.2467294887,Ejected,12
0.005011872336272725,434944.67427500157,Ejected,87
0.005011872336272725,434944.67427500157,Ejected,100
0.005011872336272725,434944.67427500157,Ejected,105
0.005011872336272725,434944.67427500157,Ejected,79
0.005011872336272725,446097.1018205144,Captured,17
0.005011872336272725,446097.1018205144,Ejected,181
0.005011872336272725,490706.8120025659,Ejected,113
0.005011872336272725,457249.5293660273,Ejected,187
0.005011872336272725,501859.23954807874,Ejected,30
0.005011872336272725,501859.23954807874,Captured,84
0.005011872336272725,468401.9569115402,Ejected,88
0.005011872336272725,479554.38445705303,Ejected,37
0.005011872336272725,479554.38445705303,Ejected,199
0.005011872336272725,501859.23954807874,Ejected,197
0.005011872336272725,524164.09463910444,Ejected,131
0.005011872336272725,535316.5221846174,Ejected,170
0.0025118864315095794,89330.5953112466,Ejected,39
0.0025118864315095794,111663.24413905824,Ejected,148
0.0025118864315095794,111663.24413905824,Ejected,22
0.0025118864315095794,111663.24413905824,Ejected,6
0.0025118864315095794,111663.24413905824,Ejected,85
0.0025118864315095794,122829.56855296406,Ejected,120
0.0025118864315095794,111663.24413905824,Ejected,37
0.0025118864315095794,133995.8929668699,Ejected,106
0.0025118864315095794,133995.8929668699,Ejected,107
0.0025118864315095794,122829.56855296406,Ejected,94
0.0025118864315095794,122829.56855296406,Ejected,25
0.0025118864315095794,133995.8929668699,Ejected,92
0.0025118864315095794,122829.56855296406,Ejected,41
0.0025118864315095794,133995.8929668699,Ejected,21
0.0025118864315095794,133995.8929668699,Ejected,88
0.0025118864315095794,145162.21738077572,Ejected,150
0.0025118864315095794,145162.21738077572,Ejected,159
0.0025118864315095794,133995.8929668699,Ejected,109
0.0025118864315095794,122829.56855296406,Ejected,115
0.0025118864315095794,145162.21738077572,Ejected,11
0.0025118864315095794,122829.56855296406,Ejected,143
0.0025118864315095794,145162.21738077572,Ejected,29
0.0025118864315095794,133995.8929668699,Ejected,174
0.0025118864315095794,133995.8929668699,Ejected,179
0.0025118864315095794,156328.54179468154,Ejected,55
0.0025118864315095794,133995.8929668699,Ejected,181
0.0025118864315095794,122829.56855296406,Ejected,182
0.0025118864315095794,133995.8929668699,Ejected,11
0.0025118864315095794,133995.8929668699,Ejected,15
0.0025118864315095794,145162.21738077572,Ejected,109
0.0025118864315095794,133995.8929668699,Ejected,67
0.0025118864315095794,145162.21738077572,Ejected,165
0.0025118864315095794,145162.21738077572,Ejected,122
0.0025118864315095794,145162.21738077572,Ejected,145
0.0025118864315095794,156328.54179468154,Ejected,27
0.0025118864315095794,167494.86620858737,Ejected,69
0.0025118864315095794,156328.54179468154,Ejected,71
0.0025118864315095794,156328.54179468154,Ejected,88
0.0025118864315095794,167494.86620858737,Ejected,125
0.0025118864315095794,145162.21738077572,Ejected,9
0.0025118864315095794,145162.21738077572,Ejected,44
0.0025118864315095794,156328.54179468154,Ejected,152
0.0025118864315095794,156328.54179468154,Ejected,164
0.0025118864315095794,156328.54179468154,Ejected,100
0.0025118864315095794,156328.54179468154,Ejected,151
0.0025118864315095794,178661.1906224932,Ejected,164
0.0025118864315095794,178661.1906224932,Ejected,168
0.0025118864315095794,156328.54179468154,Ejected,55
0.0025118864315095794,178661.1906224932,Ejected,6
0.0025118864315095794,189827.515036399,Ejected,123
0.0025118864315095794,156328.54179468154,Ejected,138
0.0025118864315095794,178661.1906224932,Ejected,23
0.0025118864315095794,178661.1906224932,Ejected,30
0.0025118864315095794,156328.54179468154,Ejected,195
0.0025118864315095794,178661.1906224932,Ejected,148
0.0025118864315095794,178661.1906224932,Ejected,166
0.0025118864315095794,167494.86620858737,Ejected,53
0.0025118864315095794,189827.515036399,Ejected,10
0.0025118864315095794,189827.515036399,Ejected,43
0.0025118864315095794,167494.86620858737,Ejected,88
0.0025118864315095794,167494.86620858737,Ejected,128
0.0025118864315095794,189827.515036399,Ejected,110
0.0025118864315095794,212160.16386421066,Ejected,28
0.0025118864315095794,189827.515036399,Ejected,49
0.0025118864315095794,212160.16386421066,Ejected,87
0.0025118864315095794,212160.16386421066,Ejected,121
0.0025118864315095794,200993.83945030483,Ejected,52
0.0025118864315095794,212160.16386421066,Ejected,172
0.0025118864315095794,200993.83945030483,Ejected,9
0.0025118864315095794,178661.1906224932,Ejected,139
0.0025118864315095794,200993.83945030483,Ejected,188
0.0025118864315095794,189827.515036399,Ejected,34
0.0025118864315095794,189827.515036399,Ejected,73
0.0025118864315095794,234492.8126920223,Ejected,11
0.0025118864315095794,223326.48827811648,Ejected,38
0.0025118864315095794,223326.48827811648,Ejected,61
0.0025118864315095794,212160.16386421066,Ejected,156
0.0025118864315095794,223326.48827811648,Ejected,56
0.0025118864315095794,223326.48827811648,Ejected,79
0.0025118864315095794,223326.48827811648,Ejected,193
0.0025118864315095794,223326.48827811648,Ejected,110
0.0025118864315095794,234492.8126920223,Ejected,40
0.0025118864315095794,223326.48827811648,Ejected,125
0.0025118864315095794,212160.16386421066,Ejected,54
0.0025118864315095794,234492.8126920223,Ejected,31
0.0025118864315095794,256825.46151983395,Ejected,151
0.0025118864315095794,212160.16386421066,Ejected,160
0.0025118864315095794,267991.7859337398,Ejected,64
0.0025118864315095794,245659.13710592812,Ejected,159
0.0025118864315095794,245659.13710592812,Ejected,105
0.0025118864315095794,223326.48827811648,Ejected,193
0.0025118864315095794,234492.8126920223,Ejected,24
0.0025118864315095794,245659.13710592812,Ejected,190
0.0025118864315095794,256825.46151983395,Ejected,144
0.0025118864315095794,256825.46151983395,Ejected,28
0.0025118864315095794,256825.46151983395,Ejected,32
0.0025118864315095794,256825.46151983395,Ejected,139
0.0025118864315095794,267991.7859337398,Ejected,103
0.0025118864315095794,245659.13710592812,Ejected,20
0.0025118864315095794,245659.13710592812,Ejected,23
0.0025118864315095794,267991.7859337398,Ejected,161
0.0025118864315095794,301490.75917545723,Ejected,13
0.0025118864315095794,301490.75917545723,Ejected,19
0.0025118864315095794,267991.7859337398,Ejected,81
0.0025118864315095794,267991.7859337398,Ejected,153
0.0025118864315095794,256825.46151983395,Ejected,0
0.0025118864315095794,312657.0835893631,Ejected,39
0.0025118864315095794,256825.46151983395,Ejected,162
0.0025118864315095794,290324.43476155144,Ejected,130
0.0025118864315095794,323823.4080032689,Ejected,5
0.0025118864315095794,323823.4080032689,Ejected,60
0.0025118864315095794,290324.43476155144,Ejected,91
0.0025118864315095794,301490.75917545723,Ejected,68
0.0025118864315095794,267991.7859337398,Ejected,126
0.0025118864315095794,301490.75917545723,Ejected,138
0.0025118864315095794,301490.75917545723,Ejected,173
0.0025118864315095794,334989.73241717473,Ejected,70
0.0025118864315095794,312657.0835893631,Ejected,72
0.0025118864315095794,312657.0835893631,Ejected,75
0.0025118864315095794,301490.75917545723,Ejected,165
0.0025118864315095794,346156.0568310805,Ejected,146
0.0025118864315095794,323823.4080032689,Ejected,76
0.0025118864315095794,346156.0568310805,Ejected,174
0.0025118864315095794,357322.3812449864,Ejected,133
0.0025118864315095794,357322.3812449864,Ejected,140
0.0025118864315095794,323823.4080032689,Ejected,111
0.0025118864315095794,323823.4080032689,Ejected,133
0.0025118864315095794,301490.75917545723,Ejected,171
0.0025118864315095794,301490.75917545723,Ejected,191
0.0025118864315095794,368488.7056588922,Ejected,162
0.0025118864315095794,346156.0568310805,Ejected,69
0.0025118864315095794,346156.0568310805,Ejected,179
0.0025118864315095794,312657.0835893631,Ejected,173
0.0025118864315095794,346156.0568310805,Ejected,131
0.0025118864315095794,390821.3544867039,Ejected,95
0.0025118864315095794,401987.67890060967,Ejected,10
0.0025118864315095794,413154.0033145155,Ejected,42
0.0025118864315095794,413154.0033145155,Ejected,170
0.0025118864315095794,413154.0033145155,Ejected,182
0.0025118864315095794,379655.030072798,Ejected,38
0.0025118864315095794,379655.030072798,Ejected,85
0.0025118864315095794,401987.67890060967,Ejected,15
0.0025118864315095794,357322.3812449864,Ejected,167
0.0025118864315095794,446652.97655623296,Ejected,124
0.0025118864315095794,413154.0033145155,Ejected,182
0.0025118864315095794,413154.0033145155,Ejected,10
0.0025118864315095794,413154.0033145155,Captured,166
0.0025118864315095794,413154.0033145155,Ejected,193
0.0025118864315095794,390821.3544867039,Ejected,89
0.0025118864315095794,424320.3277284213,Ejected,51
0.0025118864315095794,468985.6253840446,Ejected,190
0.0025118864315095794,424320.3277284213,Ejected,171
0.0025118864315095794,480151.94979795045,Ejected,58
0.0025118864315095794,446652.97655623296,Ejected,13
0.0025118864315095794,435486.65214232716,Ejected,90
0.0025118864315095794,413154.0033145155,Ejected,183
0.0025118864315095794,424320.3277284213,Ejected,123
0.0025118864315095794,513650.9230396679,Ejected,187
0.0025118864315095794,468985.6253840446,Ejected,47
0.0025118864315095794,491318.27421185625,Ejected,8
0.0025118864315095794,513650.9230396679,Ejected,86
0.0025118864315095794,558316.2206952912,Ejected,27
0.0025118864315095794,524817.2474535737,Ejected,82
0.0025118864315095794,524817.2474535737,Ejected,172
0.0025118864315095794,524817.2474535737,Ejected,55
0.0025118864315095794,547149.8962813854,Ejected,28
0.0025118864315095794,602981.5183509145,Ejected,122
0.0025118864315095794,547149.8962813854,Ejected,115
0.0025118864315095794,513650.9230396679,Ejected,68
0.0025118864315095794,513650.9230396679,Ejected,174
0.0025118864315095794,524817.2474535737,Ejected,79
0.0025118864315095794,580648.8695231029,Ejected,64
0.0025118864315095794,535983.5718674796,Ejected,196
0.0025118864315095794,547149.8962813854,Ejected,92
0.0025118864315095794,692312.113662161,Ejected,102
0.0025118864315095794,681145.7892482553,Ejected,93
0.0025118864315095794,669979.4648343495,Ejected,132
0.0025118864315095794,625314.1671787262,Ejected,164
0.0025118864315095794,647646.8160065378,Ejected,71
0.0025118864315095794,692312.113662161,Ejected,153
0.0025118864315095794,703478.4380760669,Ejected,113
0.0025118864315095794,725811.0869038786,Ejected,78
0.0025118864315095794,725811.0869038786,Ejected,181
0.0025118864315095794,781642.7089734077,Ejected,102
0.0012589254117941675,22346.617836807487,Captured,170
0.0012589254117941675,55866.54459201872,Captured,17
0.0012589254117941675,178772.9426944599,Ejected,186
0.0012589254117941675,201119.56053126737,Ejected,189
0.0012589254117941675,212292.86944967113,Ejected,180
0.0012589254117941675,223466.17836807488,Ejected,54
0.0012589254117941675,223466.17836807488,Ejected,120
0.0012589254117941675,223466.17836807488,Ejected,194
0.0012589254117941675,234639.4872864786,Ejected,66
0.0012589254117941675,234639.4872864786,Ejected,162
0.0012589254117941675,245812.79620488235,Ejected,24
0.0012589254117941675,234639.4872864786,Ejected,131
0.0012589254117941675,245812.79620488235,Ejected,119
0.0012589254117941675,245812.79620488235,Ejected,56
0.0012589254117941675,256986.1051232861,Ejected,82
0.0012589254117941675,245812.79620488235,Ejected,143
0.0012589254117941675,268159.41404168983,Ejected,20
0.0012589254117941675,256986.1051232861,Ejected,197
0.0012589254117941675,268159.41404168983,Ejected,165
0.0012589254117941675,290506.03187849734,Ejected,37
0.0012589254117941675,268159.41404168983,Ejected,114
0.0012589254117941675,268159.41404168983,Ejected,160
0.0012589254117941675,290506.03187849734,Ejected,88
0.0012589254117941675,279332.7229600936,Ejected,115
0.0012589254117941675,279332.7229600936,Ejected,137
0.0012589254117941675,301679.3407969011,Ejected,29
0.0012589254117941675,301679.3407969011,Ejected,49
0.0012589254117941675,301679.3407969011,Ejected,189
0.0012589254117941675,301679.3407969011,Ejected,106
0.0012589254117941675,301679.3407969011,Ejected,31
0.0012589254117941675,335199.2675521123,Ejected,39
0.0012589254117941675,335199.2675521123,Ejected,158
0.0012589254117941675,335199.2675521123,Ejected,194
0.0012589254117941675,335199.2675521123,Ejected,113
0.0012589254117941675,346372.57647051604,Ejected,32
0.0012589254117941675,335199.2675521123,Ejected,175
0.0012589254117941675,346372.57647051604,Ejected,197
0.0012589254117941675,346372.57647051604,Ejected,121
0.0012589254117941675,346372.57647051604,Ejected,171
0.0012589254117941675,346372.57647051604,Ejected,71
0.0012589254117941675,357545.8853889198,Ejected,173
0.0012589254117941675,346372.57647051604,Ejected,85
0.0012589254117941675,368719.19430732355,Ejected,19
0.0012589254117941675,368719.19430732355,Ejected,95
0.0012589254117941675,357545.8853889198,Ejected,11
0.0012589254117941675,357545.8853889198,Ejected,47
0.0012589254117941675,379892.5032257273,Ejected,53
0.0012589254117941675,368719.19430732355,Ejected,164
0.0012589254117941675,368719.19430732355,Ejected,126
0.0012589254117941675,368719.19430732355,Ejected,157
0.0012589254117941675,368719.19430732355,Ejected,2
0.0012589254117941675,379892.5032257273,Ejected,160
0.0012589254117941675,391065.81214413105,Ejected,70
0.0012589254117941675,368719.19430732355,Ejected,64
0.0012589254117941675,368719.19430732355,Ejected,118
0.0012589254117941675,368719.19430732355,Ejected,127
0.0012589254117941675,391065.81214413105,Ejected,80
0.0012589254117941675,402239.12106253474,Ejected,153
0.0012589254117941675,402239.12106253474,Ejected,27
0.0012589254117941675,402239.12106253474,Ejected,87
0.0012589254117941675,424585.73889934225,Ejected,42
0.0012589254117941675,435759.047817746,Ejected,43
0.0012589254117941675,413412.4299809385,Ejected,39
0.0012589254117941675,435759.047817746,Ejected,90
0.0012589254117941675,435759.047817746,Ejected,123
0.0012589254117941675,435759.047817746,Ejected,158
0.0012589254117941675,424585.73889934225,Ejected,10
0.0012589254117941675,446932.35673614976,Ejected,93
0.0012589254117941675,446932.35673614976,Ejected,30
0.0012589254117941675,446932.35673614976,Ejected,110
0.0012589254117941675,446932.35673614976,Ejected,17
0.0012589254117941675,446932.35673614976,Ejected,52
0.0012589254117941675,446932.35673614976,Ejected,53
0.0012589254117941675,446932.35673614976,Ejected,197
0.0012589254117941675,435759.047817746,Ejected,73
0.0012589254117941675,458105.6656545535,Ejected,79
0.0012589254117941675,435759.047817746,Ejected,146
0.0012589254117941675,458105.6656545535,Ejected,128
0.0012589254117941675,469278.9745729572,Ejected,35
0.0012589254117941675,480452.28349136095,Ejected,1
0.0012589254117941675,458105.6656545535,Ejected,123
0.0012589254117941675,469278.9745729572,Ejected,78
0.0012589254117941675,491625.5924097647,Ejected,34
0.0012589254117941675,469278.9745729572,Ejected,134
0.0012589254117941675,502798.90132816846,Ejected,99
0.0012589254117941675,502798.90132816846,Ejected,192
0.0012589254117941675,513972.2102465722,Ejected,108
0.0012589254117941675,491625.5924097647,Ejected,6
0.0012589254117941675,491625.5924097647,Ejected,25
0.0012589254117941675,491625.5924097647,Ejected,82
0.0012589254117941675,513972.2102465722,Ejected,93
0.0012589254117941675,491625.5924097647,Ejected,162
0.0012589254117941675,525145.519164976,Ejected,87
0.0012589254117941675,525145.519164976,Ejected,96
0.0012589254117941675,536318.8280833797,Ejected,120
0.0012589254117941675,525145.519164976,Ejected,104
0.0012589254117941675,558665.4459201872,Ejected,144
0.0012589254117941675,547492.1370017835,Ejected,33
0.0012589254117941675,547492.1370017835,Ejected,41
0.0012589254117941675,547492.1370017835,Ejected,164
0.0012589254117941675,558665.4459201872,Ejected,81
0.0012589254117941675,558665.4459201872,Ejected,14
0.0012589254117941675,592185.3726753984,Ejected,8
0.0012589254117941675,592185.3726753984,Ejected,26
0.0012589254117941675,569838.754838591,Ejected,147
0.0012589254117941675,592185.3726753984,Ejected,72
0.0012589254117941675,592185.3726753984,Ejected,91
0.0012589254117941675,625705.2994306097,Ejected,119
0.0012589254117941675,592185.3726753984,Ejected,111
0.0012589254117941675,636878.6083490134,Ejected,47
0.0012589254117941675,614531.9905122059,Ejected,75
0.0012589254117941675,636878.6083490134,Ejected,195
0.0012589254117941675,614531.9905122059,Ejected,81
0.0012589254117941675,614531.9905122059,Ejected,106
0.0012589254117941675,659225.2261858209,Ejected,113
0.0012589254117941675,681571.8440226284,Ejected,14
0.0012589254117941675,636878.6083490134,Ejected,125
0.0012589254117941675,648051.9172674171,Ejected,9
0.0012589254117941675,648051.9172674171,Ejected,26
0.0012589254117941675,670398.5351042246,Ejected,147
0.0012589254117941675,670398.5351042246,Ejected,5
0.0012589254117941675,681571.8440226284,Ejected,180
0.0012589254117941675,703918.4618594359,Ejected,20
0.0012589254117941675,681571.8440226284,Ejected,76
0.0012589254117941675,670398.5351042246,Ejected,173
0.0012589254117941675,715091.7707778396,Ejected,132
0.0012589254117941675,692745.1529410321,Ejected,95
0.0012589254117941675,703918.4618594359,Ejected,185
0.0012589254117941675,726265.0796962433,Ejected,85
0.0012589254117941675,737438.3886146471,Ejected,51
0.0012589254117941675,703918.4618594359,Ejected,152
0.0012589254117941675,759785.0064514546,Ejected,48
0.0012589254117941675,770958.3153698583,Ejected,32
0.0012589254117941675,726265.0796962433,Ejected,113
0.0012589254117941675,759785.0064514546,Ejected,84
0.0012589254117941675,737438.3886146471,Ejected,37
0.0012589254117941675,793304.9332066658,Ejected,103
0.0012589254117941675,793304.9332066658,Ejected,107
0.0012589254117941675,759785.0064514546,Ejected,153
0.0012589254117941675,782131.6242882621,Ejected,84
0.0012589254117941675,793304.9332066658,Ejected,51
0.0012589254117941675,837998.1688802808,Ejected,1
0.0012589254117941675,815651.5510434733,Ejected,111
0.0012589254117941675,815651.5510434733,Ejected,169
0.0012589254117941675,815651.5510434733,Ejected,12
0.0012589254117941675,860344.7867170882,Ejected,140
0.0012589254117941675,893864.7134722995,Ejected,23
0.0012589254117941675,860344.7867170882,Ejected,43
0.0012589254117941675,905038.0223907032,Ejected,163
0.0012589254117941675,893864.7134722995,Ejected,115
0.0012589254117941675,927384.6402275107,Ejected,128
0.0012589254117941675,960904.5669827219,Ejected,137
0.0012589254117941675,972077.8759011257,Ejected,136
0.0012589254117941675,960904.5669827219,Ejected,187
0.0012589254117941675,1027944.4204931444,Ejected,9
0.0012589254117941675,1027944.4204931444,Ejected,138
0.0012589254117941675,1039117.7294115481,Ejected,8
0.0012589254117941675,1094984.274003567,Ejected,59
0.0012589254117941675,1106157.5829219706,Ejected,145
0.0012589254117941675,1106157.5829219706,Ejected,191
0.0012589254117941675,1128504.200758778,Ejected,15
0.0012589254117941675,1128504.200758778,Ejected,75
0.0012589254117941675,1139677.509677182,Ejected,179
0.0012589254117941675,1217890.672106008,Ejected,166
0.0012589254117941675,1229063.9810244117,Ejected,131
0.0012589254117941675,1240237.2899428154,Ejected,2
0.0012589254117941675,1284930.5256164304,Ejected,109
0.0012589254117941675,1318450.4523716418,Ejected,171
0.0012589254117941675,1296103.8345348341,Ejected,16
0.0012589254117941675,1497223.3950661016,Ejected,146
0.0012589254117941675,1575436.557494928,Ejected,30
0.0012589254117941675,1608956.484250139,Ejected,67
0.000630957344480193,357658.060702527,Ejected,8
0.000630957344480193,413542.13268729683,Ejected,41
0.000630957344480193,424718.9470842508,Ejected,150
0.000630957344480193,514133.46225988254,Ejected,148
0.000630957344480193,525310.2766568365,Ejected,93
0.000630957344480193,536487.0910537905,Ejected,33
0.000630957344480193,491779.8334659746,Ejected,74
0.000630957344480193,491779.8334659746,Ejected,190
0.000630957344480193,536487.0910537905,Ejected,8
0.000630957344480193,625901.6062294223,Ejected,11
0.000630957344480193,581194.3486416064,Ejected,140
0.000630957344480193,659432.0494202841,Ejected,197
0.000630957344480193,637078.4206263762,Ejected,61
0.000630957344480193,614724.7918324682,Ejected,39
0.000630957344480193,704139.3070081,Ejected,102
0.000630957344480193,648255.2350233302,Ejected,92
0.000630957344480193,637078.4206263762,Ejected,51
0.000630957344480193,726492.935802008,Ejected,176
0.000630957344480193,648255.2350233302,Ejected,79
0.000630957344480193,681785.678214192,Ejected,191
0.000630957344480193,726492.935802008,Ejected,76
0.000630957344480193,827084.2653745937,Ejected,76
0.000630957344480193,827084.2653745937,Ejected,131
0.000630957344480193,726492.935802008,Ejected,75
0.000630957344480193,860614.7085654556,Ejected,19
0.000630957344480193,771200.1933898239,Ejected,160
0.000630957344480193,771200.1933898239,Ejected,162
0.000630957344480193,804730.6365806857,Ejected,194
0.000630957344480193,815907.4509776398,Ejected,10
0.000630957344480193,815907.4509776398,Ejected,103
0.000630957344480193,815907.4509776398,Ejected,192
0.000630957344480193,849437.8941685016,Ejected,54
0.000630957344480193,938852.4093441333,Ejected,152
0.000630957344480193,961206.0381380413,Ejected,52
0.000630957344480193,882968.3373593636,Ejected,105
0.000630957344480193,882968.3373593636,Ejected,26
0.000630957344480193,1017090.1101228112,Ejected,183
0.000630957344480193,927675.5949471794,Ejected,185
0.000630957344480193,1050620.553313673,Ejected,126
0.000630957344480193,927675.5949471794,Ejected,70
0.000630957344480193,1072974.182107581,Ejected,110
0.000630957344480193,950029.2237410874,Ejected,50
0.000630957344480193,1095327.8109014889,Ejected,181
0.000630957344480193,961206.0381380413,Ejected,2
0.000630957344480193,1106504.625298443,Ejected,166
0.000630957344480193,1140035.0684893047,Ejected,191
0.000630957344480193,994736.4813289032,Ejected,161
0.000630957344480193,1173565.5116801667,Ejected,4
0.000630957344480193,1061797.367710627,Ejected,110
0.000630957344480193,1173565.5116801667,Ejected,121
0.000630957344480193,1084150.996504535,Ejected,65
0.000630957344480193,1061797.367710627,Ejected,24
0.000630957344480193,1229449.5836649365,Ejected,12
0.000630957344480193,1106504.625298443,Ejected,163
0.000630957344480193,1117681.439695397,Ejected,82
0.000630957344480193,1240626.3980618906,Ejected,109
0.000630957344480193,1240626.3980618906,Ejected,173
0.000630957344480193,1095327.8109014889,Ejected,53
0.000630957344480193,1285333.6556497065,Ejected,101
0.000630957344480193,1173565.5116801667,Ejected,29
0.000630957344480193,1173565.5116801667,Ejected,44
0.000630957344480193,1296510.4700466604,Ejected,189
0.000630957344480193,1140035.0684893047,Ejected,52
0.000630957344480193,1162388.6972832128,Ejected,45
0.000630957344480193,1262980.0268557984,Ejected,23
0.000630957344480193,1274156.8412527523,Ejected,133
0.000630957344480193,1218272.7692679826,Ejected,196
0.000630957344480193,1285333.6556497065,Ejected,129
0.000630957344480193,1352394.5420314302,Ejected,50
0.000630957344480193,1497693.129191832,Ejected,25
0.000630957344480193,1363571.356428384,Ejected,66
0.000630957344480193,1318864.0988405682,Ejected,58
0.000630957344480193,1520046.7579857397,Ejected,171
0.000630957344480193,1542400.3867796478,Ejected,161
0.000630957344480193,1553577.2011766017,Ejected,103
0.000630957344480193,1397101.799619246,Ejected,183
0.000630957344480193,1441809.057207062,Ejected,95
0.000630957344480193,1452985.871604016,Ejected,33
0.000630957344480193,1609461.2731613715,Ejected,180
0.000630957344480193,1475339.5003979239,Ejected,132
0.000630957344480193,1631814.9019552795,Ejected,67
0.000630957344480193,1486516.3147948778,Ejected,89
0.000630957344480193,1430632.242810108,Ejected,67
0.000630957344480193,1508869.9435887858,Ejected,0
0.000630957344480193,1508869.9435887858,Ejected,82
0.000630957344480193,1531223.5723826936,Ejected,91
0.000630957344480193,1698875.7883370032,Ejected,113
0.000630957344480193,1497693.129191832,Ejected,34
0.000630957344480193,1732406.2315278652,Ejected,80
0.000630957344480193,1564754.0155735556,Ejected,97
0.000630957344480193,1587107.6443674637,Ejected,181
0.000630957344480193,1609461.2731613715,Ejected,51
0.000630957344480193,1553577.2011766017,Ejected,88
0.000630957344480193,1553577.2011766017,Ejected,190
0.000630957344480193,1642991.7163522334,Ejected,43
0.000630957344480193,1654168.5307491873,Ejected,55
0.000630957344480193,1676522.1595430954,Ejected,4
0.000630957344480193,1676522.1595430954,Ejected,199
0.000630957344480193,1631814.9019552795,Ejected,31
0.000630957344480193,1642991.7163522334,Ejected,103
0.000630957344480193,1777113.489115681,Ejected,191
0.000630957344480193,1799467.117909589,Ejected,40
0.000630957344480193,1743583.045924819,Ejected,188
0.000630957344480193,1821820.746703497,Ejected,73
0.000630957344480193,1832997.5611004508,Ejected,3
0.000630957344480193,1832997.5611004508,Ejected,133
0.000630957344480193,1855351.1898943589,Ejected,166
0.000630957344480193,1855351.1898943589,Ejected,63
0.000630957344480193,2067710.6634364843,Ejected,14
0.000630957344480193,2067710.6634364843,Ejected,158
0.000630957344480193,1821820.746703497,Ejected,1
0.000630957344480193,1911235.2618791286,Ejected,22
0.000630957344480193,2123594.735421254,Ejected,69
0.000630957344480193,1944765.7050699906,Ejected,147
0.000630957344480193,1877704.8186882667,Ejected,16
0.000630957344480193,1911235.2618791286,Ejected,193
0.000630957344480193,2168301.99300907,Ejected,30
0.000630957344480193,2403015.095345103,Ejected,129
0.000630957344480193,2090064.292230392,Ejected,59
0.000630957344480193,2190655.6218029778,Ejected,31
0.000630957344480193,2213009.250596886,Ejected,23
0.000630957344480193,2224186.0649938397,Ejected,2
0.000630957344480193,2134771.549818208,Ejected,40
0.000630957344480193,2458899.167329873,Ejected,160
0.000630957344480193,2425368.724139011,Ejected,192
0.000630957344480193,2436545.538535965,Ejected,98
0.000630957344480193,2727142.712856768,Ejected,85
0.000630957344480193,2470075.981726827,Ejected,51
0.000630957344480193,2738319.5272537223,Ejected,132
0.000630957344480193,2503606.424917689,Ejected,140
0.000630957344480193,2905971.743208032,Ejected,128
0.000630957344480193,2548313.6825055047,Ejected,140
0.000630957344480193,3017739.8871775717,Ejected,178
0.000630957344480193,2760673.15604763,Ejected,189
0.000630957344480193,3107154.4023532034,Ejected,120
0.000630957344480193,2917148.557604986,Ejected,186
0.000630957344480193,2861264.485620216,Ejected,33
0.000630957344480193,3353044.319086191,Ejected,174
0.000630957344480193,3498342.9062465923,Ejected,132
0.000630957344480193,3699525.5653917636,Ejected,115
0.000630957344480193,4414841.686796818,Ejected,68
0.00031622776601683794,614821.489683405,Ejected,5
0.00031622776601683794,1017250.1011125428,Ejected,134
0.00031622776601683794,1106678.6814301289,Ejected,92
0.00031622776601683794,1140214.3990492239,Ejected,90
0.00031622776601683794,1229642.97936681,Ejected,42
0.00031622776601683794,1196107.261747715,Ejected,45
0.00031622776601683794,1252000.1244462065,Ejected,46
0.00031622776601683794,1430857.2850813789,Ejected,96
0.00031622776601683794,1274357.2695256032,Ejected,120
0.00031622776601683794,1497928.7203195684,Ejected,157
0.00031622776601683794,1341428.7047637927,Ejected,148
0.00031622776601683794,1363785.8498431894,Ejected,195
0.00031622776601683794,1464393.0027004736,Ejected,186
0.00031622776601683794,1576178.7280974565,Ejected,148
0.00031622776601683794,1654428.7358753444,Ejected,103
0.00031622776601683794,1486750.1477798703,Ejected,118
0.00031622776601683794,1497928.7203195684,Ejected,141
0.00031622776601683794,1609714.4457165513,Ejected,174
0.00031622776601683794,1609714.4457165513,Ejected,121
0.00031622776601683794,1732678.7436532322,Ejected,152
0.00031622776601683794,1866821.6141296115,Ejected,117
0.00031622776601683794,1654428.7358753444,Ejected,145
0.00031622776601683794,1766214.461272327,Ejected,168
0.00031622776601683794,1933893.049367801,Ejected,16
0.00031622776601683794,1844464.4690502149,Ejected,149
0.00031622776601683794,2000964.4846059908,Ejected,142
0.00031622776601683794,1889178.759209008,Ejected,139
0.00031622776601683794,1822107.3239708184,Ejected,53
0.00031622776601683794,2090393.064923577,Ejected,69
0.00031622776601683794,2101571.6374632753,Ejected,49
0.00031622776601683794,1967428.766986896,Ejected,42
0.00031622776601683794,2179821.645241163,Ejected,24
0.00031622776601683794,2336321.660796939,Ejected,48
0.00031622776601683794,2056857.3473044822,Ejected,47
0.00031622776601683794,2213357.3628602577,Ejected,54
0.00031622776601683794,2213357.3628602577,Ejected,197
0.00031622776601683794,2168643.072701465,Ejected,91
0.00031622776601683794,2202178.79032056,Captured,96
0.00031622776601683794,2269250.2255587494,Ejected,102
0.00031622776601683794,2269250.2255587494,Ejected,73
0.00031622776601683794,2336321.660796939,Ejected,6
0.00031622776601683794,2504000.248892413,Ejected,89
0.00031622776601683794,2526357.3939718097,Ejected,189
0.00031622776601683794,2425750.241114525,Ejected,52
0.00031622776601683794,2626964.546829094,Ejected,169
0.00031622776601683794,2839357.425083361,Ejected,24
0.00031622776601683794,2582250.256670301,Ejected,16
0.00031622776601683794,2984678.868099439,Ejected,162
0.00031622776601683794,2626964.546829094,Ejected,95
0.00031622776601683794,3040571.73079793,Ejected,166
0.00031622776601683794,3163536.0287346113,Ejected,194
0.00031622776601683794,2783464.56238487,Ejected,139
0.00031622776601683794,3197071.746353706,Ejected,139
0.00031622776601683794,2850535.9976230594,Ejected,0
0.00031622776601683794,3062928.875877327,Ejected,101
0.00031622776601683794,2884071.7152421544,Ejected,45
