0.01,0.0,Captured,25
0.01,0.0,Captured,17
0.01,0.0,Captured,171
0.01,0.0,Captured,51
0.01,0.0,Captured,138
0.01,0.0,Captured,136
0.01,14925.557853149838,Ejected,50
0.01,15920.595043359826,Ejected,107
0.01,16915.632233569817,Ejected,183
0.01,14925.557853149838,Ejected,184
0.01,19900.74380419978,Ejected,8
0.01,16915.632233569817,Ejected,102
0.01,20895.78099440977,Ejected,174
0.01,21890.818184619762,Ejected,3
0.01,18905.706613989794,Ejected,39
0.01,15920.595043359826,Ejected,69
0.01,18905.706613989794,Ejected,114
0.01,22885.85537482975,Ejected,126
0.01,18905.706613989794,Ejected,41
0.01,18905.706613989794,Ejected,125
0.01,20895.78099440977,Ejected,49
0.01,20895.78099440977,Ejected,69
0.01,23880.89256503974,Ejected,158
0.01,18905.706613989794,Ejected,170
0.01,20895.78099440977,Ejected,98
0.01,20895.78099440977,Ejected,168
0.01,20895.78099440977,Ejected,182
0.01,17910.669423779804,Ejected,111
0.01,19900.74380419978,Ejected,78
0.01,24875.92975524973,Ejected,187
0.01,20895.78099440977,Ejected,4
0.01,20895.78099440977,Ejected,9
0.01,21890.818184619762,Ejected,151
0.01,18905.706613989794,Captured,58
0.01,22885.85537482975,Ejected,48
0.01,20895.78099440977,Ejected,105
0.01,20895.78099440977,Ejected,138
0.01,22885.85537482975,Ejected,96
0.01,22885.85537482975,Ejected,106
0.01,26866.004135669707,Ejected,114
0.01,23880.89256503974,Ejected,6
0.01,23880.89256503974,Ejected,14
0.01,19900.74380419978,Ejected,88
0.01,27861.041325879698,Ejected,119
0.01,19900.74380419978,Ejected,191
0.01,22885.85537482975,Ejected,12
0.01,20895.78099440977,Ejected,14
0.01,20895.78099440977,Ejected,54
0.01,20895.78099440977,Ejected,79
0.01,20895.78099440977,Ejected,82
0.01,28856.078516089685,Ejected,134
0.01,28856.078516089685,Ejected,156
0.01,22885.85537482975,Ejected,158
0.01,28856.078516089685,Ejected,172
0.01,22885.85537482975,Ejected,175
0.01,28856.078516089685,Ejected,194
0.01,22885.85537482975,Ejected,197
0.01,24875.92975524973,Ejected,194
0.01,29851.115706299675,Ejected,60
0.01,29851.115706299675,Ejected,82
0.01,29851.115706299675,Ejected,123
0.01,29851.115706299675,Ejected,125
0.01,25870.966945459717,Ejected,115
0.01,23880.89256503974,Ejected,120
0.01,30846.152896509662,Ejected,15
0.01,30846.152896509662,Ejected,78
0.01,24875.92975524973,Ejected,6
0.01,30846.152896509662,Ejected,87
0.01,22885.85537482975,Ejected,27
0.01,24875.92975524973,Ejected,93
0.01,30846.152896509662,Ejected,188
0.01,30846.152896509662,Ejected,190
0.01,31841.190086719653,Ejected,14
0.01,31841.190086719653,Ejected,17
0.01,24875.92975524973,Ejected,124
0.01,26866.004135669707,Ejected,159
0.01,31841.190086719653,Ejected,91
0.01,26866.004135669707,Ejected,186
0.01,22885.85537482975,Ejected,192
0.01,27861.041325879698,Ejected,76
0.01,31841.190086719653,Ejected,192
0.01,27861.041325879698,Ejected,122
0.01,23880.89256503974,Ejected,35
0.01,25870.966945459717,Ejected,107
0.01,25870.966945459717,Ejected,139
0.01,32836.22727692964,Ejected,130
0.01,32836.22727692964,Ejected,151
0.01,25870.966945459717,Ejected,189
0.01,33831.264467139634,Ejected,29
0.01,33831.264467139634,Ejected,38
0.01,28856.078516089685,Ejected,87
0.01,23880.89256503974,Ejected,183
0.01,33831.264467139634,Ejected,110
0.01,26866.004135669707,Ejected,108
0.01,26866.004135669707,Ejected,133
0.01,24875.92975524973,Ejected,73
0.01,24875.92975524973,Ejected,86
0.01,28856.078516089685,Ejected,199
0.01,24875.92975524973,Ejected,96
0.01,29851.115706299675,Ejected,33
0.01,34826.30165734962,Ejected,64
0.01,30846.152896509662,Ejected,31
0.01,25870.966945459717,Ejected,65
0.01,35821.33884755961,Ejected,69
0.01,28856.078516089685,Ejected,15
0.01,25870.966945459717,Ejected,131
0.01,28856.078516089685,Ejected,87
0.01,28856.078516089685,Ejected,92
0.01,31841.190086719653,Ejected,24
0.01,28856.078516089685,Ejected,179
0.01,31841.190086719653,Ejected,84
0.01,29851.115706299675,Ejected,27
0.01,36816.3760377696,Ejected,196
0.01,26866.004135669707,Ejected,159
0.01,29851.115706299675,Ejected,96
0.01,37811.41322797959,Ejected,112
0.01,29851.115706299675,Ejected,159
0.01,37811.41322797959,Ejected,169
0.01,27861.041325879698,Ejected,71
0.01,38806.450418189575,Ejected,33
0.01,27861.041325879698,Ejected,110
0.01,38806.450418189575,Ejected,88
0.01,30846.152896509662,Ejected,83
0.01,33831.264467139634,Ejected,21
0.01,38806.450418189575,Ejected,136
0.01,33831.264467139634,Ejected,35
0.01,38806.450418189575,Ejected,149
0.01,30846.152896509662,Ejected,157
0.01,39801.48760839956,Ejected,7
0.01,33831.264467139634,Ejected,110
0.01,33831.264467139634,Ejected,156
0.01,39801.48760839956,Ejected,102
0.01,39801.48760839956,Ejected,105
0.01,33831.264467139634,Ejected,171
0.01,28856.078516089685,Ejected,103
0.01,28856.078516089685,Ejected,114
0.01,34826.30165734962,Ejected,7
0.01,28856.078516089685,Ejected,140
0.01,34826.30165734962,Ejected,116
0.01,34826.30165734962,Ejected,141
0.01,32836.22727692964,Ejected,129
0.01,30846.152896509662,Ejected,29
0.01,35821.33884755961,Ejected,172
0.01,30846.152896509662,Ejected,85
0.01,36816.3760377696,Ejected,32
0.01,36816.3760377696,Ejected,43
0.01,33831.264467139634,Ejected,74
0.01,36816.3760377696,Ejected,53
0.01,33831.264467139634,Ejected,143
0.01,30846.152896509662,Ejected,156
0.01,33831.264467139634,Ejected,191
0.01,31841.190086719653,Ejected,7
0.01,34826.30165734962,Ejected,18
0.01,37811.41322797959,Ejected,3
0.01,43781.636369239524,Ejected,131
0.01,43781.636369239524,Ejected,146
0.01,37811.41322797959,Ejected,92
0.01,34826.30165734962,Ejected,121
0.01,44776.67355944951,Ejected,30
0.01,44776.67355944951,Ejected,54
0.01,34826.30165734962,Ejected,187
0.01,44776.67355944951,Ejected,70
0.01,32836.22727692964,Ejected,77
0.01,38806.450418189575,Ejected,62
0.01,38806.450418189575,Ejected,103
0.01,32836.22727692964,Ejected,127
0.01,38806.450418189575,Ejected,143
0.01,35821.33884755961,Ejected,165
0.01,35821.33884755961,Ejected,194
0.01,36816.3760377696,Ejected,8
0.01,33831.264467139634,Ejected,25
0.01,33831.264467139634,Ejected,51
0.01,46766.74793986949,Ejected,10
0.01,36816.3760377696,Ejected,114
0.01,36816.3760377696,Ejected,117
0.01,33831.264467139634,Ejected,166
0.01,37811.41322797959,Ejected,22
0.01,33831.264467139634,Ejected,195
0.01,37811.41322797959,Ejected,42
0.01,37811.41322797959,Ejected,84
0.01,37811.41322797959,Ejected,90
0.01,37811.41322797959,Ejected,106
0.01,37811.41322797959,Ejected,116
0.01,34826.30165734962,Ejected,150
0.01,37811.41322797959,Ejected,192
0.01,38806.450418189575,Ejected,2
0.01,41791.56198881954,Ejected,97
0.01,38806.450418189575,Ejected,66
0.01,48756.822320289466,Ejected,178
0.01,49751.85951049946,Ejected,106
0.01,42786.59917902953,Ejected,164
0.01,39801.48760839956,Ejected,131
0.01,39801.48760839956,Ejected,172
0.01,50746.89670070945,Ejected,117
0.01,37811.41322797959,Ejected,42
0.01,40796.52479860956,Ejected,196
0.01,52736.97108112943,Ejected,19
0.01,37811.41322797959,Ejected,141
0.01,52736.97108112943,Ejected,43
0.01,52736.97108112943,Ejected,53
0.01,52736.97108112943,Ejected,116
0.01,41791.56198881954,Ejected,71
0.01,44776.67355944951,Ejected,180
0.01,38806.450418189575,Ejected,9
0.01,52736.97108112943,Ejected,161
0.01,45771.7107496595,Ejected,130
0.01,38806.450418189575,Ejected,121
0.01,42786.59917902953,Ejected,24
0.01,46766.74793986949,Ejected,100
0.01,47761.78513007948,Ejected,10
0.01,43781.636369239524,Ejected,173
0.01,40796.52479860956,Ejected,180
0.01,56717.11984196938,Ejected,181
0.01,41791.56198881954,Ejected,68
0.01,41791.56198881954,Ejected,177
0.01,42786.59917902953,Ejected,3
0.01,58707.19422238936,Ejected,198
0.01,50746.89670070945,Ejected,89
0.01,50746.89670070945,Ejected,137
0.01,47761.78513007948,Ejected,118
0.01,47761.78513007948,Ejected,127
0.01,48756.822320289466,Ejected,62
0.01,48756.822320289466,Ejected,86
0.01,52736.97108112943,Ejected,147
0.01,52736.97108112943,Ejected,148
0.01,44776.67355944951,Ejected,158
0.01,53732.008271339415,Ejected,16
0.01,49751.85951049946,Ejected,82
0.01,63682.380173439306,Ejected,0
0.01,45771.7107496595,Ejected,179
0.01,46766.74793986949,Ejected,39
0.01,50746.89670070945,Ejected,52
0.01,50746.89670070945,Ejected,80
0.01,64677.41736364929,Ejected,89
0.01,46766.74793986949,Ejected,128
0.01,65672.45455385928,Ejected,22
0.01,55722.082651759396,Ejected,140
0.01,51741.933890919434,Ejected,123
0.01,51741.933890919434,Ejected,142
0.01,66667.49174406927,Ejected,59
0.01,48756.822320289466,Ejected,30
0.01,48756.822320289466,Ejected,122
0.01,57712.15703217937,Ejected,79
0.01,53732.008271339415,Ejected,63
0.01,49751.85951049946,Ejected,0
0.01,49751.85951049946,Ejected,37
0.01,49751.85951049946,Ejected,66
0.01,58707.19422238936,Ejected,163
0.01,49751.85951049946,Ejected,178
0.01,59702.23141259935,Ejected,37
0.01,50746.89670070945,Ejected,74
0.01,59702.23141259935,Captured,109
0.01,70647.64050490923,Ejected,21
0.01,55722.082651759396,Ejected,88
0.01,60697.26860280934,Ejected,119
0.01,71642.67769511922,Ejected,46
0.01,51741.933890919434,Ejected,126
0.01,56717.11984196938,Ejected,50
0.01,56717.11984196938,Ejected,85
0.01,51741.933890919434,Ejected,199
0.01,61692.305793019324,Ejected,102
0.01,72637.7148853292,Ejected,94
0.01,73632.7520755392,Ejected,18
0.01,62687.34298322932,Ejected,67
0.01,52736.97108112943,Ejected,169
0.01,63682.380173439306,Ejected,77
0.01,53732.008271339415,Ejected,145
0.01,54727.0454615494,Ejected,20
0.01,59702.23141259935,Ejected,55
0.01,60697.26860280934,Ejected,122
0.01,66667.49174406927,Ejected,42
0.01,66667.49174406927,Ejected,131
0.01,61692.305793019324,Ejected,130
0.01,56717.11984196938,Ejected,116
0.01,56717.11984196938,Ejected,117
0.01,66667.49174406927,Ejected,198
0.01,57712.15703217937,Ejected,70
0.01,57712.15703217937,Ejected,188
0.01,80598.01240700913,Ejected,182
0.01,69652.60331469924,Ejected,41
0.01,81593.04959721911,Ejected,113
0.01,85573.19835805906,Ejected,66
0.01,85573.19835805906,Ejected,191
0.01,73632.7520755392,Ejected,177
0.01,74627.78926574919,Ejected,13
0.01,64677.41736364929,Ejected,13
0.01,64677.41736364929,Ejected,118
0.01,76617.86364616916,Ejected,70
0.01,64677.41736364929,Captured,185
0.01,65672.45455385928,Ejected,19
0.01,90548.38430910901,Ejected,41
0.01,71642.67769511922,Ejected,40
0.01,78607.93802658914,Ejected,19
0.01,67662.52893427927,Ejected,56
0.01,79602.97521679912,Ejected,181
0.01,73632.7520755392,Ejected,176
0.01,68657.56612448925,Ejected,61
0.01,82588.0867874291,Ejected,52
0.01,96518.60745036895,Ejected,42
0.01,69652.60331469924,Ejected,165
0.01,70647.64050490923,Ejected,107
0.01,98508.68183078892,Ejected,128
0.01,101493.7934014189,Ejected,72
0.01,80598.01240700913,Ejected,89
0.01,87563.27273847905,Ejected,107
0.01,81593.04959721911,Ejected,32
0.01,89553.34711889902,Ejected,30
0.01,104478.90497204885,Ejected,61
0.01,76617.86364616916,Ejected,31
0.01,83583.12397763909,Ejected,68
0.01,108459.05373288882,Ejected,104
0.01,93533.49587973898,Ejected,104
0.01,109454.0909230988,Ejected,168
0.01,110449.12811330879,Ejected,32
0.01,111444.16530351879,Ejected,2
0.01,94528.53306994897,Ejected,195
0.01,113434.23968393877,Ejected,55
0.01,89553.34711889902,Ejected,73
0.01,89553.34711889902,Ejected,148
0.01,97513.64464057893,Ejected,111
0.01,99503.71902099892,Ejected,144
0.01,102488.83059162888,Ejected,196
0.01,90548.38430910901,Ejected,194
0.01,107464.01654267883,Ejected,129
0.01,99503.71902099892,Ejected,97
0.01,99503.71902099892,Ejected,103
0.01,109454.0909230988,Ejected,68
0.01,93533.49587973898,Ejected,92
0.01,95523.57026015896,Ejected,196
0.01,133334.98348813853,Ejected,111
0.01,97513.64464057893,Ejected,55
0.01,135325.05786855854,Captured,39
0.01,116419.35125456873,Ejected,34
0.01,98508.68183078892,Ejected,181
0.01,119404.4628251987,Ejected,36
0.01,101493.7934014189,Ejected,50
0.01,105473.94216225886,Ejected,198
0.01,126369.72315666862,Ejected,40
0.01,116419.35125456873,Ejected,76
0.01,151245.65291191835,Ejected,9
0.01,130349.87191750857,Ejected,166
0.01,120399.50001540869,Ejected,190
0.01,133334.98348813853,Ejected,12
0.01,118409.42563498871,Ejected,75
0.01,121394.53720561868,Ejected,94
0.01,128359.7975370886,Ejected,163
0.01,152240.69010212834,Ejected,170
0.01,152240.69010212834,Ejected,173
0.01,138310.1694391885,Ejected,45
0.01,140300.24381960847,Ejected,59
0.01,167166.24795527817,Ejected,64
0.01,175126.5454769581,Ejected,65
0.01,152240.69010212834,Ejected,133
0.005011872336272725,2992.5103327089464,Captured,60
0.005011872336272725,3990.0137769452617,Captured,190
0.005011872336272725,6982.524109654208,Captured,127
0.005011872336272725,16957.558552017363,Captured,138
0.005011872336272725,24937.586105907885,Ejected,173
0.005011872336272725,25935.089550144203,Ejected,79
0.005011872336272725,24937.586105907885,Ejected,136
0.005011872336272725,25935.089550144203,Ejected,38
0.005011872336272725,25935.089550144203,Ejected,144
0.005011872336272725,25935.089550144203,Ejected,49
0.005011872336272725,27930.09643861683,Ejected,121
0.005011872336272725,27930.09643861683,Ejected,32
0.005011872336272725,27930.09643861683,Ejected,99
0.005011872336272725,27930.09643861683,Ejected,46
0.005011872336272725,27930.09643861683,Ejected,163
0.005011872336272725,28927.59988285315,Ejected,168
0.005011872336272725,27930.09643861683,Ejected,181
0.005011872336272725,27930.09643861683,Ejected,196
0.005011872336272725,28927.59988285315,Ejected,8
0.005011872336272725,28927.59988285315,Ejected,19
0.005011872336272725,29925.103327089462,Ejected,75
0.005011872336272725,28927.59988285315,Ejected,122
0.005011872336272725,29925.103327089462,Ejected,29
0.005011872336272725,29925.103327089462,Ejected,172
0.005011872336272725,29925.103327089462,Ejected,194
0.005011872336272725,30922.60677132578,Ejected,39
0.005011872336272725,30922.60677132578,Ejected,76
0.005011872336272725,30922.60677132578,Ejected,45
0.005011872336272725,29925.103327089462,Ejected,168
0.005011872336272725,25935.089550144203,Ejected,57
0.005011872336272725,30922.60677132578,Ejected,162
0.005011872336272725,31920.110215562094,Ejected,64
0.005011872336272725,31920.110215562094,Ejected,83
0.005011872336272725,32917.61365979841,Ejected,73
0.005011872336272725,26932.592994380517,Ejected,113
0.005011872336272725,32917.61365979841,Ejected,146
0.005011872336272725,33915.117104034725,Ejected,37
0.005011872336272725,32917.61365979841,Ejected,25
0.005011872336272725,32917.61365979841,Ejected,29
0.005011872336272725,32917.61365979841,Ejected,127
0.005011872336272725,32917.61365979841,Ejected,43
0.005011872336272725,33915.117104034725,Ejected,97
0.005011872336272725,32917.61365979841,Ejected,109
0.005011872336272725,33915.117104034725,Ejected,180
0.005011872336272725,33915.117104034725,Ejected,186
0.005011872336272725,33915.117104034725,Ejected,97
0.005011872336272725,33915.117104034725,Ejected,107
0.005011872336272725,33915.117104034725,Ejected,36
0.005011872336272725,34912.62054827104,Ejected,95
0.005011872336272725,34912.62054827104,Ejected,110
0.005011872336272725,34912.62054827104,Ejected,154
0.005011872336272725,33915.117104034725,Ejected,195
0.005011872336272725,34912.62054827104,Ejected,30
0.005011872336272725,33915.117104034725,Ejected,154
0.005011872336272725,35910.12399250735,Ejected,111
0.005011872336272725,35910.12399250735,Ejected,138
0.005011872336272725,34912.62054827104,Ejected,189
0.005011872336272725,34912.62054827104,Ejected,105
0.005011872336272725,35910.12399250735,Ejected,193
0.005011872336272725,34912.62054827104,Ejected,171
0.005011872336272725,29925.103327089462,Ejected,88
0.005011872336272725,29925.103327089462,Ejected,110
0.005011872336272725,35910.12399250735,Ejected,60
0.005011872336272725,36907.62743674367,Ejected,137
0.005011872336272725,36907.62743674367,Ejected,195
0.005011872336272725,30922.60677132578,Ejected,18
0.005011872336272725,36907.62743674367,Ejected,50
0.005011872336272725,36907.62743674367,Ejected,89
0.005011872336272725,37905.13088097999,Ejected,94
0.005011872336272725,36907.62743674367,Ejected,42
0.005011872336272725,36907.62743674367,Ejected,115
0.005011872336272725,36907.62743674367,Ejected,120
0.005011872336272725,38902.6343252163,Ejected,33
0.005011872336272725,37905.13088097999,Ejected,57
0.005011872336272725,37905.13088097999,Ejected,39
0.005011872336272725,38902.6343252163,Ejected,192
0.005011872336272725,37905.13088097999,Ejected,141
0.005011872336272725,32917.61365979841,Ejected,33
0.005011872336272725,38902.6343252163,Ejected,58
0.005011872336272725,38902.6343252163,Ejected,157
0.005011872336272725,38902.6343252163,Ejected,179
0.005011872336272725,38902.6343252163,Ejected,163
0.005011872336272725,40897.641213688934,Ejected,54
0.005011872336272725,39900.137769452616,Ejected,21
0.005011872336272725,39900.137769452616,Ejected,64
0.005011872336272725,39900.137769452616,Ejected,89
0.005011872336272725,39900.137769452616,Ejected,102
0.005011872336272725,39900.137769452616,Ejected,164
0.005011872336272725,41895.14465792525,Ejected,64
0.005011872336272725,40897.641213688934,Ejected,93
0.005011872336272725,41895.14465792525,Ejected,105
0.005011872336272725,40897.641213688934,Ejected,110
0.005011872336272725,40897.641213688934,Ejected,170
0.005011872336272725,40897.641213688934,Ejected,94
0.005011872336272725,41895.14465792525,Ejected,13
0.005011872336272725,42892.64810216156,Ejected,67
0.005011872336272725,34912.62054827104,Ejected,177
0.005011872336272725,41895.14465792525,Ejected,137
0.005011872336272725,43890.15154639788,Ejected,126
0.005011872336272725,44887.6549906342,Ejected,10
0.005011872336272725,44887.6549906342,Ejected,29
0.005011872336272725,42892.64810216156,Ejected,134
0.005011872336272725,36907.62743674367,Ejected,82
0.005011872336272725,36907.62743674367,Ejected,133
0.005011872336272725,44887.6549906342,Ejected,88
0.005011872336272725,45885.15843487051,Ejected,178
0.005011872336272725,44887.6549906342,Ejected,161
0.005011872336272725,37905.13088097999,Ejected,103
0.005011872336272725,44887.6549906342,Ejected,140
0.005011872336272725,46882.661879106825,Ejected,87
0.005011872336272725,45885.15843487051,Ejected,31
0.005011872336272725,45885.15843487051,Ejected,55
0.005011872336272725,38902.6343252163,Ejected,94
0.005011872336272725,46882.661879106825,Ejected,94
0.005011872336272725,46882.661879106825,Ejected,40
0.005011872336272725,46882.661879106825,Ejected,96
0.005011872336272725,48877.66876757945,Ejected,133
0.005011872336272725,47880.16532334314,Ejected,102
0.005011872336272725,48877.66876757945,Ejected,162
0.005011872336272725,49875.17221181577,Ejected,3
0.005011872336272725,47880.16532334314,Ejected,176
0.005011872336272725,48877.66876757945,Ejected,23
0.005011872336272725,48877.66876757945,Ejected,34
0.005011872336272725,48877.66876757945,Ejected,90
0.005011872336272725,48877.66876757945,Ejected,125
0.005011872336272725,50872.67565605209,Ejected,86
0.005011872336272725,49875.17221181577,Ejected,108
0.005011872336272725,50872.67565605209,Ejected,181
0.005011872336272725,41895.14465792525,Ejected,115
0.005011872336272725,49875.17221181577,Ejected,44
0.005011872336272725,49875.17221181577,Ejected,86
0.005011872336272725,50872.67565605209,Ejected,0
0.005011872336272725,50872.67565605209,Ejected,31
0.005011872336272725,42892.64810216156,Ejected,9
0.005011872336272725,42892.64810216156,Ejected,13
0.005011872336272725,52867.682544524716,Ejected,17
0.005011872336272725,52867.682544524716,Ejected,68
0.005011872336272725,52867.682544524716,Ejected,70
0.005011872336272725,42892.64810216156,Ejected,159
0.005011872336272725,51870.179100288406,Ejected,111
0.005011872336272725,53865.18598876103,Ejected,26
0.005011872336272725,51870.179100288406,Ejected,73
0.005011872336272725,52867.682544524716,Ejected,17
0.005011872336272725,52867.682544524716,Ejected,139
0.005011872336272725,44887.6549906342,Ejected,15
0.005011872336272725,54862.68943299735,Ejected,77
0.005011872336272725,44887.6549906342,Ejected,139
0.005011872336272725,53865.18598876103,Ejected,9
0.005011872336272725,53865.18598876103,Ejected,156
0.005011872336272725,45885.15843487051,Ejected,87
0.005011872336272725,54862.68943299735,Ejected,41
0.005011872336272725,54862.68943299735,Ejected,171
0.005011872336272725,45885.15843487051,Ejected,196
0.005011872336272725,46882.661879106825,Ejected,6
0.005011872336272725,56857.69632146998,Ejected,147
0.005011872336272725,55860.19287723366,Ejected,87
0.005011872336272725,55860.19287723366,Ejected,126
0.005011872336272725,55860.19287723366,Ejected,181
0.005011872336272725,58852.70320994261,Ejected,7
0.005011872336272725,57855.1997657063,Ejected,5
0.005011872336272725,59850.206654178925,Ejected,89
0.005011872336272725,59850.206654178925,Ejected,102
0.005011872336272725,48877.66876757945,Ejected,90
0.005011872336272725,60847.71009841524,Ejected,2
0.005011872336272725,57855.1997657063,Captured,170
0.005011872336272725,59850.206654178925,Ejected,74
0.005011872336272725,59850.206654178925,Ejected,106
0.005011872336272725,61845.21354265156,Ejected,40
0.005011872336272725,59850.206654178925,Ejected,77
0.005011872336272725,50872.67565605209,Ejected,19
0.005011872336272725,60847.71009841524,Ejected,11
0.005011872336272725,59850.206654178925,Ejected,178
0.005011872336272725,61845.21354265156,Ejected,12
0.005011872336272725,51870.179100288406,Ejected,84
0.005011872336272725,61845.21354265156,Ejected,27
0.005011872336272725,51870.179100288406,Ejected,140
0.005011872336272725,62842.71698688787,Ejected,8
0.005011872336272725,63840.22043112419,Ejected,185
0.005011872336272725,52867.682544524716,Ejected,5
0.005011872336272725,64837.723875360505,Ejected,53
0.005011872336272725,64837.723875360505,Ejected,69
0.005011872336272725,52867.682544524716,Ejected,79
0.005011872336272725,62842.71698688787,Ejected,178
0.005011872336272725,63840.22043112419,Ejected,15
0.005011872336272725,62842.71698688787,Ejected,111
0.005011872336272725,63840.22043112419,Ejected,49
0.005011872336272725,63840.22043112419,Ejected,65
0.005011872336272725,53865.18598876103,Ejected,76
0.005011872336272725,64837.723875360505,Ejected,20
0.005011872336272725,64837.723875360505,Ejected,40
0.005011872336272725,54862.68943299735,Ejected,23
0.005011872336272725,54862.68943299735,Ejected,127
0.005011872336272725,67830.23420806945,Ejected,90
0.005011872336272725,54862.68943299735,Ejected,175
0.005011872336272725,65835.22731959682,Ejected,160
0.005011872336272725,66832.73076383314,Ejected,56
0.005011872336272725,67830.23420806945,Ejected,3
0.005011872336272725,67830.23420806945,Ejected,7
0.005011872336272725,56857.69632146998,Ejected,1
0.005011872336272725,69825.24109654209,Ejected,72
0.005011872336272725,56857.69632146998,Ejected,104
0.005011872336272725,57855.1997657063,Ejected,91
0.005011872336272725,68827.73765230576,Ejected,28
0.005011872336272725,68827.73765230576,Ejected,188
0.005011872336272725,68827.73765230576,Ejected,184
0.005011872336272725,69825.24109654209,Ejected,75
0.005011872336272725,70822.7445407784,Ejected,143
0.005011872336272725,70822.7445407784,Ejected,118
0.005011872336272725,73815.25487348734,Ejected,46
0.005011872336272725,59850.206654178925,Ejected,153
0.005011872336272725,71820.2479850147,Ejected,45
0.005011872336272725,71820.2479850147,Ejected,59
0.005011872336272725,60847.71009841524,Ejected,107
0.005011872336272725,74812.75831772365,Ejected,199
0.005011872336272725,60847.71009841524,Ejected,197
0.005011872336272725,72817.75142925103,Ejected,98
0.005011872336272725,62842.71698688787,Ejected,30
0.005011872336272725,62842.71698688787,Ejected,138
0.005011872336272725,75810.26176195998,Ejected,53
0.005011872336272725,63840.22043112419,Ejected,17
0.005011872336272725,74812.75831772365,Ejected,167
0.005011872336272725,76807.76520619629,Ejected,4
0.005011872336272725,78802.77209466892,Ejected,48
0.005011872336272725,75810.26176195998,Ejected,174
0.005011872336272725,78802.77209466892,Ejected,196
0.005011872336272725,78802.77209466892,Ejected,186
0.005011872336272725,81795.28242737787,Ejected,155
0.005011872336272725,79800.27553890523,Ejected,148
0.005011872336272725,79800.27553890523,Ejected,150
0.005011872336272725,67830.23420806945,Ejected,98
0.005011872336272725,67830.23420806945,Ejected,100
0.005011872336272725,80797.77898314154,Ejected,5
0.005011872336272725,83790.2893158505,Ejected,42
0.005011872336272725,81795.28242737787,Ejected,36
0.005011872336272725,80797.77898314154,Ejected,155
0.005011872336272725,68827.73765230576,Ejected,51
0.005011872336272725,68827.73765230576,Ejected,125
0.005011872336272725,69825.24109654209,Ejected,28
0.005011872336272725,81795.28242737787,Ejected,194
0.005011872336272725,82792.78587161418,Ejected,16
0.005011872336272725,86782.79964855945,Ejected,174
0.005011872336272725,71820.2479850147,Ejected,123
0.005011872336272725,88777.80653703207,Ejected,13
0.005011872336272725,71820.2479850147,Ejected,195
0.005011872336272725,72817.75142925103,Ejected,49
0.005011872336272725,86782.79964855945,Ejected,56
0.005011872336272725,72817.75142925103,Ejected,80
0.005011872336272725,88777.80653703207,Ejected,73
0.005011872336272725,87780.30309279576,Ejected,166
0.005011872336272725,91770.31686974101,Ejected,22
0.005011872336272725,74812.75831772365,Ejected,86
0.005011872336272725,88777.80653703207,Ejected,133
0.005011872336272725,92767.82031397734,Ejected,184
0.005011872336272725,79800.27553890523,Ejected,58
0.005011872336272725,94762.82720244996,Ejected,80
0.005011872336272725,97755.3375351589,Ejected,132
0.005011872336272725,80797.77898314154,Ejected,7
0.005011872336272725,96757.8340909226,Captured,27
0.005011872336272725,96757.8340909226,Ejected,53
0.005011872336272725,97755.3375351589,Ejected,142
0.005011872336272725,98752.84097939523,Ejected,10
0.005011872336272725,98752.84097939523,Ejected,51
0.005011872336272725,98752.84097939523,Ejected,82
0.005011872336272725,99750.34442363154,Captured,95
0.005011872336272725,86782.79964855945,Ejected,63
0.005011872336272725,102742.85475634049,Ejected,152
0.005011872336272725,87780.30309279576,Ejected,157
0.005011872336272725,109725.3788659947,Ejected,164
0.005011872336272725,106732.86853328576,Ejected,74
0.005011872336272725,90772.8134255047,Ejected,171
0.005011872336272725,92767.82031397734,Ejected,21
0.005011872336272725,109725.3788659947,Ejected,33
0.005011872336272725,110722.88231023101,Ejected,151
