0.01,0.0,Captured,215
0.01,0.0,Captured,414
0.01,0.0,Captured,247
0.01,0.0,Captured,724
0.01,351798.7723651459,Ejected,1
0.01,351798.7723651459,Ejected,3
0.01,351798.7723651459,Ejected,26
0.01,351798.7723651459,Ejected,38
0.01,351798.7723651459,Ejected,25
0.01,351798.7723651459,Ejected,23
0.01,351798.7723651459,Ejected,27
0.01,351798.7723651459,Ejected,35
0.01,351798.7723651459,Ejected,36
0.01,351798.7723651459,Ejected,44
0.01,351798.7723651459,Ejected,63
0.01,351798.7723651459,Ejected,67
0.01,351798.7723651459,Ejected,53
0.01,351798.7723651459,Ejected,83
0.01,351798.7723651459,Ejected,107
0.01,351798.7723651459,Ejected,77
0.01,351798.7723651459,Ejected,85
0.01,351798.7723651459,Ejected,88
0.01,351798.7723651459,Ejected,104
0.01,351798.7723651459,Ejected,122
0.01,351798.7723651459,Ejected,150
0.01,351798.7723651459,Ejected,187
0.01,351798.7723651459,Ejected,199
0.01,351798.7723651459,Ejected,186
0.01,351798.7723651459,Ejected,190
0.01,351798.7723651459,Ejected,234
0.01,351798.7723651459,Ejected,246
0.01,351798.7723651459,Ejected,169
0.01,351798.7723651459,Ejected,283
0.01,351798.7723651459,Ejected,244
0.01,351798.7723651459,Ejected,252
0.01,351798.7723651459,Ejected,256
0.01,351798.7723651459,Ejected,260
0.01,351798.7723651459,Ejected,221
0.01,351798.7723651459,Ejected,229
0.01,351798.7723651459,Ejected,284
0.01,351798.7723651459,Ejected,282
0.01,351798.7723651459,Ejected,245
0.01,351798.7723651459,Ejected,273
0.01,351798.7723651459,Ejected,289
0.01,351798.7723651459,Ejected,314
0.01,351798.7723651459,Ejected,326
0.01,351798.7723651459,Ejected,354
0.01,351798.7723651459,Ejected,399
0.01,351798.7723651459,Ejected,362
0.01,351798.7723651459,Ejected,325
0.01,351798.7723651459,Ejected,374
0.01,351798.7723651459,Ejected,411
0.01,351798.7723651459,Ejected,345
0.01,351798.7723651459,Ejected,423
0.01,351798.7723651459,Ejected,394
0.01,351798.7723651459,Ejected,451
0.01,351798.7723651459,Ejected,463
0.01,351798.7723651459,Ejected,381
0.01,351798.7723651459,Ejected,385
0.01,351798.7723651459,Ejected,360
0.01,351798.7723651459,Ejected,388
0.01,351798.7723651459,Ejected,392
0.01,351798.7723651459,Ejected,409
0.01,351798.7723651459,Ejected,442
0.01,351798.7723651459,Ejected,499
0.01,351798.7723651459,Ejected,507
0.01,351798.7723651459,Ejected,450
0.01,351798.7723651459,Ejected,437
0.01,351798.7723651459,Ejected,436
0.01,351798.7723651459,Ejected,440
0.01,351798.7723651459,Ejected,448
0.01,351798.7723651459,Ejected,478
0.01,351798.7723651459,Ejected,482
0.01,351798.7723651459,Ejected,575
0.01,351798.7723651459,Ejected,579
0.01,351798.7723651459,Ejected,518
0.01,351798.7723651459,Ejected,522
0.01,351798.7723651459,Ejected,473
0.01,351798.7723651459,Ejected,477
0.01,351798.7723651459,Ejected,599
0.01,351798.7723651459,Ejected,534
0.01,351798.7723651459,Ejected,627
0.01,351798.7723651459,Ejected,635
0.01,351798.7723651459,Ejected,509
0.01,351798.7723651459,Ejected,574
0.01,351798.7723651459,Ejected,586
0.01,351798.7723651459,Ejected,525
0.01,351798.7723651459,Ejected,536
0.01,351798.7723651459,Ejected,540
0.01,351798.7723651459,Ejected,683
0.01,351798.7723651459,Ejected,602
0.01,351798.7723651459,Ejected,695
0.01,351798.7723651459,Ejected,548
0.01,351798.7723651459,Ejected,552
0.01,351798.7723651459,Ejected,630
0.01,351798.7723651459,Ejected,711
0.01,351798.7723651459,Ejected,584
0.01,351798.7723651459,Ejected,719
0.01,351798.7723651459,Ejected,727
0.01,351798.7723651459,Ejected,731
0.01,351798.7723651459,Ejected,553
0.01,351798.7723651459,Ejected,608
0.01,351798.7723651459,Ejected,565
0.01,351798.7723651459,Ejected,654
0.01,351798.7723651459,Ejected,620
0.01,351798.7723651459,Ejected,743
0.01,351798.7723651459,Ejected,632
0.01,351798.7723651459,Ejected,581
0.01,351798.7723651459,Ejected,755
0.01,351798.7723651459,Ejected,783
0.01,351798.7723651459,Ejected,633
0.01,351798.7723651459,Ejected,668
0.01,351798.7723651459,Ejected,661
0.01,351798.7723651459,Ejected,712
0.01,351798.7723651459,Ejected,689
0.01,351798.7723651459,Ejected,736
0.01,351798.7723651459,Ejected,758
0.01,351798.7723651459,Ejected,762
0.01,351798.7723651459,Ejected,697
0.01,351798.7723651459,Ejected,768
0.01,351798.7723651459,Ejected,757
0.01,351798.7723651459,Ejected,785
0.01,703597.5447302918,Ejected,5
0.01,703597.5447302918,Ejected,7
0.01,703597.5447302918,Ejected,13
0.01,703597.5447302918,Ejected,18
0.01,703597.5447302918,Ejected,19
0.01,703597.5447302918,Ejected,43
0.01,703597.5447302918,Ejected,55
0.01,703597.5447302918,Ejected,46
0.01,703597.5447302918,Ejected,50
0.01,703597.5447302918,Ejected,62
0.01,703597.5447302918,Ejected,24
0.01,703597.5447302918,Ejected,28
0.01,703597.5447302918,Ejected,48
0.01,703597.5447302918,Ejected,79
0.01,703597.5447302918,Ejected,87
0.01,703597.5447302918,Ejected,78
0.01,703597.5447302918,Ejected,82
0.01,703597.5447302918,Ejected,90
0.01,703597.5447302918,Ejected,119
0.01,703597.5447302918,Ejected,98
0.01,703597.5447302918,Ejected,147
0.01,703597.5447302918,Ejected,69
0.01,703597.5447302918,Ejected,112
0.01,703597.5447302918,Ejected,89
0.01,703597.5447302918,Ejected,97
0.01,703597.5447302918,Ejected,175
0.01,703597.5447302918,Ejected,170
0.01,703597.5447302918,Ejected,174
0.01,703597.5447302918,Ejected,219
0.01,703597.5447302918,Ejected,121
0.01,703597.5447302918,Ejected,125
0.01,703597.5447302918,Ejected,137
0.01,703597.5447302918,Ejected,194
0.01,703597.5447302918,Ejected,198
0.01,703597.5447302918,Ejected,214
0.01,703597.5447302918,Ejected,160
0.01,703597.5447302918,Ejected,230
0.01,703597.5447302918,Ejected,271
0.01,703597.5447302918,Ejected,168
0.01,703597.5447302918,Ejected,172
0.01,703597.5447302918,Ejected,188
0.01,703597.5447302918,Ejected,266
0.01,703597.5447302918,Ejected,204
0.01,703597.5447302918,Ejected,212
0.01,703597.5447302918,Ejected,224
0.01,703597.5447302918,Ejected,291
0.01,703597.5447302918,Ejected,240
0.01,703597.5447302918,Ejected,303
0.01,703597.5447302918,Ejected,280
0.01,703597.5447302918,Ejected,189
0.01,703597.5447302918,Ejected,319
0.01,703597.5447302918,Ejected,327
0.01,703597.5447302918,Ejected,308
0.01,703597.5447302918,Ejected,306
0.01,703597.5447302918,Ejected,351
0.01,703597.5447302918,Ejected,359
0.01,703597.5447302918,Ejected,363
0.01,703597.5447302918,Ejected,269
0.01,703597.5447302918,Ejected,391
0.01,703597.5447302918,Ejected,346
0.01,703597.5447302918,Ejected,350
0.01,703597.5447302918,Ejected,366
0.01,703597.5447302918,Ejected,301
0.01,703597.5447302918,Ejected,386
0.01,703597.5447302918,Ejected,402
0.01,703597.5447302918,Ejected,431
0.01,703597.5447302918,Ejected,435
0.01,703597.5447302918,Ejected,443
0.01,703597.5447302918,Ejected,455
0.01,703597.5447302918,Ejected,475
0.01,703597.5447302918,Ejected,479
0.01,703597.5447302918,Ejected,483
0.01,703597.5447302918,Ejected,426
0.01,703597.5447302918,Ejected,313
0.01,703597.5447302918,Ejected,511
0.01,703597.5447302918,Ejected,337
0.01,703597.5447302918,Ejected,364
0.01,703597.5447302918,Ejected,539
0.01,703597.5447302918,Ejected,555
0.01,703597.5447302918,Ejected,376
0.01,703597.5447302918,Ejected,454
0.01,703597.5447302918,Ejected,384
0.01,703597.5447302918,Ejected,373
0.01,703597.5447302918,Ejected,424
0.01,703597.5447302918,Ejected,428
0.01,703597.5447302918,Ejected,452
0.01,703597.5447302918,Ejected,486
0.01,703597.5447302918,Ejected,490
0.01,703597.5447302918,Ejected,460
0.01,703597.5447302918,Ejected,510
0.01,703597.5447302918,Ejected,526
0.01,703597.5447302918,Ejected,472
0.01,703597.5447302918,Ejected,476
0.01,703597.5447302918,Ejected,615
0.01,703597.5447302918,Ejected,492
0.01,703597.5447302918,Ejected,500
0.01,703597.5447302918,Ejected,425
0.01,703597.5447302918,Ejected,538
0.01,703597.5447302918,Ejected,546
0.01,703597.5447302918,Ejected,550
0.01,703597.5447302918,Ejected,433
0.01,703597.5447302918,Ejected,441
0.01,703597.5447302918,Ejected,558
0.01,703597.5447302918,Ejected,655
0.01,703597.5447302918,Ejected,582
0.01,703597.5447302918,Ejected,691
0.01,703597.5447302918,Ejected,524
0.01,703597.5447302918,Ejected,497
0.01,703597.5447302918,Ejected,598
0.01,703597.5447302918,Ejected,532
0.01,703597.5447302918,Ejected,707
0.01,703597.5447302918,Ejected,560
0.01,703597.5447302918,Ejected,568
0.01,703597.5447302918,Ejected,521
0.01,703597.5447302918,Ejected,666
0.01,703597.5447302918,Ejected,670
0.01,703597.5447302918,Ejected,533
0.01,703597.5447302918,Ejected,640
0.01,703597.5447302918,Ejected,644
0.01,703597.5447302918,Ejected,759
0.01,703597.5447302918,Ejected,678
0.01,703597.5447302918,Ejected,771
0.01,703597.5447302918,Ejected,787
0.01,703597.5447302918,Ejected,799
0.01,703597.5447302918,Ejected,686
0.01,703597.5447302918,Ejected,718
0.01,703597.5447302918,Ejected,597
0.01,703597.5447302918,Ejected,704
0.01,703597.5447302918,Ejected,708
0.01,703597.5447302918,Ejected,621
0.01,703597.5447302918,Ejected,625
0.01,703597.5447302918,Ejected,728
0.01,703597.5447302918,Ejected,756
0.01,703597.5447302918,Ejected,649
0.01,703597.5447302918,Ejected,653
0.01,703597.5447302918,Ejected,657
0.01,703597.5447302918,Ejected,772
0.01,703597.5447302918,Ejected,784
0.01,703597.5447302918,Ejected,788
0.01,703597.5447302918,Ejected,792
0.01,703597.5447302918,Ejected,786
0.01,703597.5447302918,Ejected,790
0.01,703597.5447302918,Ejected,705
0.01,703597.5447302918,Ejected,729
0.01,703597.5447302918,Ejected,761
0.01,703597.5447302918,Ejected,777
0.01,703597.5447302918,Ejected,781
0.01,703597.5447302918,Ejected,793
0.01,703597.5447302918,Ejected,797
0.01,1055396.3170954378,Ejected,2
0.01,1055396.3170954378,Ejected,58
0.01,1055396.3170954378,Ejected,33
0.01,1055396.3170954378,Ejected,91
0.01,1055396.3170954378,Ejected,94
0.01,1055396.3170954378,Ejected,57
0.01,1055396.3170954378,Ejected,60
0.01,1055396.3170954378,Ejected,143
0.01,1055396.3170954378,Ejected,76
0.01,1055396.3170954378,Ejected,96
0.01,1055396.3170954378,Ejected,159
0.01,1055396.3170954378,Ejected,134
0.01,1055396.3170954378,Ejected,171
0.01,1055396.3170954378,Ejected,154
0.01,1055396.3170954378,Ejected,223
0.01,1055396.3170954378,Ejected,109
0.01,1055396.3170954378,Ejected,210
0.01,1055396.3170954378,Ejected,133
0.01,1055396.3170954378,Ejected,239
0.01,1055396.3170954378,Ejected,222
0.01,1055396.3170954378,Ejected,176
0.01,1055396.3170954378,Ejected,232
0.01,1055396.3170954378,Ejected,264
0.01,1055396.3170954378,Ejected,311
0.01,1055396.3170954378,Ejected,197
0.01,1055396.3170954378,Ejected,205
0.01,1055396.3170954378,Ejected,302
0.01,1055396.3170954378,Ejected,371
0.01,1055396.3170954378,Ejected,375
0.01,1055396.3170954378,Ejected,253
0.01,1055396.3170954378,Ejected,390
0.01,1055396.3170954378,Ejected,427
0.01,1055396.3170954378,Ejected,471
0.01,1055396.3170954378,Ejected,377
0.01,1055396.3170954378,Ejected,494
0.01,1055396.3170954378,Ejected,502
0.01,1055396.3170954378,Ejected,514
0.01,1055396.3170954378,Ejected,420
0.01,1055396.3170954378,Ejected,444
0.01,1055396.3170954378,Ejected,607
0.01,1055396.3170954378,Ejected,542
0.01,1055396.3170954378,Ejected,488
0.01,1055396.3170954378,Ejected,651
0.01,1055396.3170954378,Ejected,570
0.01,1055396.3170954378,Ejected,453
0.01,1055396.3170954378,Ejected,671
0.01,1055396.3170954378,Ejected,461
0.01,1055396.3170954378,Ejected,469
0.01,1055396.3170954378,Ejected,614
0.01,1055396.3170954378,Ejected,600
0.01,1055396.3170954378,Ejected,662
0.01,1055396.3170954378,Ejected,517
0.01,1055396.3170954378,Ejected,616
0.01,1055396.3170954378,Ejected,624
0.01,1055396.3170954378,Ejected,795
0.01,1055396.3170954378,Ejected,688
0.01,1055396.3170954378,Ejected,601
0.01,1055396.3170954378,Ejected,613
0.01,1055396.3170954378,Ejected,748
0.01,1055396.3170954378,Ejected,665
0.01,1055396.3170954378,Ejected,776
0.01,1055396.3170954378,Ejected,798
0.01,1055396.3170954378,Ejected,701
0.01,1407195.0894605836,Ejected,40
0.01,1407195.0894605836,Ejected,95
0.01,1407195.0894605836,Ejected,103
0.01,1407195.0894605836,Ejected,86
0.01,1407195.0894605836,Ejected,102
0.01,1407195.0894605836,Ejected,56
0.01,1407195.0894605836,Ejected,243
0.01,1407195.0894605836,Ejected,251
0.01,1407195.0894605836,Ejected,157
0.01,1407195.0894605836,Ejected,272
0.01,1407195.0894605836,Ejected,181
0.01,1407195.0894605836,Ejected,296
0.01,1407195.0894605836,Ejected,334
0.01,1407195.0894605836,Ejected,358
0.01,1407195.0894605836,Ejected,382
0.01,1407195.0894605836,Ejected,447
0.01,1407195.0894605836,Ejected,459
0.01,1407195.0894605836,Ejected,434
0.01,1407195.0894605836,Ejected,353
0.01,1407195.0894605836,Ejected,404
0.01,1407195.0894605836,Ejected,397
0.01,1407195.0894605836,Ejected,512
0.01,1407195.0894605836,Ejected,501
0.01,1407195.0894605836,Ejected,715
0.01,1407195.0894605836,Ejected,656
0.01,1407195.0894605836,Ejected,700
0.01,1407195.0894605836,Ejected,716
0.01,1407195.0894605836,Ejected,740
0.01,1407195.0894605836,Ejected,752
0.01,1758993.8618257295,Ejected,39
0.01,1758993.8618257295,Ejected,64
0.01,1758993.8618257295,Ejected,130
0.01,1758993.8618257295,Ejected,203
0.01,1758993.8618257295,Ejected,261
0.01,1758993.8618257295,Ejected,439
0.01,1758993.8618257295,Ejected,467
0.01,1758993.8618257295,Ejected,487
0.01,1758993.8618257295,Ejected,329
0.01,1758993.8618257295,Ejected,458
0.01,1758993.8618257295,Ejected,506
0.01,1758993.8618257295,Ejected,480
0.01,1758993.8618257295,Ejected,496
0.01,1758993.8618257295,Ejected,562
0.01,1758993.8618257295,Ejected,508
0.01,1758993.8618257295,Ejected,580
0.01,1758993.8618257295,Ejected,642
0.01,1758993.8618257295,Ejected,617
0.01,1758993.8618257295,Ejected,645
0.01,1758993.8618257295,Ejected,737
0.01,1758993.8618257295,Ejected,769
0.01,2110792.6341908756,Ejected,51
0.01,2110792.6341908756,Ejected,59
0.01,2110792.6341908756,Ejected,127
0.01,2110792.6341908756,Ejected,227
0.01,2110792.6341908756,Ejected,129
0.01,2110792.6341908756,Ejected,238
0.01,2110792.6341908756,Ejected,250
0.01,2110792.6341908756,Ejected,220
0.01,2110792.6341908756,Ejected,236
0.01,2110792.6341908756,Ejected,316
0.01,2110792.6341908756,Ejected,491
0.01,2110792.6341908756,Ejected,543
0.01,2110792.6341908756,Ejected,551
0.01,2110792.6341908756,Ejected,432
0.01,2110792.6341908756,Ejected,464
0.01,2110792.6341908756,Ejected,687
0.01,2110792.6341908756,Ejected,751
0.01,2110792.6341908756,Ejected,726
0.01,2110792.6341908756,Ejected,641
0.01,2110792.6341908756,Ejected,725
0.01,2462591.4065560214,Ejected,22
0.01,2462591.4065560214,Ejected,12
0.01,2462591.4065560214,Ejected,41
0.01,2462591.4065560214,Ejected,136
0.01,2462591.4065560214,Ejected,144
0.01,2462591.4065560214,Ejected,156
0.01,2462591.4065560214,Ejected,276
0.01,2462591.4065560214,Ejected,257
0.01,2462591.4065560214,Ejected,775
0.01,2462591.4065560214,Ejected,732
0.01,2814390.1789211673,Ejected,110
0.01,2814390.1789211673,Ejected,202
0.01,2814390.1789211673,Ejected,258
0.01,2814390.1789211673,Ejected,545
0.01,3166188.951286313,Ejected,106
0.01,3166188.951286313,Ejected,290
0.01,3166188.951286313,Ejected,312
0.01,3166188.951286313,Ejected,419
0.01,3166188.951286313,Ejected,547
0.01,3166188.951286313,Ejected,623
0.01,3166188.951286313,Captured,673
0.01,3517987.723651459,Ejected,576
0.01,3869786.496016605,Ejected,336
0.01,3869786.496016605,Ejected,631
0.01,4221585.268381751,Ejected,117
0.01,4221585.268381751,Ejected,241
0.01,4221585.268381751,Ejected,489
0.01,4573384.0407468965,Ejected,321
0.01,4573384.0407468965,Ejected,561
0.01,4925182.813112043,Ejected,523
0.01,4925182.813112043,Ejected,481
0.01,5276981.585477188,Ejected,400
0.01,5276981.585477188,Ejected,401
0.01,5276981.585477188,Ejected,643
0.01,5276981.585477188,Ejected,766
0.01,6332377.902572626,Ejected,466
0.01,9498566.85385894,Captured,155
0.01,9498566.85385894,Ejected,195
0.01,9850365.626224086,Ejected,699
0.005011872336272725,0.0,Captured,272
0.005011872336272725,0.0,Captured,122
0.005011872336272725,0.0,Captured,410
0.005011872336272725,0.0,Captured,748
0.005011872336272725,352670.7248382179,Ejected,50
0.005011872336272725,352670.7248382179,Ejected,65
0.005011872336272725,352670.7248382179,Ejected,121
0.005011872336272725,352670.7248382179,Ejected,257
0.005011872336272725,352670.7248382179,Ejected,274
0.005011872336272725,352670.7248382179,Ejected,464
0.005011872336272725,352670.7248382179,Ejected,387
0.005011872336272725,352670.7248382179,Ejected,419
0.005011872336272725,352670.7248382179,Captured,479
0.005011872336272725,352670.7248382179,Ejected,485
0.005011872336272725,352670.7248382179,Ejected,495
0.005011872336272725,352670.7248382179,Ejected,565
0.005011872336272725,352670.7248382179,Ejected,680
0.005011872336272725,352670.7248382179,Ejected,607
0.005011872336272725,352670.7248382179,Ejected,554
0.005011872336272725,352670.7248382179,Ejected,720
0.005011872336272725,352670.7248382179,Ejected,650
0.005011872336272725,352670.7248382179,Ejected,758
0.005011872336272725,705341.4496764358,Ejected,0
0.005011872336272725,705341.4496764358,Ejected,14
0.005011872336272725,705341.4496764358,Ejected,28
0.005011872336272725,705341.4496764358,Ejected,30
0.005011872336272725,705341.4496764358,Ejected,72
0.005011872336272725,705341.4496764358,Ejected,76
0.005011872336272725,705341.4496764358,Ejected,46
0.005011872336272725,705341.4496764358,Ejected,54
0.005011872336272725,705341.4496764358,Ejected,77
0.005011872336272725,705341.4496764358,Ejected,112
0.005011872336272725,705341.4496764358,Ejected,116
0.005011872336272725,705341.4496764358,Ejected,70
0.005011872336272725,705341.4496764358,Ejected,74
0.005011872336272725,705341.4496764358,Ejected,59
0.005011872336272725,705341.4496764358,Ejected,75
0.005011872336272725,705341.4496764358,Ejected,85
0.005011872336272725,705341.4496764358,Ejected,110
0.005011872336272725,705341.4496764358,Ejected,129
0.005011872336272725,705341.4496764358,Ejected,134
0.005011872336272725,705341.4496764358,Ejected,145
0.005011872336272725,705341.4496764358,Ejected,150
0.005011872336272725,705341.4496764358,Ejected,155
0.005011872336272725,705341.4496764358,Ejected,159
0.005011872336272725,705341.4496764358,Ejected,163
0.005011872336272725,705341.4496764358,Ejected,179
0.005011872336272725,705341.4496764358,Ejected,223
0.005011872336272725,705341.4496764358,Ejected,336
0.005011872336272725,705341.4496764358,Ejected,344
0.005011872336272725,705341.4496764358,Ejected,242
0.005011872336272725,705341.4496764358,Ejected,263
0.005011872336272725,705341.4496764358,Ejected,384
0.005011872336272725,705341.4496764358,Ejected,289
0.005011872336272725,705341.4496764358,Ejected,305
0.005011872336272725,705341.4496764358,Ejected,428
0.005011872336272725,705341.4496764358,Ejected,317
0.005011872336272725,705341.4496764358,Ejected,468
0.005011872336272725,705341.4496764358,Ejected,365
0.005011872336272725,705341.4496764358,Ejected,532
0.005011872336272725,705341.4496764358,Ejected,339
0.005011872336272725,705341.4496764358,Ejected,373
0.005011872336272725,705341.4496764358,Ejected,385
0.005011872336272725,705341.4496764358,Ejected,358
0.005011872336272725,705341.4496764358,Ejected,548
0.005011872336272725,705341.4496764358,Ejected,359
0.005011872336272725,705341.4496764358,Ejected,568
0.005011872336272725,705341.4496764358,Ejected,580
0.005011872336272725,705341.4496764358,Ejected,391
0.005011872336272725,705341.4496764358,Ejected,415
0.005011872336272725,705341.4496764358,Ejected,620
0.005011872336272725,705341.4496764358,Ejected,469
0.005011872336272725,705341.4496764358,Ejected,473
0.005011872336272725,705341.4496764358,Ejected,628
0.005011872336272725,705341.4496764358,Ejected,489
0.005011872336272725,705341.4496764358,Ejected,474
0.005011872336272725,705341.4496764358,Ejected,491
0.005011872336272725,705341.4496764358,Ejected,507
0.005011872336272725,705341.4496764358,Ejected,515
0.005011872336272725,705341.4496764358,Ejected,525
0.005011872336272725,705341.4496764358,Ejected,533
0.005011872336272725,705341.4496764358,Ejected,539
0.005011872336272725,705341.4496764358,Ejected,502
0.005011872336272725,705341.4496764358,Ejected,575
0.005011872336272725,705341.4496764358,Ejected,668
0.005011872336272725,705341.4496764358,Ejected,526
0.005011872336272725,705341.4496764358,Ejected,728
0.005011872336272725,705341.4496764358,Ejected,655
0.005011872336272725,705341.4496764358,Ejected,659
0.005011872336272725,705341.4496764358,Ejected,622
0.005011872336272725,705341.4496764358,Ejected,629
0.005011872336272725,705341.4496764358,Ejected,661
0.005011872336272725,705341.4496764358,Ejected,658
0.005011872336272725,705341.4496764358,Ejected,686
0.005011872336272725,705341.4496764358,Ejected,694
0.005011872336272725,705341.4496764358,Ejected,702
0.005011872336272725,705341.4496764358,Ejected,673
0.005011872336272725,705341.4496764358,Ejected,710
0.005011872336272725,705341.4496764358,Ejected,759
0.005011872336272725,705341.4496764358,Ejected,777
0.005011872336272725,1058012.1745146536,Ejected,17
0.005011872336272725,1058012.1745146536,Ejected,29
0.005011872336272725,1058012.1745146536,Ejected,11
0.005011872336272725,1058012.1745146536,Ejected,15
0.005011872336272725,1058012.1745146536,Ejected,31
0.005011872336272725,1058012.1745146536,Ejected,49
0.005011872336272725,1058012.1745146536,Ejected,88
0.005011872336272725,1058012.1745146536,Ejected,89
0.005011872336272725,1058012.1745146536,Ejected,93
0.005011872336272725,1058012.1745146536,Ejected,152
0.005011872336272725,1058012.1745146536,Ejected,168
0.005011872336272725,1058012.1745146536,Ejected,133
0.005011872336272725,1058012.1745146536,Ejected,165
0.005011872336272725,1058012.1745146536,Ejected,169
0.005011872336272725,1058012.1745146536,Ejected,173
0.005011872336272725,1058012.1745146536,Ejected,216
0.005011872336272725,1058012.1745146536,Ejected,174
0.005011872336272725,1058012.1745146536,Ejected,211
0.005011872336272725,1058012.1745146536,Ejected,237
0.005011872336272725,1058012.1745146536,Ejected,194
0.005011872336272725,1058012.1745146536,Ejected,202
0.005011872336272725,1058012.1745146536,Ejected,259
0.005011872336272725,1058012.1745146536,Ejected,312
0.005011872336272725,1058012.1745146536,Ejected,285
0.005011872336272725,1058012.1745146536,Ejected,360
0.005011872336272725,1058012.1745146536,Ejected,333
0.005011872336272725,1058012.1745146536,Ejected,380
0.005011872336272725,1058012.1745146536,Ejected,424
0.005011872336272725,1058012.1745146536,Ejected,504
0.005011872336272725,1058012.1745146536,Ejected,516
0.005011872336272725,1058012.1745146536,Ejected,354
0.005011872336272725,1058012.1745146536,Ejected,437
0.005011872336272725,1058012.1745146536,Ejected,596
0.005011872336272725,1058012.1745146536,Ejected,521
0.005011872336272725,1058012.1745146536,Ejected,529
0.005011872336272725,1058012.1745146536,Ejected,557
0.005011872336272725,1058012.1745146536,Ejected,466
0.005011872336272725,1058012.1745146536,Ejected,583
0.005011872336272725,1058012.1745146536,Ejected,644
0.005011872336272725,1058012.1745146536,Ejected,577
0.005011872336272725,1058012.1745146536,Ejected,585
0.005011872336272725,1058012.1745146536,Ejected,510
0.005011872336272725,1058012.1745146536,Ejected,514
0.005011872336272725,1058012.1745146536,Ejected,619
0.005011872336272725,1058012.1745146536,Ejected,664
0.005011872336272725,1058012.1745146536,Ejected,688
0.005011872336272725,1058012.1745146536,Ejected,712
0.005011872336272725,1058012.1745146536,Ejected,582
0.005011872336272725,1058012.1745146536,Ejected,671
0.005011872336272725,1058012.1745146536,Ejected,772
0.005011872336272725,1058012.1745146536,Ejected,780
0.005011872336272725,1058012.1745146536,Ejected,711
0.005011872336272725,1058012.1745146536,Ejected,638
0.005011872336272725,1058012.1745146536,Ejected,685
0.005011872336272725,1058012.1745146536,Ejected,654
0.005011872336272725,1058012.1745146536,Ejected,666
0.005011872336272725,1058012.1745146536,Ejected,771
0.005011872336272725,1058012.1745146536,Ejected,775
0.005011872336272725,1058012.1745146536,Ejected,698
0.005011872336272725,1058012.1745146536,Ejected,757
0.005011872336272725,1058012.1745146536,Ejected,782
0.005011872336272725,1410682.8993528716,Ejected,25
0.005011872336272725,1410682.8993528716,Ejected,53
0.005011872336272725,1410682.8993528716,Ejected,68
0.005011872336272725,1410682.8993528716,Ejected,188
0.005011872336272725,1410682.8993528716,Ejected,119
0.005011872336272725,1410682.8993528716,Ejected,114
0.005011872336272725,1410682.8993528716,Ejected,143
0.005011872336272725,1410682.8993528716,Ejected,187
0.005011872336272725,1410682.8993528716,Ejected,240
0.005011872336272725,1410682.8993528716,Ejected,260
0.005011872336272725,1410682.8993528716,Ejected,264
0.005011872336272725,1410682.8993528716,Ejected,209
0.005011872336272725,1410682.8993528716,Ejected,214
0.005011872336272725,1410682.8993528716,Ejected,281
0.005011872336272725,1410682.8993528716,Ejected,291
0.005011872336272725,1410682.8993528716,Ejected,311
0.005011872336272725,1410682.8993528716,Ejected,396
0.005011872336272725,1410682.8993528716,Ejected,355
0.005011872336272725,1410682.8993528716,Ejected,381
0.005011872336272725,1410682.8993528716,Ejected,393
0.005011872336272725,1410682.8993528716,Ejected,407
0.005011872336272725,1410682.8993528716,Ejected,326
0.005011872336272725,1410682.8993528716,Ejected,572
0.005011872336272725,1410682.8993528716,Ejected,584
0.005011872336272725,1410682.8993528716,Ejected,382
0.005011872336272725,1410682.8993528716,Ejected,497
0.005011872336272725,1410682.8993528716,Ejected,537
0.005011872336272725,1410682.8993528716,Ejected,545
0.005011872336272725,1410682.8993528716,Ejected,430
0.005011872336272725,1410682.8993528716,Ejected,470
0.005011872336272725,1410682.8993528716,Ejected,648
0.005011872336272725,1410682.8993528716,Ejected,631
0.005011872336272725,1410682.8993528716,Ejected,546
0.005011872336272725,1410682.8993528716,Ejected,716
0.005011872336272725,1410682.8993528716,Ejected,744
0.005011872336272725,1410682.8993528716,Ejected,695
0.005011872336272725,1410682.8993528716,Ejected,598
0.005011872336272725,1410682.8993528716,Ejected,602
0.005011872336272725,1410682.8993528716,Ejected,776
0.005011872336272725,1410682.8993528716,Ejected,657
0.005011872336272725,1410682.8993528716,Ejected,693
0.005011872336272725,1410682.8993528716,Ejected,690
0.005011872336272725,1410682.8993528716,Ejected,713
0.005011872336272725,1410682.8993528716,Ejected,729
0.005011872336272725,1410682.8993528716,Ejected,762
0.005011872336272725,1410682.8993528716,Ejected,770
0.005011872336272725,1410682.8993528716,Ejected,786
0.005011872336272725,1763353.6241910895,Ejected,2
0.005011872336272725,1763353.6241910895,Ejected,1
0.005011872336272725,1763353.6241910895,Ejected,19
0.005011872336272725,1763353.6241910895,Ejected,42
0.005011872336272725,1763353.6241910895,Ejected,135
0.005011872336272725,1763353.6241910895,Ejected,167
0.005011872336272725,1763353.6241910895,Ejected,244
0.005011872336272725,1763353.6241910895,Ejected,197
0.005011872336272725,1763353.6241910895,Ejected,284
0.005011872336272725,1763353.6241910895,Ejected,243
0.005011872336272725,1763353.6241910895,Ejected,308
0.005011872336272725,1763353.6241910895,Ejected,249
0.005011872336272725,1763353.6241910895,Ejected,290
0.005011872336272725,1763353.6241910895,Ejected,395
0.005011872336272725,1763353.6241910895,Ejected,484
0.005011872336272725,1763353.6241910895,Ejected,350
0.005011872336272725,1763353.6241910895,Ejected,483
0.005011872336272725,1763353.6241910895,Ejected,501
0.005011872336272725,1763353.6241910895,Ejected,592
0.005011872336272725,1763353.6241910895,Ejected,422
0.005011872336272725,1763353.6241910895,Ejected,426
0.005011872336272725,1763353.6241910895,Ejected,603
0.005011872336272725,1763353.6241910895,Ejected,597
0.005011872336272725,1763353.6241910895,Ejected,518
0.005011872336272725,1763353.6241910895,Ejected,699
0.005011872336272725,1763353.6241910895,Ejected,586
0.005011872336272725,1763353.6241910895,Ejected,681
0.005011872336272725,1763353.6241910895,Ejected,642
0.005011872336272725,1763353.6241910895,Ejected,674
0.005011872336272725,1763353.6241910895,Ejected,737
0.005011872336272725,1763353.6241910895,Ejected,749
0.005011872336272725,1763353.6241910895,Ejected,797
0.005011872336272725,2116024.3490293073,Ejected,92
0.005011872336272725,2116024.3490293073,Ejected,120
0.005011872336272725,2116024.3490293073,Ejected,71
0.005011872336272725,2116024.3490293073,Ejected,101
0.005011872336272725,2116024.3490293073,Ejected,176
0.005011872336272725,2116024.3490293073,Ejected,224
0.005011872336272725,2116024.3490293073,Ejected,138
0.005011872336272725,2116024.3490293073,Ejected,191
0.005011872336272725,2116024.3490293073,Ejected,177
0.005011872336272725,2116024.3490293073,Ejected,189
0.005011872336272725,2116024.3490293073,Ejected,201
0.005011872336272725,2116024.3490293073,Ejected,186
0.005011872336272725,2116024.3490293073,Ejected,190
0.005011872336272725,2116024.3490293073,Ejected,271
0.005011872336272725,2116024.3490293073,Ejected,226
0.005011872336272725,2116024.3490293073,Ejected,348
0.005011872336272725,2116024.3490293073,Ejected,411
0.005011872336272725,2116024.3490293073,Ejected,520
0.005011872336272725,2116024.3490293073,Ejected,334
0.005011872336272725,2116024.3490293073,Ejected,429
0.005011872336272725,2116024.3490293073,Ejected,463
0.005011872336272725,2116024.3490293073,Ejected,544
0.005011872336272725,2116024.3490293073,Ejected,511
0.005011872336272725,2116024.3490293073,Ejected,450
0.005011872336272725,2116024.3490293073,Ejected,683
0.005011872336272725,2116024.3490293073,Ejected,735
0.005011872336272725,2116024.3490293073,Ejected,630
0.005011872336272725,2116024.3490293073,Ejected,678
0.005011872336272725,2116024.3490293073,Ejected,726
0.005011872336272725,2116024.3490293073,Ejected,794
0.005011872336272725,2468695.0738675254,Ejected,52
0.005011872336272725,2468695.0738675254,Ejected,84
0.005011872336272725,2468695.0738675254,Ejected,131
0.005011872336272725,2468695.0738675254,Ejected,171
0.005011872336272725,2468695.0738675254,Ejected,231
0.005011872336272725,2468695.0738675254,Ejected,269
0.005011872336272725,2468695.0738675254,Ejected,286
0.005011872336272725,2468695.0738675254,Ejected,397
0.005011872336272725,2468695.0738675254,Ejected,403
0.005011872336272725,2468695.0738675254,Ejected,417
0.005011872336272725,2468695.0738675254,Ejected,439
0.005011872336272725,2468695.0738675254,Ejected,543
0.005011872336272725,2468695.0738675254,Ejected,587
0.005011872336272725,2468695.0738675254,Ejected,530
0.005011872336272725,2468695.0738675254,Ejected,542
0.005011872336272725,2468695.0738675254,Ejected,763
0.005011872336272725,2468695.0738675254,Ejected,783
0.005011872336272725,2468695.0738675254,Ejected,766
0.005011872336272725,2821365.798705743,Ejected,90
0.005011872336272725,2821365.798705743,Ejected,151
0.005011872336272725,2821365.798705743,Ejected,412
0.005011872336272725,2821365.798705743,Ejected,266
0.005011872336272725,2821365.798705743,Ejected,472
0.005011872336272725,2821365.798705743,Ejected,413
0.005011872336272725,2821365.798705743,Ejected,459
0.005011872336272725,2821365.798705743,Ejected,792
0.005011872336272725,2821365.798705743,Ejected,669
0.005011872336272725,3174036.523543961,Ejected,18
0.005011872336272725,3174036.523543961,Ejected,26
0.005011872336272725,3174036.523543961,Ejected,55
0.005011872336272725,3174036.523543961,Ejected,256
0.005011872336272725,3174036.523543961,Ejected,241
0.005011872336272725,3174036.523543961,Ejected,253
0.005011872336272725,3174036.523543961,Ejected,352
0.005011872336272725,3174036.523543961,Ejected,477
0.005011872336272725,3174036.523543961,Ejected,493
0.005011872336272725,3174036.523543961,Ejected,563
0.005011872336272725,3174036.523543961,Ejected,498
0.005011872336272725,3174036.523543961,Ejected,796
0.005011872336272725,3174036.523543961,Ejected,745
0.005011872336272725,3174036.523543961,Ejected,742
0.005011872336272725,3526707.248382179,Ejected,45
0.005011872336272725,3526707.248382179,Ejected,172
0.005011872336272725,3526707.248382179,Ejected,182
0.005011872336272725,3526707.248382179,Ejected,615
0.005011872336272725,3526707.248382179,Ejected,490
0.005011872336272725,3526707.248382179,Ejected,724
0.005011872336272725,3526707.248382179,Ejected,670
0.005011872336272725,3879377.973220397,Ejected,441
0.005011872336272725,3879377.973220397,Ejected,447
0.005011872336272725,3879377.973220397,Ejected,616
0.005011872336272725,3879377.973220397,Ejected,418
0.005011872336272725,3879377.973220397,Ejected,672
0.005011872336272725,3879377.973220397,Ejected,741
0.005011872336272725,4232048.6980586145,Ejected,21
0.005011872336272725,4232048.6980586145,Ejected,233
0.005011872336272725,4232048.6980586145,Ejected,279
0.005011872336272725,4232048.6980586145,Ejected,368
0.005011872336272725,4232048.6980586145,Ejected,600
0.005011872336272725,4232048.6980586145,Ejected,613
0.005011872336272725,4232048.6980586145,Ejected,781
0.005011872336272725,4584719.422896832,Ejected,106
0.005011872336272725,4584719.422896832,Ejected,496
0.005011872336272725,4584719.422896832,Ejected,342
0.005011872336272725,4584719.422896832,Ejected,687
0.005011872336272725,4937390.147735051,Ejected,41
0.005011872336272725,4937390.147735051,Ejected,60
0.005011872336272725,4937390.147735051,Ejected,79
0.005011872336272725,4937390.147735051,Ejected,420
0.005011872336272725,4937390.147735051,Ejected,405
0.005011872336272725,5290060.872573269,Ejected,219
0.005011872336272725,5290060.872573269,Ejected,351
0.005011872336272725,5290060.872573269,Ejected,453
0.005011872336272725,5642731.597411486,Ejected,115
0.005011872336272725,5995402.322249704,Ejected,5
0.005011872336272725,5995402.322249704,Ejected,183
0.005011872336272725,5995402.322249704,Ejected,700
0.005011872336272725,5995402.322249704,Captured,626
0.005011872336272725,6348073.047087922,Ejected,20
0.005011872336272725,6348073.047087922,Ejected,560
0.005011872336272725,6348073.047087922,Ejected,795
0.005011872336272725,7053414.496764358,Ejected,213
0.005011872336272725,7406085.221602576,Ejected,235
0.005011872336272725,7406085.221602576,Ejected,753
0.005011872336272725,7758755.946440794,Ejected,222
0.005011872336272725,7758755.946440794,Ejected,449
0.005011872336272725,8111426.671279011,Ejected,210
0.005011872336272725,9169438.845793664,Ejected,124
0.005011872336272725,9169438.845793664,Ejected,774
0.005011872336272725,10580121.745146537,Ejected,588
0.0025118864315095794,0.0,Captured,228
0.0025118864315095794,706220.3648057432,Ejected,98
0.0025118864315095794,706220.3648057432,Ejected,128
0.0025118864315095794,706220.3648057432,Captured,393
0.0025118864315095794,706220.3648057432,Ejected,556
0.0025118864315095794,706220.3648057432,Ejected,649
0.0025118864315095794,706220.3648057432,Ejected,606
0.0025118864315095794,706220.3648057432,Ejected,634
0.0025118864315095794,706220.3648057432,Ejected,797
0.0025118864315095794,706220.3648057432,Ejected,746
0.0025118864315095794,1059330.5472086149,Ejected,25
0.0025118864315095794,1059330.5472086149,Ejected,70
0.0025118864315095794,1059330.5472086149,Ejected,31
0.0025118864315095794,1059330.5472086149,Ejected,85
0.0025118864315095794,1059330.5472086149,Ejected,185
0.0025118864315095794,1059330.5472086149,Ejected,232
0.0025118864315095794,1059330.5472086149,Ejected,225
0.0025118864315095794,1059330.5472086149,Ejected,328
0.0025118864315095794,1059330.5472086149,Ejected,361
0.0025118864315095794,1059330.5472086149,Ejected,374
0.0025118864315095794,1059330.5472086149,Ejected,409
0.0025118864315095794,1059330.5472086149,Ejected,375
0.0025118864315095794,1059330.5472086149,Ejected,428
0.0025118864315095794,1059330.5472086149,Ejected,452
0.0025118864315095794,1059330.5472086149,Ejected,435
0.0025118864315095794,1059330.5472086149,Ejected,555
0.0025118864315095794,1059330.5472086149,Ejected,615
0.0025118864315095794,1059330.5472086149,Ejected,729
0.0025118864315095794,1059330.5472086149,Ejected,646
0.0025118864315095794,1059330.5472086149,Ejected,759
0.0025118864315095794,1059330.5472086149,Ejected,786
0.0025118864315095794,1412440.7296114864,Ejected,12
0.0025118864315095794,1412440.7296114864,Ejected,32
0.0025118864315095794,1412440.7296114864,Ejected,97
0.0025118864315095794,1412440.7296114864,Ejected,144
0.0025118864315095794,1412440.7296114864,Ejected,181
0.0025118864315095794,1412440.7296114864,Ejected,147
0.0025118864315095794,1412440.7296114864,Ejected,213
0.0025118864315095794,1412440.7296114864,Ejected,163
0.0025118864315095794,1412440.7296114864,Ejected,229
0.0025118864315095794,1412440.7296114864,Ejected,282
0.0025118864315095794,1412440.7296114864,Ejected,272
0.0025118864315095794,1412440.7296114864,Ejected,370
0.0025118864315095794,1412440.7296114864,Ejected,413
0.0025118864315095794,1412440.7296114864,Ejected,335
0.0025118864315095794,1412440.7296114864,Ejected,347
0.0025118864315095794,1412440.7296114864,Ejected,529
0.0025118864315095794,1412440.7296114864,Ejected,470
0.0025118864315095794,1412440.7296114864,Ejected,617
0.0025118864315095794,1412440.7296114864,Ejected,627
0.0025118864315095794,1412440.7296114864,Ejected,660
0.0025118864315095794,1412440.7296114864,Ejected,756
0.0025118864315095794,1412440.7296114864,Ejected,772
0.0025118864315095794,1765550.912014358,Ejected,5
0.0025118864315095794,1765550.912014358,Ejected,53
0.0025118864315095794,1765550.912014358,Ejected,15
0.0025118864315095794,1765550.912014358,Ejected,82
0.0025118864315095794,1765550.912014358,Ejected,101
0.0025118864315095794,1765550.912014358,Ejected,84
0.0025118864315095794,1765550.912014358,Ejected,119
0.0025118864315095794,1765550.912014358,Ejected,200
0.0025118864315095794,1765550.912014358,Ejected,244
0.0025118864315095794,1765550.912014358,Ejected,239
0.0025118864315095794,1765550.912014358,Ejected,429
0.0025118864315095794,1765550.912014358,Ejected,505
0.0025118864315095794,1765550.912014358,Ejected,427
0.0025118864315095794,1765550.912014358,Ejected,447
0.0025118864315095794,1765550.912014358,Ejected,451
0.0025118864315095794,1765550.912014358,Ejected,496
0.0025118864315095794,1765550.912014358,Ejected,479
0.0025118864315095794,1765550.912014358,Ejected,601
0.0025118864315095794,1765550.912014358,Ejected,629
0.0025118864315095794,1765550.912014358,Ejected,583
0.0025118864315095794,1765550.912014358,Ejected,616
0.0025118864315095794,1765550.912014358,Ejected,669
0.0025118864315095794,1765550.912014358,Ejected,712
0.0025118864315095794,1765550.912014358,Ejected,776
0.0025118864315095794,2118661.0944172298,Ejected,17
0.0025118864315095794,2118661.0944172298,Ejected,126
0.0025118864315095794,2118661.0944172298,Ejected,88
0.0025118864315095794,2118661.0944172298,Ejected,173
0.0025118864315095794,2118661.0944172298,Ejected,186
0.0025118864315095794,2118661.0944172298,Ejected,194
0.0025118864315095794,2118661.0944172298,Ejected,206
0.0025118864315095794,2118661.0944172298,Ejected,236
0.0025118864315095794,2118661.0944172298,Ejected,253
0.0025118864315095794,2118661.0944172298,Ejected,281
0.0025118864315095794,2118661.0944172298,Ejected,293
0.0025118864315095794,2118661.0944172298,Ejected,301
0.0025118864315095794,2118661.0944172298,Ejected,304
0.0025118864315095794,2118661.0944172298,Ejected,338
0.0025118864315095794,2118661.0944172298,Ejected,299
0.0025118864315095794,2118661.0944172298,Ejected,353
0.0025118864315095794,2118661.0944172298,Ejected,440
0.0025118864315095794,2118661.0944172298,Ejected,430
0.0025118864315095794,2118661.0944172298,Ejected,501
0.0025118864315095794,2118661.0944172298,Ejected,459
0.0025118864315095794,2118661.0944172298,Ejected,524
0.0025118864315095794,2118661.0944172298,Ejected,544
0.0025118864315095794,2118661.0944172298,Ejected,547
0.0025118864315095794,2118661.0944172298,Ejected,631
0.0025118864315095794,2118661.0944172298,Ejected,668
0.0025118864315095794,2118661.0944172298,Ejected,704
0.0025118864315095794,2118661.0944172298,Ejected,694
0.0025118864315095794,2118661.0944172298,Ejected,702
0.0025118864315095794,2118661.0944172298,Ejected,722
0.0025118864315095794,2471771.2768201013,Ejected,13
0.0025118864315095794,2471771.2768201013,Ejected,26
0.0025118864315095794,2471771.2768201013,Ejected,38
0.0025118864315095794,2471771.2768201013,Ejected,27
0.0025118864315095794,2471771.2768201013,Ejected,39
0.0025118864315095794,2471771.2768201013,Ejected,108
0.0025118864315095794,2471771.2768201013,Ejected,169
0.0025118864315095794,2471771.2768201013,Ejected,99
0.0025118864315095794,2471771.2768201013,Ejected,264
0.0025118864315095794,2471771.2768201013,Ejected,207
0.0025118864315095794,2471771.2768201013,Ejected,310
0.0025118864315095794,2471771.2768201013,Ejected,322
0.0025118864315095794,2471771.2768201013,Ejected,336
0.0025118864315095794,2471771.2768201013,Ejected,323
0.0025118864315095794,2471771.2768201013,Ejected,376
0.0025118864315095794,2471771.2768201013,Ejected,387
0.0025118864315095794,2471771.2768201013,Ejected,455
0.0025118864315095794,2471771.2768201013,Ejected,480
0.0025118864315095794,2471771.2768201013,Ejected,487
0.0025118864315095794,2471771.2768201013,Ejected,515
0.0025118864315095794,2471771.2768201013,Ejected,531
0.0025118864315095794,2471771.2768201013,Ejected,701
0.0025118864315095794,2471771.2768201013,Ejected,745
0.0025118864315095794,2471771.2768201013,Ejected,727
0.0025118864315095794,2471771.2768201013,Ejected,610
0.0025118864315095794,2471771.2768201013,Ejected,626
0.0025118864315095794,2471771.2768201013,Ejected,730
0.0025118864315095794,2824881.459222973,Ejected,21
0.0025118864315095794,2824881.459222973,Ejected,40
0.0025118864315095794,2824881.459222973,Ejected,58
0.0025118864315095794,2824881.459222973,Ejected,150
0.0025118864315095794,2824881.459222973,Ejected,80
0.0025118864315095794,2824881.459222973,Ejected,140
0.0025118864315095794,2824881.459222973,Ejected,224
0.0025118864315095794,2824881.459222973,Ejected,199
0.0025118864315095794,2824881.459222973,Ejected,235
0.0025118864315095794,2824881.459222973,Ejected,333
0.0025118864315095794,2824881.459222973,Ejected,316
0.0025118864315095794,2824881.459222973,Ejected,377
0.0025118864315095794,2824881.459222973,Ejected,394
0.0025118864315095794,2824881.459222973,Ejected,448
0.0025118864315095794,2824881.459222973,Ejected,521
0.0025118864315095794,2824881.459222973,Ejected,476
0.0025118864315095794,2824881.459222973,Ejected,511
0.0025118864315095794,2824881.459222973,Ejected,597
0.0025118864315095794,2824881.459222973,Ejected,731
0.0025118864315095794,2824881.459222973,Ejected,739
0.0025118864315095794,2824881.459222973,Ejected,771
0.0025118864315095794,2824881.459222973,Ejected,752
0.0025118864315095794,2824881.459222973,Ejected,780
0.0025118864315095794,2824881.459222973,Ejected,682
0.0025118864315095794,2824881.459222973,Ejected,770
0.0025118864315095794,3177991.6416258444,Ejected,106
0.0025118864315095794,3177991.6416258444,Ejected,193
0.0025118864315095794,3177991.6416258444,Ejected,252
0.0025118864315095794,3177991.6416258444,Ejected,231
0.0025118864315095794,3177991.6416258444,Ejected,326
0.0025118864315095794,3177991.6416258444,Ejected,325
0.0025118864315095794,3177991.6416258444,Ejected,389
0.0025118864315095794,3177991.6416258444,Ejected,371
0.0025118864315095794,3177991.6416258444,Ejected,400
0.0025118864315095794,3177991.6416258444,Ejected,587
0.0025118864315095794,3177991.6416258444,Ejected,580
0.0025118864315095794,3177991.6416258444,Ejected,760
0.0025118864315095794,3177991.6416258444,Ejected,678
0.0025118864315095794,3177991.6416258444,Ejected,714
0.0025118864315095794,3177991.6416258444,Ejected,738
0.0025118864315095794,3177991.6416258444,Ejected,742
0.0025118864315095794,3531101.824028716,Ejected,18
0.0025118864315095794,3531101.824028716,Ejected,86
0.0025118864315095794,3531101.824028716,Ejected,92
0.0025118864315095794,3531101.824028716,Ejected,214
0.0025118864315095794,3531101.824028716,Ejected,135
0.0025118864315095794,3531101.824028716,Ejected,208
0.0025118864315095794,3531101.824028716,Ejected,302
0.0025118864315095794,3531101.824028716,Ejected,321
0.0025118864315095794,3531101.824028716,Ejected,329
0.0025118864315095794,3531101.824028716,Ejected,352
0.0025118864315095794,3531101.824028716,Ejected,355
0.0025118864315095794,3531101.824028716,Ejected,372
0.0025118864315095794,3531101.824028716,Ejected,414
0.0025118864315095794,3531101.824028716,Ejected,422
0.0025118864315095794,3531101.824028716,Ejected,541
0.0025118864315095794,3531101.824028716,Ejected,495
0.0025118864315095794,3531101.824028716,Ejected,624
0.0025118864315095794,3531101.824028716,Ejected,728
0.0025118864315095794,3531101.824028716,Ejected,761
0.0025118864315095794,3531101.824028716,Ejected,594
0.0025118864315095794,3531101.824028716,Ejected,796
0.0025118864315095794,3884212.0064315875,Ejected,22
0.0025118864315095794,3884212.0064315875,Ejected,54
0.0025118864315095794,3884212.0064315875,Ejected,73
0.0025118864315095794,3884212.0064315875,Ejected,308
0.0025118864315095794,3884212.0064315875,Ejected,397
0.0025118864315095794,3884212.0064315875,Ejected,359
0.0025118864315095794,3884212.0064315875,Ejected,445
0.0025118864315095794,3884212.0064315875,Ejected,434
0.0025118864315095794,3884212.0064315875,Ejected,692
0.0025118864315095794,3884212.0064315875,Ejected,582
0.0025118864315095794,3884212.0064315875,Ejected,795
0.0025118864315095794,4237322.1888344595,Ejected,103
0.0025118864315095794,4237322.1888344595,Ejected,226
0.0025118864315095794,4237322.1888344595,Ejected,127
0.0025118864315095794,4237322.1888344595,Ejected,234
0.0025118864315095794,4237322.1888344595,Ejected,258
0.0025118864315095794,4237322.1888344595,Ejected,179
0.0025118864315095794,4237322.1888344595,Ejected,203
0.0025118864315095794,4237322.1888344595,Ejected,342
0.0025118864315095794,4237322.1888344595,Ejected,295
0.0025118864315095794,4237322.1888344595,Ejected,360
0.0025118864315095794,4237322.1888344595,Ejected,339
0.0025118864315095794,4237322.1888344595,Ejected,416
0.0025118864315095794,4237322.1888344595,Ejected,588
0.0025118864315095794,4237322.1888344595,Ejected,717
0.0025118864315095794,4237322.1888344595,Ejected,784
0.0025118864315095794,4590432.371237331,Ejected,138
0.0025118864315095794,4590432.371237331,Ejected,164
0.0025118864315095794,4590432.371237331,Ejected,249
0.0025118864315095794,4590432.371237331,Ejected,277
0.0025118864315095794,4590432.371237331,Ejected,354
0.0025118864315095794,4590432.371237331,Ejected,287
0.0025118864315095794,4590432.371237331,Ejected,341
0.0025118864315095794,4590432.371237331,Ejected,581
0.0025118864315095794,4590432.371237331,Ejected,530
0.0025118864315095794,4590432.371237331,Ejected,690
0.0025118864315095794,4943542.553640203,Ejected,9
0.0025118864315095794,4943542.553640203,Ejected,136
0.0025118864315095794,4943542.553640203,Ejected,111
0.0025118864315095794,4943542.553640203,Ejected,195
0.0025118864315095794,4943542.553640203,Ejected,449
0.0025118864315095794,4943542.553640203,Ejected,444
0.0025118864315095794,4943542.553640203,Ejected,431
0.0025118864315095794,4943542.553640203,Ejected,439
0.0025118864315095794,4943542.553640203,Ejected,528
0.0025118864315095794,4943542.553640203,Ejected,551
0.0025118864315095794,4943542.553640203,Ejected,558
0.0025118864315095794,4943542.553640203,Ejected,698
0.0025118864315095794,4943542.553640203,Ejected,710
0.0025118864315095794,5296652.736043074,Ejected,117
0.0025118864315095794,5296652.736043074,Ejected,415
0.0025118864315095794,5296652.736043074,Ejected,577
0.0025118864315095794,5649762.918445946,Ejected,16
0.0025118864315095794,5649762.918445946,Ejected,62
0.0025118864315095794,5649762.918445946,Ejected,66
0.0025118864315095794,5649762.918445946,Ejected,134
0.0025118864315095794,5649762.918445946,Ejected,116
0.0025118864315095794,5649762.918445946,Ejected,247
0.0025118864315095794,5649762.918445946,Ejected,284
0.0025118864315095794,5649762.918445946,Ejected,373
0.0025118864315095794,5649762.918445946,Ejected,417
0.0025118864315095794,5649762.918445946,Ejected,543
0.0025118864315095794,5649762.918445946,Ejected,693
0.0025118864315095794,5649762.918445946,Ejected,775
0.0025118864315095794,6002873.100848817,Ejected,142
0.0025118864315095794,6002873.100848817,Ejected,296
0.0025118864315095794,6002873.100848817,Ejected,368
0.0025118864315095794,6002873.100848817,Ejected,550
0.0025118864315095794,6002873.100848817,Ejected,648
0.0025118864315095794,6355983.283251689,Ejected,612
0.0025118864315095794,6709093.46565456,Ejected,266
0.0025118864315095794,6709093.46565456,Ejected,378
0.0025118864315095794,6709093.46565456,Ejected,344
0.0025118864315095794,6709093.46565456,Ejected,390
0.0025118864315095794,6709093.46565456,Ejected,315
0.0025118864315095794,6709093.46565456,Ejected,560
0.0025118864315095794,7062203.648057432,Ejected,350
0.0025118864315095794,7062203.648057432,Ejected,721
0.0025118864315095794,7062203.648057432,Ejected,751
0.0025118864315095794,7768424.012863175,Ejected,77
0.0025118864315095794,7768424.012863175,Ejected,95
0.0025118864315095794,7768424.012863175,Ejected,461
0.0025118864315095794,7768424.012863175,Ejected,525
0.0025118864315095794,7768424.012863175,Ejected,549
0.0025118864315095794,8121534.195266047,Ejected,41
0.0025118864315095794,8121534.195266047,Ejected,141
0.0025118864315095794,8121534.195266047,Ejected,651
0.0025118864315095794,8121534.195266047,Ejected,691
0.0025118864315095794,8474644.377668919,Ejected,121
0.0025118864315095794,8474644.377668919,Ejected,130
0.0025118864315095794,8827754.56007179,Ejected,473
0.0025118864315095794,9180864.742474662,Ejected,36
0.0025118864315095794,9180864.742474662,Ejected,644
0.0025118864315095794,9533974.924877534,Ejected,349
0.0025118864315095794,9533974.924877534,Ejected,536
0.0025118864315095794,9887085.107280405,Ejected,221
0.0025118864315095794,9887085.107280405,Ejected,656
0.0025118864315095794,10240195.289683277,Ejected,312
0.0025118864315095794,10593305.472086148,Ejected,146
0.0025118864315095794,10593305.472086148,Ejected,230
0.0025118864315095794,10946415.65448902,Ejected,358
0.0025118864315095794,10946415.65448902,Ejected,267
0.0025118864315095794,10946415.65448902,Ejected,392
0.0025118864315095794,11299525.836891891,Ejected,171
0.0025118864315095794,11652636.019294763,Ejected,256
0.0025118864315095794,11652636.019294763,Ejected,607
0.0025118864315095794,11652636.019294763,Ejected,663
0.0025118864315095794,12005746.201697635,Ejected,632
0.0025118864315095794,12358856.384100506,Ejected,42
0.0025118864315095794,13065076.74890625,Ejected,436
0.0012589254117941675,1059993.1554848482,Ejected,705
0.0012589254117941675,1413324.2073131308,Ejected,12
0.0012589254117941675,1413324.2073131308,Ejected,790
0.0012589254117941675,1766655.2591414135,Ejected,411
0.0012589254117941675,2119986.3109696964,Ejected,412
0.0012589254117941675,2119986.3109696964,Ejected,370
0.0012589254117941675,2119986.3109696964,Ejected,497
0.0012589254117941675,2473317.362797979,Ejected,364
0.0012589254117941675,2473317.362797979,Ejected,319
0.0012589254117941675,2473317.362797979,Ejected,466
0.0012589254117941675,2473317.362797979,Ejected,755
0.0012589254117941675,2473317.362797979,Ejected,770
0.0012589254117941675,2826648.4146262617,Ejected,92
0.0012589254117941675,2826648.4146262617,Ejected,115
0.0012589254117941675,2826648.4146262617,Ejected,123
0.0012589254117941675,2826648.4146262617,Ejected,139
0.0012589254117941675,2826648.4146262617,Ejected,349
0.0012589254117941675,3179979.4664545446,Ejected,58
0.0012589254117941675,3179979.4664545446,Ejected,561
0.0012589254117941675,3179979.4664545446,Ejected,546
0.0012589254117941675,3179979.4664545446,Ejected,731
0.0012589254117941675,3533310.518282827,Ejected,131
0.0012589254117941675,3533310.518282827,Ejected,192
0.0012589254117941675,3533310.518282827,Ejected,262
0.0012589254117941675,3533310.518282827,Ejected,326
0.0012589254117941675,3533310.518282827,Ejected,459
0.0012589254117941675,3533310.518282827,Ejected,723
0.0012589254117941675,3886641.57011111,Ejected,63
0.0012589254117941675,3886641.57011111,Ejected,107
0.0012589254117941675,3886641.57011111,Ejected,106
0.0012589254117941675,3886641.57011111,Ejected,224
0.0012589254117941675,3886641.57011111,Ejected,316
0.0012589254117941675,3886641.57011111,Ejected,361
0.0012589254117941675,3886641.57011111,Ejected,454
0.0012589254117941675,3886641.57011111,Ejected,623
0.0012589254117941675,3886641.57011111,Ejected,736
0.0012589254117941675,4239972.621939393,Ejected,8
0.0012589254117941675,4239972.621939393,Ejected,30
0.0012589254117941675,4239972.621939393,Ejected,96
0.0012589254117941675,4239972.621939393,Ejected,100
0.0012589254117941675,4239972.621939393,Ejected,98
0.0012589254117941675,4239972.621939393,Ejected,380
0.0012589254117941675,4239972.621939393,Ejected,677
0.0012589254117941675,4239972.621939393,Ejected,795
0.0012589254117941675,4593303.673767676,Ejected,23
0.0012589254117941675,4593303.673767676,Ejected,129
0.0012589254117941675,4593303.673767676,Ejected,421
0.0012589254117941675,4593303.673767676,Ejected,367
0.0012589254117941675,4593303.673767676,Ejected,470
0.0012589254117941675,4593303.673767676,Ejected,490
0.0012589254117941675,4593303.673767676,Ejected,531
0.0012589254117941675,4593303.673767676,Ejected,555
0.0012589254117941675,4593303.673767676,Ejected,619
0.0012589254117941675,4946634.725595958,Ejected,304
0.0012589254117941675,4946634.725595958,Ejected,366
0.0012589254117941675,4946634.725595958,Ejected,456
0.0012589254117941675,4946634.725595958,Ejected,512
0.0012589254117941675,4946634.725595958,Ejected,560
0.0012589254117941675,4946634.725595958,Ejected,510
0.0012589254117941675,4946634.725595958,Ejected,693
0.0012589254117941675,4946634.725595958,Ejected,714
0.0012589254117941675,5299965.7774242405,Ejected,108
0.0012589254117941675,5299965.7774242405,Ejected,141
0.0012589254117941675,5299965.7774242405,Ejected,187
0.0012589254117941675,5299965.7774242405,Ejected,299
0.0012589254117941675,5299965.7774242405,Ejected,741
0.0012589254117941675,5299965.7774242405,Ejected,759
0.0012589254117941675,5653296.829252523,Ejected,110
0.0012589254117941675,5653296.829252523,Ejected,389
0.0012589254117941675,5653296.829252523,Ejected,451
0.0012589254117941675,5653296.829252523,Ejected,594
0.0012589254117941675,5653296.829252523,Ejected,716
0.0012589254117941675,6006627.881080806,Ejected,38
0.0012589254117941675,6006627.881080806,Ejected,271
0.0012589254117941675,6006627.881080806,Ejected,374
0.0012589254117941675,6006627.881080806,Ejected,601
0.0012589254117941675,6006627.881080806,Ejected,642
0.0012589254117941675,6006627.881080806,Ejected,663
0.0012589254117941675,6006627.881080806,Ejected,750
0.0012589254117941675,6359958.932909089,Ejected,32
0.0012589254117941675,6359958.932909089,Ejected,117
0.0012589254117941675,6359958.932909089,Ejected,188
0.0012589254117941675,6359958.932909089,Ejected,196
0.0012589254117941675,6359958.932909089,Ejected,475
0.0012589254117941675,6359958.932909089,Ejected,622
0.0012589254117941675,6359958.932909089,Ejected,675
0.0012589254117941675,6713289.984737371,Ejected,9
0.0012589254117941675,6713289.984737371,Ejected,330
0.0012589254117941675,6713289.984737371,Ejected,295
0.0012589254117941675,6713289.984737371,Ejected,574
0.0012589254117941675,7066621.036565654,Ejected,44
0.0012589254117941675,7066621.036565654,Ejected,22
0.0012589254117941675,7066621.036565654,Ejected,116
0.0012589254117941675,7066621.036565654,Ejected,246
0.0012589254117941675,7066621.036565654,Ejected,369
0.0012589254117941675,7066621.036565654,Ejected,306
0.0012589254117941675,7066621.036565654,Ejected,740
0.0012589254117941675,7419952.088393937,Ejected,13
0.0012589254117941675,7419952.088393937,Ejected,85
0.0012589254117941675,7419952.088393937,Ejected,148
0.0012589254117941675,7419952.088393937,Ejected,296
0.0012589254117941675,7419952.088393937,Ejected,358
0.0012589254117941675,7419952.088393937,Ejected,484
0.0012589254117941675,7419952.088393937,Ejected,526
0.0012589254117941675,7419952.088393937,Ejected,538
0.0012589254117941675,7419952.088393937,Ejected,668
0.0012589254117941675,7419952.088393937,Ejected,711
0.0012589254117941675,7419952.088393937,Ejected,747
0.0012589254117941675,7773283.14022222,Ejected,75
0.0012589254117941675,7773283.14022222,Ejected,660
0.0012589254117941675,7773283.14022222,Ejected,784
0.0012589254117941675,8126614.192050503,Ejected,6
0.0012589254117941675,8126614.192050503,Ejected,272
0.0012589254117941675,8126614.192050503,Ejected,331
0.0012589254117941675,8126614.192050503,Ejected,469
0.0012589254117941675,8126614.192050503,Ejected,462
0.0012589254117941675,8126614.192050503,Ejected,599
0.0012589254117941675,8126614.192050503,Ejected,712
0.0012589254117941675,8126614.192050503,Ejected,752
0.0012589254117941675,8479945.243878786,Ejected,136
0.0012589254117941675,8479945.243878786,Ejected,130
0.0012589254117941675,8479945.243878786,Ejected,176
0.0012589254117941675,8479945.243878786,Ejected,186
0.0012589254117941675,8479945.243878786,Ejected,195
0.0012589254117941675,8479945.243878786,Ejected,373
0.0012589254117941675,8479945.243878786,Ejected,414
0.0012589254117941675,8833276.295707067,Ejected,285
0.0012589254117941675,8833276.295707067,Ejected,266
0.0012589254117941675,8833276.295707067,Ejected,478
0.0012589254117941675,8833276.295707067,Ejected,534
0.0012589254117941675,8833276.295707067,Ejected,681
0.0012589254117941675,8833276.295707067,Ejected,799
0.0012589254117941675,9186607.347535351,Ejected,77
0.0012589254117941675,9186607.347535351,Ejected,161
0.0012589254117941675,9186607.347535351,Ejected,172
0.0012589254117941675,9186607.347535351,Ejected,305
0.0012589254117941675,9186607.347535351,Ejected,250
0.0012589254117941675,9186607.347535351,Ejected,520
0.0012589254117941675,9539938.399363633,Ejected,90
0.0012589254117941675,9539938.399363633,Ejected,625
0.0012589254117941675,9539938.399363633,Ejected,530
0.0012589254117941675,9893269.451191915,Ejected,273
0.0012589254117941675,9893269.451191915,Ejected,397
0.0012589254117941675,9893269.451191915,Ejected,643
0.0012589254117941675,9893269.451191915,Ejected,762
0.0012589254117941675,10246600.503020199,Ejected,465
0.0012589254117941675,10246600.503020199,Ejected,559
0.0012589254117941675,10246600.503020199,Ejected,785
0.0012589254117941675,10246600.503020199,Ejected,766
0.0012589254117941675,10246600.503020199,Ejected,751
0.0012589254117941675,10599931.554848481,Ejected,150
0.0012589254117941675,10599931.554848481,Ejected,177
0.0012589254117941675,10599931.554848481,Ejected,461
0.0012589254117941675,10599931.554848481,Ejected,507
0.0012589254117941675,10599931.554848481,Ejected,765
0.0012589254117941675,10953262.606676765,Ejected,84
0.0012589254117941675,10953262.606676765,Ejected,126
0.0012589254117941675,10953262.606676765,Ejected,631
0.0012589254117941675,10953262.606676765,Ejected,791
0.0012589254117941675,11306593.658505047,Ejected,226
0.0012589254117941675,11306593.658505047,Ejected,219
0.0012589254117941675,11306593.658505047,Ejected,621
0.0012589254117941675,11659924.710333329,Ejected,89
0.0012589254117941675,11659924.710333329,Ejected,182
0.0012589254117941675,11659924.710333329,Ejected,288
0.0012589254117941675,11659924.710333329,Ejected,274
0.0012589254117941675,11659924.710333329,Ejected,476
0.0012589254117941675,11659924.710333329,Ejected,533
0.0012589254117941675,11659924.710333329,Ejected,494
0.0012589254117941675,12013255.762161613,Ejected,725
0.0012589254117941675,12013255.762161613,Ejected,696
0.0012589254117941675,12013255.762161613,Ejected,639
0.0012589254117941675,12013255.762161613,Ejected,754
0.0012589254117941675,12013255.762161613,Ejected,778
0.0012589254117941675,12013255.762161613,Ejected,786
0.0012589254117941675,12366586.813989894,Ejected,181
0.0012589254117941675,12366586.813989894,Ejected,388
0.0012589254117941675,12366586.813989894,Ejected,733
0.0012589254117941675,12719917.865818178,Ejected,472
0.0012589254117941675,12719917.865818178,Ejected,500
0.0012589254117941675,12719917.865818178,Ejected,455
0.0012589254117941675,12719917.865818178,Ejected,758
0.0012589254117941675,13073248.91764646,Ejected,365
0.0012589254117941675,13426579.969474742,Ejected,49
0.0012589254117941675,13426579.969474742,Ejected,160
0.0012589254117941675,13426579.969474742,Ejected,223
0.0012589254117941675,13426579.969474742,Ejected,558
0.0012589254117941675,13426579.969474742,Ejected,756
0.0012589254117941675,13779911.021303026,Ejected,517
0.0012589254117941675,13779911.021303026,Ejected,764
0.0012589254117941675,13779911.021303026,Ejected,780
0.0012589254117941675,14133242.073131308,Ejected,514
0.0012589254117941675,14486573.124959592,Ejected,381
0.0012589254117941675,14486573.124959592,Ejected,689
0.0012589254117941675,14486573.124959592,Ejected,700
0.0012589254117941675,14839904.176787874,Ejected,170
0.0012589254117941675,14839904.176787874,Ejected,401
0.0012589254117941675,15193235.228616156,Ejected,201
0.0012589254117941675,15193235.228616156,Ejected,257
0.0012589254117941675,15193235.228616156,Ejected,491
0.0012589254117941675,15546566.28044444,Ejected,439
0.0012589254117941675,15546566.28044444,Ejected,602
0.0012589254117941675,16253228.384101005,Ejected,37
0.0012589254117941675,16253228.384101005,Ejected,87
0.0012589254117941675,16253228.384101005,Ejected,416
0.0012589254117941675,16253228.384101005,Ejected,586
0.0012589254117941675,16606559.435929287,Ejected,11
0.0012589254117941675,16606559.435929287,Ejected,293
0.0012589254117941675,16606559.435929287,Ejected,442
0.0012589254117941675,16959890.48775757,Ejected,617
0.0012589254117941675,17313221.53958585,Ejected,344
0.0012589254117941675,17313221.53958585,Ejected,529
0.0012589254117941675,17313221.53958585,Ejected,577
0.0012589254117941675,17313221.53958585,Ejected,527
0.0012589254117941675,17313221.53958585,Ejected,567
0.0012589254117941675,17313221.53958585,Ejected,638
0.0012589254117941675,17313221.53958585,Ejected,769
0.0012589254117941675,17313221.53958585,Ejected,771
0.0012589254117941675,18019883.64324242,Ejected,5
0.0012589254117941675,18019883.64324242,Ejected,216
0.0012589254117941675,18726545.746898983,Ejected,312
0.0012589254117941675,19433207.85055555,Ejected,231
0.0012589254117941675,19786538.90238383,Ejected,146
0.0012589254117941675,20139869.954212114,Ejected,241
0.0012589254117941675,20139869.954212114,Ejected,287
0.0012589254117941675,21199863.109696962,Ejected,502
0.0012589254117941675,21906525.21335353,Ejected,125
0.0012589254117941675,22259856.26518181,Ejected,230
0.0012589254117941675,22613187.317010093,Ejected,626
0.0012589254117941675,23319849.420666657,Ejected,483
0.0012589254117941675,23319849.420666657,Ejected,499
0.0012589254117941675,23673180.47249494,Ejected,612
0.0012589254117941675,24379842.57615151,Ejected,222
0.0012589254117941675,24379842.57615151,Ejected,629
0.0012589254117941675,24733173.62797979,Ejected,157
0.000630957344480193,0.0,Captured,0
0.000630957344480193,4241302.857520303,Ejected,336
0.000630957344480193,4594744.762313661,Ejected,79
0.000630957344480193,5301628.571900378,Ejected,60
0.000630957344480193,5301628.571900378,Ejected,227
0.000630957344480193,5301628.571900378,Ejected,449
0.000630957344480193,5655070.476693736,Ejected,444
0.000630957344480193,6008512.381487095,Ejected,250
0.000630957344480193,6008512.381487095,Ejected,514
0.000630957344480193,6361954.286280453,Ejected,337
0.000630957344480193,6361954.286280453,Ejected,396
0.000630957344480193,6715396.191073812,Ejected,747
0.000630957344480193,7775721.905453888,Ejected,249
0.000630957344480193,7775721.905453888,Ejected,769
0.000630957344480193,8129163.810247246,Ejected,183
0.000630957344480193,8129163.810247246,Ejected,253
0.000630957344480193,8129163.810247246,Ejected,765
0.000630957344480193,8482605.715040606,Ejected,730
0.000630957344480193,9189489.524627322,Ejected,374
0.000630957344480193,9189489.524627322,Ejected,472
0.000630957344480193,9189489.524627322,Ejected,641
0.000630957344480193,9542931.42942068,Ejected,568
0.000630957344480193,9896373.33421404,Ejected,87
0.000630957344480193,9896373.33421404,Ejected,400
0.000630957344480193,9896373.33421404,Ejected,412
0.000630957344480193,9896373.33421404,Ejected,425
0.000630957344480193,9896373.33421404,Ejected,633
0.000630957344480193,10249815.239007397,Ejected,789
0.000630957344480193,10956699.048594113,Ejected,9
0.000630957344480193,10956699.048594113,Ejected,613
0.000630957344480193,11310140.953387473,Ejected,131
0.000630957344480193,11310140.953387473,Ejected,571
0.000630957344480193,11663582.858180832,Ejected,308
0.000630957344480193,11663582.858180832,Ejected,334
0.000630957344480193,11663582.858180832,Ejected,411
0.000630957344480193,11663582.858180832,Ejected,681
0.000630957344480193,12017024.76297419,Ejected,379
0.000630957344480193,12017024.76297419,Ejected,616
0.000630957344480193,12017024.76297419,Ejected,583
0.000630957344480193,12370466.667767549,Ejected,287
0.000630957344480193,12370466.667767549,Ejected,560
0.000630957344480193,12723908.572560906,Ejected,446
0.000630957344480193,13430792.382147623,Ejected,261
0.000630957344480193,13430792.382147623,Ejected,623
0.000630957344480193,13784234.286940983,Ejected,515
0.000630957344480193,14137676.19173434,Ejected,12
0.000630957344480193,14137676.19173434,Ejected,531
0.000630957344480193,14137676.19173434,Ejected,670
0.000630957344480193,14491118.0965277,Ejected,698
0.000630957344480193,14844560.001321059,Ejected,266
0.000630957344480193,15198001.906114416,Ejected,680
0.000630957344480193,15551443.810907776,Ejected,58
0.000630957344480193,15551443.810907776,Ejected,305
0.000630957344480193,15551443.810907776,Ejected,272
0.000630957344480193,15551443.810907776,Ejected,532
0.000630957344480193,15904885.715701133,Ejected,237
0.000630957344480193,16258327.620494492,Ejected,186
0.000630957344480193,16258327.620494492,Ejected,231
0.000630957344480193,16258327.620494492,Ejected,466
0.000630957344480193,16611769.52528785,Ejected,380
0.000630957344480193,16611769.52528785,Ejected,303
0.000630957344480193,16965211.43008121,Ejected,134
0.000630957344480193,17318653.334874567,Ejected,793
0.000630957344480193,17672095.239667926,Ejected,81
0.000630957344480193,17672095.239667926,Ejected,139
0.000630957344480193,17672095.239667926,Ejected,393
0.000630957344480193,18378979.049254645,Ejected,504
0.000630957344480193,18378979.049254645,Ejected,556
0.000630957344480193,18378979.049254645,Ejected,773
0.000630957344480193,19085862.85884136,Ejected,397
0.000630957344480193,19085862.85884136,Ejected,685
0.000630957344480193,19439304.76363472,Ejected,604
0.000630957344480193,20146188.573221438,Ejected,424
0.000630957344480193,20499630.478014793,Ejected,11
0.000630957344480193,20853072.382808153,Ejected,4
0.000630957344480193,20853072.382808153,Ejected,329
0.000630957344480193,21206514.287601512,Ejected,142
0.000630957344480193,21559956.19239487,Ejected,718
0.000630957344480193,21913398.097188227,Ejected,162
0.000630957344480193,21913398.097188227,Ejected,398
0.000630957344480193,21913398.097188227,Ejected,496
0.000630957344480193,21913398.097188227,Ejected,485
0.000630957344480193,22620281.906774946,Ejected,206
0.000630957344480193,22620281.906774946,Ejected,409
0.000630957344480193,22620281.906774946,Ejected,595
0.000630957344480193,22973723.811568305,Ejected,491
0.000630957344480193,22973723.811568305,Ejected,771
0.000630957344480193,23327165.716361664,Ejected,103
0.000630957344480193,23327165.716361664,Ejected,625
0.000630957344480193,23327165.716361664,Ejected,754
0.000630957344480193,24034049.52594838,Ejected,214
0.000630957344480193,24740933.335535098,Ejected,559
0.000630957344480193,25094375.240328453,Ejected,406
0.000630957344480193,25094375.240328453,Ejected,541
0.000630957344480193,25094375.240328453,Ejected,589
0.000630957344480193,25447817.145121813,Ejected,182
0.000630957344480193,26154700.95470853,Ejected,293
0.000630957344480193,26154700.95470853,Ejected,239
0.000630957344480193,26508142.85950189,Ejected,335
0.000630957344480193,26861584.764295246,Ejected,310
0.000630957344480193,26861584.764295246,Ejected,652
0.000630957344480193,27215026.669088606,Ejected,389
0.000630957344480193,27568468.573881965,Ejected,128
0.000630957344480193,27921910.478675324,Ejected,340
0.000630957344480193,27921910.478675324,Ejected,762
0.000630957344480193,28275352.38346868,Ejected,85
0.000630957344480193,28275352.38346868,Ejected,228
0.000630957344480193,28275352.38346868,Ejected,234
0.000630957344480193,28628794.28826204,Ejected,453
0.000630957344480193,28628794.28826204,Ejected,708
0.000630957344480193,28982236.1930554,Ejected,368
0.000630957344480193,28982236.1930554,Ejected,668
0.000630957344480193,28982236.1930554,Ejected,706
0.000630957344480193,29335678.097848758,Ejected,750
0.000630957344480193,29689120.002642117,Ejected,467
0.000630957344480193,30396003.812228832,Ejected,565
0.000630957344480193,30749445.71702219,Ejected,243
0.000630957344480193,31456329.52660891,Ejected,348
0.000630957344480193,31809771.431402266,Ejected,77
0.000630957344480193,31809771.431402266,Ejected,208
0.000630957344480193,31809771.431402266,Ejected,384
0.000630957344480193,32163213.336195625,Ejected,254
0.000630957344480193,32163213.336195625,Ejected,645
0.000630957344480193,32163213.336195625,Ejected,651
0.000630957344480193,32516655.240988985,Ejected,115
0.000630957344480193,32516655.240988985,Ejected,752
0.000630957344480193,33223539.0505757,Ejected,647
0.000630957344480193,33930422.86016242,Ejected,376
0.000630957344480193,34283864.764955774,Ejected,338
0.000630957344480193,34637306.66974913,Ejected,215
0.000630957344480193,34637306.66974913,Ejected,316
0.000630957344480193,34637306.66974913,Ejected,399
0.000630957344480193,34637306.66974913,Ejected,791
0.000630957344480193,35344190.47933585,Ejected,24
0.000630957344480193,36404516.19371593,Ejected,210
0.000630957344480193,36404516.19371593,Ejected,410
0.000630957344480193,36757958.09850929,Ejected,614
0.000630957344480193,36757958.09850929,Ejected,798
0.000630957344480193,37464841.908096,Ejected,113
0.000630957344480193,37818283.81288936,Ejected,42
0.000630957344480193,38171725.71768272,Ejected,326
0.000630957344480193,38171725.71768272,Ejected,383
0.000630957344480193,38171725.71768272,Ejected,482
0.000630957344480193,38525167.62247608,Ejected,649
0.000630957344480193,38878609.52726944,Ejected,629
0.000630957344480193,39232051.4320628,Ejected,447
0.000630957344480193,39232051.4320628,Ejected,558
0.000630957344480193,39232051.4320628,Ejected,653
0.000630957344480193,39585493.33685616,Ejected,15
0.000630957344480193,39585493.33685616,Ejected,112
0.000630957344480193,39585493.33685616,Ejected,292
0.000630957344480193,40292377.146442875,Ejected,534
0.000630957344480193,41352702.860822946,Ejected,76
0.000630957344480193,41352702.860822946,Ejected,523
0.000630957344480193,41352702.860822946,Ejected,797
0.000630957344480193,41706144.765616305,Ejected,255
0.000630957344480193,42413028.575203024,Ejected,48
0.000630957344480193,43473354.2895831,Ejected,386
0.000630957344480193,43826796.194376454,Ejected,619
0.000630957344480193,44533680.00396317,Ejected,181
0.000630957344480193,45240563.81354989,Ejected,248
0.000630957344480193,45947447.62313661,Ejected,717
0.000630957344480193,47714657.1471034,Ejected,776
0.000630957344480193,48068099.05189676,Ejected,605
0.000630957344480193,48421540.95669012,Ejected,626
0.000630957344480193,49481866.671070196,Ejected,540
0.000630957344480193,49481866.671070196,Ejected,586
0.000630957344480193,50188750.48065691,Ejected,693
0.000630957344480193,50895634.290243626,Ejected,94
0.000630957344480193,51249076.195036985,Ejected,550
0.000630957344480193,51602518.099830344,Ejected,175
0.000630957344480193,52662843.81421042,Ejected,53
0.000630957344480193,52662843.81421042,Ejected,566
0.000630957344480193,53723169.52859049,Ejected,455
0.000630957344480193,54430053.33817721,Ejected,133
0.000630957344480193,54783495.24297057,Ejected,333
0.000630957344480193,55490379.05255729,Ejected,666
0.000630957344480193,57964472.3861108,Ejected,569
0.000630957344480193,58317914.29090416,Ejected,413
0.000630957344480193,60438565.719664305,Ejected,212
0.000630957344480193,60438565.719664305,Ejected,657
0.000630957344480193,61498891.43404438,Ejected,439
0.000630957344480193,61852333.33883774,Ejected,283
0.000630957344480193,61852333.33883774,Ejected,701
0.000630957344480193,62559217.14842446,Ejected,5
0.000630957344480193,63266100.95801117,Ejected,313
0.000630957344480193,64679868.57718461,Ejected,288
0.00031622776601683794,0.0,Captured,663
0.00031622776601683794,15200392.592389608,Ejected,398
0.00031622776601683794,19442362.618172754,Ejected,291
0.00031622776601683794,20502855.12461854,Ejected,745
0.00031622776601683794,24037830.146104496,Ejected,559
0.00031622776601683794,24391327.64825309,Ejected,395
0.00031622776601683794,25451820.15469888,Ejected,251
0.00031622776601683794,29340292.678333428,Ejected,639
0.00031622776601683794,29340292.678333428,Ejected,722
0.00031622776601683794,31461277.691225,Ejected,207
0.00031622776601683794,31461277.691225,Ejected,710
0.00031622776601683794,32521770.197670788,Ejected,447
0.00031622776601683794,32875267.699819382,Ejected,20
0.00031622776601683794,34996252.712710954,Ejected,772
0.00031622776601683794,36410242.72130534,Ejected,380
0.00031622776601683794,38177730.23204832,Ejected,271
0.00031622776601683794,39238222.738494106,Ejected,418
0.00031622776601683794,39238222.738494106,Ejected,633
0.00031622776601683794,39945217.742791295,Ejected,225
0.00031622776601683794,41359207.751385674,Ejected,388
0.00031622776601683794,41359207.751385674,Ejected,742
0.00031622776601683794,41712705.25353427,Ejected,694
0.00031622776601683794,42066202.75568287,Ejected,151
0.00031622776601683794,43126695.26212865,Ejected,242
0.00031622776601683794,44187187.76857444,Ejected,410
0.00031622776601683794,44894182.77287163,Ejected,452
0.00031622776601683794,45247680.27502023,Ejected,505
0.00031622776601683794,45954675.279317416,Ejected,401
0.00031622776601683794,45954675.279317416,Ejected,623
0.00031622776601683794,46308172.781466015,Ejected,780
0.00031622776601683794,47722162.79006039,Ejected,782
0.00031622776601683794,50196645.30510057,Ejected,653
0.00031622776601683794,50903640.30939776,Ejected,115
0.00031622776601683794,50903640.30939776,Ejected,174
0.00031622776601683794,50903640.30939776,Ejected,547
0.00031622776601683794,53378122.824437924,Ejected,660
0.00031622776601683794,53731620.32658652,Ejected,90
0.00031622776601683794,54438615.33088371,Ejected,217
0.00031622776601683794,55145610.3351809,Ejected,344
0.00031622776601683794,56206102.84162669,Ejected,307
0.00031622776601683794,56913097.84592388,Ejected,164
0.00031622776601683794,57620092.85022107,Ejected,729
0.00031622776601683794,57973590.352369666,Ejected,392
0.00031622776601683794,58327087.854518265,Ejected,9
0.00031622776601683794,58327087.854518265,Ejected,148
0.00031622776601683794,59034082.858815454,Ejected,92
0.00031622776601683794,59034082.858815454,Ejected,220
0.00031622776601683794,59387580.360964045,Ejected,34
0.00031622776601683794,59741077.86311264,Ejected,630
0.00031622776601683794,60801570.36955843,Ejected,462
0.00031622776601683794,61155067.87170702,Ejected,337
0.00031622776601683794,61155067.87170702,Ejected,466
0.00031622776601683794,61508565.37385562,Ejected,783
0.00031622776601683794,63983047.88889579,Ejected,678
0.00031622776601683794,63983047.88889579,Ejected,692
0.00031622776601683794,65043540.395341575,Ejected,2
0.00031622776601683794,65750535.399638765,Ejected,326
0.00031622776601683794,66104032.90178736,Ejected,771
0.00031622776601683794,66811027.90608455,Ejected,350
0.00031622776601683794,66811027.90608455,Ejected,571
0.00031622776601683794,67518022.91038175,Ejected,706
0.00031622776601683794,67871520.41253033,Ejected,696
0.00031622776601683794,69992505.42542191,Ejected,515
0.00031622776601683794,70346002.9275705,Captured,41
0.00031622776601683794,70699500.4297191,Ejected,521
0.00031622776601683794,71052997.9318677,Ejected,361
0.00031622776601683794,71406495.4340163,Ejected,787
0.00031622776601683794,71759992.93616489,Ejected,167
0.00031622776601683794,74587972.95335366,Ejected,72
0.00031622776601683794,74941470.45550226,Ejected,346
0.00031622776601683794,74941470.45550226,Ejected,429
0.00031622776601683794,76001962.96194804,Ejected,71
0.00031622776601683794,76001962.96194804,Ejected,443
0.00031622776601683794,77415952.97054242,Ejected,510
0.00031622776601683794,78829942.9791368,Ejected,632
0.00031622776601683794,79890435.48558259,Ejected,545
0.00031622776601683794,79890435.48558259,Ejected,746
0.00031622776601683794,80950927.99202837,Ejected,334
0.00031622776601683794,82011420.49847417,Ejected,420
0.00031622776601683794,83071913.00491995,Ejected,4
0.00031622776601683794,83425410.50706854,Ejected,247
0.00031622776601683794,83778908.00921714,Ejected,7
0.00031622776601683794,85546395.51996012,Ejected,546
0.00031622776601683794,85546395.51996012,Ejected,644
0.00031622776601683794,85899893.02210872,Ejected,129
0.00031622776601683794,86253390.5242573,Ejected,731
0.00031622776601683794,86606888.0264059,Ejected,294
0.00031622776601683794,87313883.0307031,Ejected,284
0.00031622776601683794,88727873.03929748,Ejected,267
0.00031622776601683794,91202355.55433765,Ejected,671
0.00031622776601683794,91555853.05648623,Ejected,333
0.00031622776601683794,93676838.06937781,Ejected,523
0.00031622776601683794,94030335.57152641,Ejected,120
0.00031622776601683794,94030335.57152641,Ejected,153
0.00031622776601683794,94383833.073675,Ejected,168
0.00031622776601683794,98272305.59730956,Ejected,386
0.00031622776601683794,99332798.10375534,Ejected,486
0.00031622776601683794,99686295.60590394,Ejected,399
