0.00031622776601683794,4948965.030080337,Captured,664
0.00031622776601683794,12018915.073052248,Ejected,565
0.00031622776601683794,13079407.579498034,Ejected,31
0.00031622776601683794,17321377.60528118,Ejected,481
0.00031622776601683794,18028372.60957837,Ejected,342
0.00031622776601683794,20502855.12461854,Ejected,260
0.00031622776601683794,21916845.133212924,Ejected,44
0.00031622776601683794,22623840.137510113,Captured,239
0.00031622776601683794,24037830.146104496,Ejected,574
0.00031622776601683794,24744825.150401685,Ejected,740
0.00031622776601683794,26158815.158996068,Ejected,60
0.00031622776601683794,26158815.158996068,Ejected,79
0.00031622776601683794,26865810.16329326,Ejected,601
0.00031622776601683794,26865810.16329326,Ejected,703
0.00031622776601683794,27219307.665441856,Ejected,314
0.00031622776601683794,28279800.171887644,Ejected,241
0.00031622776601683794,28279800.171887644,Ejected,257
0.00031622776601683794,28633297.67403624,Ejected,115
0.00031622776601683794,30400785.184779216,Ejected,784
0.00031622776601683794,31814775.1933736,Ejected,344
0.00031622776601683794,32168272.695522193,Ejected,91
0.00031622776601683794,34642755.21056236,Ejected,711
0.00031622776601683794,36410242.72130534,Ejected,685
0.00031622776601683794,37824232.72989972,Ejected,245
0.00031622776601683794,38531227.73419691,Ejected,324
0.00031622776601683794,39238222.738494106,Ejected,533
0.00031622776601683794,39591720.2406427,Ejected,781
0.00031622776601683794,39591720.2406427,Ejected,394
0.00031622776601683794,39591720.2406427,Ejected,619
0.00031622776601683794,39945217.742791295,Ejected,444
0.00031622776601683794,40298715.244939886,Ejected,777
0.00031622776601683794,40652212.747088484,Ejected,572
0.00031622776601683794,42773197.75998006,Ejected,630
0.00031622776601683794,43480192.76427725,Ejected,111
0.00031622776601683794,44187187.76857444,Ejected,302
0.00031622776601683794,44540685.27072304,Ejected,214
0.00031622776601683794,44540685.27072304,Ejected,442
0.00031622776601683794,45247680.27502023,Ejected,201
0.00031622776601683794,47722162.79006039,Ejected,458
0.00031622776601683794,48429157.79435758,Ejected,216
0.00031622776601683794,49136152.79865478,Ejected,793
0.00031622776601683794,50196645.30510057,Ejected,347
0.00031622776601683794,50196645.30510057,Ejected,490
0.00031622776601683794,51964132.815843545,Ejected,50
0.00031622776601683794,53731620.32658652,Ejected,733
0.00031622776601683794,55145610.3351809,Ejected,242
0.00031622776601683794,56559600.34377529,Ejected,39
0.00031622776601683794,56559600.34377529,Ejected,135
0.00031622776601683794,56559600.34377529,Ejected,675
0.00031622776601683794,57266595.34807248,Ejected,88
0.00031622776601683794,57620092.85022107,Ejected,14
0.00031622776601683794,57620092.85022107,Ejected,354
0.00031622776601683794,58680585.356666856,Ejected,364
0.00031622776601683794,58680585.356666856,Ejected,712
0.00031622776601683794,60448072.86740983,Ejected,764
0.00031622776601683794,63983047.88889579,Ejected,278
0.00031622776601683794,66457530.40393596,Ejected,644
0.00031622776601683794,66811027.90608455,Ejected,33
0.00031622776601683794,67164525.40823315,Ejected,560
0.00031622776601683794,67164525.40823315,Ejected,624
0.00031622776601683794,68578515.41682753,Ejected,234
0.00031622776601683794,68578515.41682753,Ejected,514
0.00031622776601683794,68932012.91897613,Ejected,147
0.00031622776601683794,69639007.92327332,Ejected,87
0.00031622776601683794,70346002.9275705,Ejected,511
0.00031622776601683794,71052997.9318677,Ejected,133
0.00031622776601683794,71052997.9318677,Ejected,372
0.00031622776601683794,71052997.9318677,Ejected,440
0.00031622776601683794,71052997.9318677,Ejected,443
0.00031622776601683794,71406495.4340163,Ejected,771
0.00031622776601683794,72466987.94046208,Ejected,389
0.00031622776601683794,72466987.94046208,Ejected,231
0.00031622776601683794,73527480.44690786,Ejected,13
0.00031622776601683794,73880977.94905646,Ejected,766
0.00031622776601683794,75294967.95765084,Ejected,698
0.00031622776601683794,75648465.45979944,Ejected,568
0.00031622776601683794,76001962.96194804,Ejected,705
0.00031622776601683794,76355460.46409664,Ejected,199
0.00031622776601683794,77062455.46839382,Ejected,28
0.00031622776601683794,77415952.97054242,Ejected,686
0.00031622776601683794,78122947.97483961,Ejected,671
0.00031622776601683794,78476445.47698821,Ejected,715
0.00031622776601683794,78829942.9791368,Ejected,160
0.00031622776601683794,78829942.9791368,Ejected,616
0.00031622776601683794,79183440.4812854,Ejected,125
0.00031622776601683794,79536937.98343399,Ejected,57
0.00031622776601683794,79890435.48558259,Ejected,718
0.00031622776601683794,80243932.98773119,Ejected,4
0.00031622776601683794,81304425.49417697,Ejected,369
0.00031622776601683794,81657922.99632557,Ejected,265
0.00031622776601683794,82011420.49847417,Ejected,345
0.00031622776601683794,82364918.00062275,Ejected,704
0.00031622776601683794,82364918.00062275,Ejected,102
0.00031622776601683794,84839400.51566292,Ejected,464
0.00031622776601683794,85899893.02210872,Ejected,85
0.00031622776601683794,86253390.5242573,Ejected,493
0.00031622776601683794,86253390.5242573,Ejected,466
0.00031622776601683794,86606888.0264059,Ejected,488
0.00031622776601683794,87667380.5328517,Ejected,337
0.00031622776601683794,88374375.53714888,Ejected,576
0.00031622776601683794,91202355.55433765,Ejected,577
0.00031622776601683794,91555853.05648623,Ejected,377
0.00031622776601683794,91555853.05648623,Ejected,127
0.00031622776601683794,92262848.06078343,Ejected,674
0.00031622776601683794,95090828.07797219,Ejected,762
0.00031622776601683794,95444325.58012079,Ejected,633
0.00031622776601683794,96151320.58441798,Ejected,196
0.00031622776601683794,96504818.08656658,Ejected,122
0.00031622776601683794,96858315.58871517,Ejected,184
0.00031622776601683794,96858315.58871517,Ejected,83
0.00031622776601683794,97565310.59301236,Ejected,546
0.00031622776601683794,98979300.60160674,Ejected,467
0.00015848931924611142,13433964.314792287,Ejected,333
0.00015848931924611142,53735857.25916915,Ejected,652
0.00015848931924611142,54796433.38928433,Ejected,602
0.00015848931924611142,77422057.49840818,Ejected,211
0.00015848931924611142,89441920.30638023,Ejected,18
0.00015848931924611142,92623648.69672577,Ejected,127
0.00015848931924611142,99340630.85412191,Ejected,316
