0.01,0.0,Captured,378
0.01,0.0,Captured,85
0.01,0.0,Captured,613
0.01,44499.415948998474,Ejected,19
0.01,44499.415948998474,Ejected,79
0.01,44499.415948998474,Ejected,94
0.01,44499.415948998474,Ejected,187
0.01,44499.415948998474,Ejected,302
0.01,44499.415948998474,Ejected,287
0.01,44499.415948998474,Ejected,457
0.01,44499.415948998474,Ejected,708
0.01,44499.415948998474,Ejected,443
0.01,44499.415948998474,Ejected,579
0.01,44499.415948998474,Ejected,645
0.01,44499.415948998474,Ejected,655
0.01,55624.26993624809,Ejected,4
0.01,55624.26993624809,Ejected,44
0.01,55624.26993624809,Ejected,45
0.01,55624.26993624809,Ejected,96
0.01,55624.26993624809,Ejected,168
0.01,55624.26993624809,Ejected,176
0.01,55624.26993624809,Ejected,105
0.01,55624.26993624809,Ejected,146
0.01,55624.26993624809,Ejected,174
0.01,55624.26993624809,Ejected,232
0.01,55624.26993624809,Ejected,225
0.01,55624.26993624809,Ejected,298
0.01,55624.26993624809,Ejected,255
0.01,55624.26993624809,Ejected,348
0.01,55624.26993624809,Ejected,267
0.01,55624.26993624809,Ejected,261
0.01,55624.26993624809,Ejected,384
0.01,55624.26993624809,Ejected,408
0.01,55624.26993624809,Ejected,428
0.01,55624.26993624809,Ejected,480
0.01,55624.26993624809,Ejected,488
0.01,55624.26993624809,Ejected,405
0.01,55624.26993624809,Ejected,409
0.01,55624.26993624809,Ejected,560
0.01,55624.26993624809,Ejected,477
0.01,55624.26993624809,Ejected,447
0.01,55624.26993624809,Ejected,459
0.01,55624.26993624809,Ejected,506
0.01,55624.26993624809,Ejected,495
0.01,55624.26993624809,Ejected,603
0.01,55624.26993624809,Captured,611
0.01,55624.26993624809,Ejected,643
0.01,55624.26993624809,Ejected,646
0.01,55624.26993624809,Ejected,694
0.01,55624.26993624809,Ejected,699
0.01,55624.26993624809,Ejected,707
0.01,55624.26993624809,Ejected,747
0.01,55624.26993624809,Ejected,758
0.01,66749.12392349771,Ejected,2
0.01,66749.12392349771,Ejected,6
0.01,66749.12392349771,Ejected,13
0.01,66749.12392349771,Ejected,35
0.01,66749.12392349771,Ejected,82
0.01,66749.12392349771,Ejected,148
0.01,66749.12392349771,Ejected,152
0.01,66749.12392349771,Ejected,220
0.01,66749.12392349771,Ejected,141
0.01,66749.12392349771,Ejected,139
0.01,66749.12392349771,Ejected,274
0.01,66749.12392349771,Ejected,195
0.01,66749.12392349771,Ejected,294
0.01,66749.12392349771,Ejected,308
0.01,66749.12392349771,Ejected,346
0.01,66749.12392349771,Ejected,452
0.01,66749.12392349771,Ejected,456
0.01,66749.12392349771,Ejected,402
0.01,66749.12392349771,Ejected,414
0.01,66749.12392349771,Ejected,492
0.01,66749.12392349771,Ejected,357
0.01,66749.12392349771,Ejected,397
0.01,66749.12392349771,Ejected,568
0.01,66749.12392349771,Ejected,458
0.01,66749.12392349771,Ejected,367
0.01,66749.12392349771,Ejected,474
0.01,66749.12392349771,Ejected,498
0.01,66749.12392349771,Ejected,680
0.01,66749.12392349771,Ejected,542
0.01,66749.12392349771,Ejected,507
0.01,66749.12392349771,Ejected,582
0.01,66749.12392349771,Ejected,768
0.01,66749.12392349771,Ejected,629
0.01,66749.12392349771,Ejected,539
0.01,66749.12392349771,Ejected,667
0.01,66749.12392349771,Ejected,671
0.01,66749.12392349771,Ejected,777
0.01,66749.12392349771,Ejected,762
0.01,77873.97791074733,Ejected,54
0.01,77873.97791074733,Ejected,23
0.01,77873.97791074733,Ejected,71
0.01,77873.97791074733,Ejected,95
0.01,77873.97791074733,Ejected,192
0.01,77873.97791074733,Ejected,117
0.01,77873.97791074733,Ejected,193
0.01,77873.97791074733,Ejected,264
0.01,77873.97791074733,Ejected,276
0.01,77873.97791074733,Ejected,199
0.01,77873.97791074733,Ejected,324
0.01,77873.97791074733,Ejected,322
0.01,77873.97791074733,Ejected,207
0.01,77873.97791074733,Ejected,213
0.01,77873.97791074733,Ejected,358
0.01,77873.97791074733,Ejected,247
0.01,77873.97791074733,Ejected,386
0.01,77873.97791074733,Ejected,394
0.01,77873.97791074733,Ejected,468
0.01,77873.97791074733,Ejected,303
0.01,77873.97791074733,Ejected,508
0.01,77873.97791074733,Ejected,317
0.01,77873.97791074733,Ejected,361
0.01,77873.97791074733,Ejected,544
0.01,77873.97791074733,Ejected,552
0.01,77873.97791074733,Ejected,465
0.01,77873.97791074733,Ejected,608
0.01,77873.97791074733,Ejected,407
0.01,77873.97791074733,Ejected,415
0.01,77873.97791074733,Ejected,640
0.01,77873.97791074733,Ejected,668
0.01,77873.97791074733,Ejected,509
0.01,77873.97791074733,Ejected,431
0.01,77873.97791074733,Ejected,736
0.01,77873.97791074733,Ejected,566
0.01,77873.97791074733,Ejected,479
0.01,77873.97791074733,Ejected,515
0.01,77873.97791074733,Ejected,776
0.01,77873.97791074733,Ejected,792
0.01,77873.97791074733,Ejected,559
0.01,77873.97791074733,Ejected,571
0.01,77873.97791074733,Ejected,575
0.01,77873.97791074733,Ejected,665
0.01,77873.97791074733,Ejected,673
0.01,77873.97791074733,Ejected,690
0.01,77873.97791074733,Ejected,689
0.01,77873.97791074733,Ejected,713
0.01,77873.97791074733,Ejected,725
0.01,77873.97791074733,Ejected,729
0.01,77873.97791074733,Ejected,706
0.01,77873.97791074733,Ejected,746
0.01,77873.97791074733,Ejected,691
0.01,77873.97791074733,Ejected,798
0.01,77873.97791074733,Ejected,751
0.01,77873.97791074733,Ejected,763
0.01,77873.97791074733,Ejected,775
0.01,88998.83189799695,Ejected,14
0.01,88998.83189799695,Ejected,38
0.01,88998.83189799695,Ejected,84
0.01,88998.83189799695,Ejected,92
0.01,88998.83189799695,Ejected,162
0.01,88998.83189799695,Ejected,107
0.01,88998.83189799695,Ejected,170
0.01,88998.83189799695,Ejected,186
0.01,88998.83189799695,Ejected,190
0.01,88998.83189799695,Ejected,172
0.01,88998.83189799695,Ejected,180
0.01,88998.83189799695,Ejected,196
0.01,88998.83189799695,Ejected,246
0.01,88998.83189799695,Ejected,250
0.01,88998.83189799695,Ejected,165
0.01,88998.83189799695,Ejected,179
0.01,88998.83189799695,Ejected,296
0.01,88998.83189799695,Ejected,320
0.01,88998.83189799695,Ejected,211
0.01,88998.83189799695,Ejected,440
0.01,88998.83189799695,Ejected,454
0.01,88998.83189799695,Ejected,470
0.01,88998.83189799695,Ejected,482
0.01,88998.83189799695,Ejected,514
0.01,88998.83189799695,Ejected,427
0.01,88998.83189799695,Ejected,732
0.01,88998.83189799695,Ejected,577
0.01,88998.83189799695,Ejected,589
0.01,88998.83189799695,Ejected,503
0.01,88998.83189799695,Ejected,543
0.01,88998.83189799695,Ejected,682
0.01,88998.83189799695,Ejected,661
0.01,88998.83189799695,Ejected,681
0.01,88998.83189799695,Ejected,697
0.01,88998.83189799695,Ejected,738
0.01,88998.83189799695,Ejected,767
0.01,100123.68588524657,Ejected,42
0.01,100123.68588524657,Ejected,110
0.01,100123.68588524657,Ejected,202
0.01,100123.68588524657,Ejected,121
0.01,100123.68588524657,Ejected,169
0.01,100123.68588524657,Ejected,155
0.01,100123.68588524657,Ejected,306
0.01,100123.68588524657,Ejected,300
0.01,100123.68588524657,Ejected,328
0.01,100123.68588524657,Ejected,223
0.01,100123.68588524657,Ejected,342
0.01,100123.68588524657,Ejected,412
0.01,100123.68588524657,Ejected,416
0.01,100123.68588524657,Ejected,251
0.01,100123.68588524657,Ejected,406
0.01,100123.68588524657,Ejected,333
0.01,100123.68588524657,Ejected,369
0.01,100123.68588524657,Ejected,373
0.01,100123.68588524657,Ejected,572
0.01,100123.68588524657,Ejected,576
0.01,100123.68588524657,Ejected,592
0.01,100123.68588524657,Ejected,518
0.01,100123.68588524657,Ejected,533
0.01,100123.68588524657,Ejected,451
0.01,100123.68588524657,Ejected,565
0.01,100123.68588524657,Ejected,772
0.01,100123.68588524657,Ejected,511
0.01,100123.68588524657,Ejected,666
0.01,100123.68588524657,Ejected,531
0.01,100123.68588524657,Ejected,677
0.01,100123.68588524657,Ejected,623
0.01,100123.68588524657,Ejected,718
0.01,100123.68588524657,Ejected,730
0.01,100123.68588524657,Ejected,733
0.01,100123.68588524657,Ejected,675
0.01,100123.68588524657,Ejected,731
0.01,111248.53987249619,Ejected,20
0.01,111248.53987249619,Ejected,56
0.01,111248.53987249619,Ejected,158
0.01,111248.53987249619,Ejected,99
0.01,111248.53987249619,Ejected,136
0.01,111248.53987249619,Ejected,73
0.01,111248.53987249619,Ejected,160
0.01,111248.53987249619,Ejected,101
0.01,111248.53987249619,Ejected,278
0.01,111248.53987249619,Ejected,316
0.01,111248.53987249619,Ejected,221
0.01,111248.53987249619,Ejected,350
0.01,111248.53987249619,Ejected,372
0.01,111248.53987249619,Ejected,520
0.01,111248.53987249619,Ejected,528
0.01,111248.53987249619,Ejected,307
0.01,111248.53987249619,Ejected,311
0.01,111248.53987249619,Ejected,588
0.01,111248.53987249619,Ejected,453
0.01,111248.53987249619,Ejected,469
0.01,111248.53987249619,Ejected,644
0.01,111248.53987249619,Ejected,363
0.01,111248.53987249619,Ejected,676
0.01,111248.53987249619,Ejected,379
0.01,111248.53987249619,Ejected,383
0.01,111248.53987249619,Ejected,391
0.01,111248.53987249619,Ejected,395
0.01,111248.53987249619,Ejected,740
0.01,111248.53987249619,Ejected,570
0.01,111248.53987249619,Ejected,569
0.01,111248.53987249619,Ejected,594
0.01,111248.53987249619,Ejected,614
0.01,111248.53987249619,Ejected,626
0.01,111248.53987249619,Ejected,693
0.01,111248.53987249619,Ejected,741
0.01,122373.3938597458,Ejected,7
0.01,122373.3938597458,Ejected,32
0.01,122373.3938597458,Ejected,53
0.01,122373.3938597458,Ejected,124
0.01,122373.3938597458,Ejected,198
0.01,122373.3938597458,Ejected,109
0.01,122373.3938597458,Ejected,135
0.01,122373.3938597458,Ejected,147
0.01,122373.3938597458,Ejected,273
0.01,122373.3938597458,Ejected,275
0.01,122373.3938597458,Ejected,301
0.01,122373.3938597458,Ejected,381
0.01,122373.3938597458,Ejected,648
0.01,122373.3938597458,Ejected,487
0.01,122373.3938597458,Ejected,625
0.01,122373.3938597458,Ejected,642
0.01,122373.3938597458,Ejected,674
0.01,122373.3938597458,Ejected,551
0.01,133498.24784699542,Ejected,1
0.01,133498.24784699542,Ejected,34
0.01,133498.24784699542,Ejected,204
0.01,133498.24784699542,Ejected,208
0.01,133498.24784699542,Ejected,234
0.01,133498.24784699542,Ejected,145
0.01,133498.24784699542,Ejected,360
0.01,133498.24784699542,Ejected,400
0.01,133498.24784699542,Ejected,464
0.01,133498.24784699542,Ejected,504
0.01,133498.24784699542,Ejected,438
0.01,133498.24784699542,Ejected,387
0.01,133498.24784699542,Ejected,521
0.01,133498.24784699542,Ejected,553
0.01,133498.24784699542,Ejected,615
0.01,133498.24784699542,Ejected,619
0.01,133498.24784699542,Ejected,627
0.01,133498.24784699542,Ejected,683
0.01,144623.10183424503,Ejected,60
0.01,144623.10183424503,Ejected,114
0.01,144623.10183424503,Ejected,57
0.01,144623.10183424503,Ejected,154
0.01,144623.10183424503,Ejected,156
0.01,144623.10183424503,Ejected,188
0.01,144623.10183424503,Ejected,238
0.01,144623.10183424503,Ejected,115
0.01,144623.10183424503,Ejected,270
0.01,144623.10183424503,Ejected,392
0.01,144623.10183424503,Ejected,461
0.01,144623.10183424503,Ejected,591
0.01,144623.10183424503,Ejected,781
0.01,144623.10183424503,Ejected,743
0.01,155747.95582149466,Ejected,102
0.01,155747.95582149466,Ejected,127
0.01,155747.95582149466,Ejected,171
0.01,155747.95582149466,Ejected,209
0.01,155747.95582149466,Ejected,338
0.01,155747.95582149466,Ejected,436
0.01,155747.95582149466,Ejected,472
0.01,155747.95582149466,Ejected,329
0.01,155747.95582149466,Ejected,556
0.01,155747.95582149466,Ejected,486
0.01,155747.95582149466,Ejected,660
0.01,155747.95582149466,Ejected,641
0.01,155747.95582149466,Ejected,587
0.01,155747.95582149466,Ejected,717
0.01,166872.8098087443,Ejected,39
0.01,166872.8098087443,Ejected,177
0.01,166872.8098087443,Ejected,399
0.01,166872.8098087443,Ejected,749
0.01,166872.8098087443,Ejected,695
0.01,166872.8098087443,Ejected,779
0.01,177997.6637959939,Ejected,55
0.01,177997.6637959939,Ejected,280
0.01,177997.6637959939,Ejected,389
0.01,177997.6637959939,Ejected,441
0.01,177997.6637959939,Ejected,716
0.01,177997.6637959939,Ejected,633
0.01,177997.6637959939,Ejected,769
0.01,177997.6637959939,Ejected,727
0.01,189122.5177832435,Ejected,88
0.01,189122.5177832435,Ejected,183
0.01,189122.5177832435,Ejected,380
0.01,189122.5177832435,Ejected,374
0.01,189122.5177832435,Ejected,410
0.01,189122.5177832435,Ejected,293
0.01,189122.5177832435,Ejected,471
0.01,200247.37177049313,Ejected,11
0.01,200247.37177049313,Ejected,22
0.01,200247.37177049313,Ejected,16
0.01,200247.37177049313,Ejected,27
0.01,200247.37177049313,Ejected,106
0.01,200247.37177049313,Ejected,149
0.01,200247.37177049313,Ejected,262
0.01,200247.37177049313,Ejected,257
0.01,200247.37177049313,Ejected,404
0.01,211372.22575774277,Ejected,41
0.01,211372.22575774277,Ejected,265
0.01,211372.22575774277,Ejected,305
0.01,211372.22575774277,Ejected,401
0.01,211372.22575774277,Ejected,728
0.01,211372.22575774277,Ejected,537
0.01,211372.22575774277,Ejected,701
0.01,211372.22575774277,Ejected,754
0.01,222497.07974499237,Ejected,104
0.01,222497.07974499237,Ejected,216
0.01,222497.07974499237,Ejected,365
0.01,222497.07974499237,Ejected,517
0.01,222497.07974499237,Ejected,663
0.01,233621.93373224197,Ejected,97
0.01,233621.93373224197,Ejected,351
0.01,233621.93373224197,Ejected,609
0.01,233621.93373224197,Ejected,653
0.01,233621.93373224197,Ejected,639
0.01,244746.7877194916,Ejected,185
0.01,244746.7877194916,Ejected,377
0.01,244746.7877194916,Ejected,335
0.01,244746.7877194916,Ejected,659
0.01,244746.7877194916,Ejected,703
0.01,255871.64170674124,Ejected,49
0.01,255871.64170674124,Ejected,794
0.01,266996.49569399084,Ejected,245
0.01,266996.49569399084,Ejected,269
0.01,266996.49569399084,Ejected,325
0.01,266996.49569399084,Ejected,554
0.01,266996.49569399084,Ejected,561
0.01,266996.49569399084,Ejected,770
0.01,266996.49569399084,Ejected,719
0.01,278121.34968124045,Ejected,129
0.01,278121.34968124045,Ejected,137
0.01,278121.34968124045,Ejected,239
0.01,278121.34968124045,Ejected,606
0.01,289246.20366849005,Ejected,206
0.01,289246.20366849005,Ejected,143
0.01,289246.20366849005,Ejected,233
0.01,289246.20366849005,Ejected,450
0.01,300371.0576557397,Ejected,58
0.01,300371.0576557397,Ejected,636
0.01,311495.9116429893,Ejected,76
0.01,311495.9116429893,Ejected,161
0.01,311495.9116429893,Ejected,288
0.01,311495.9116429893,Ejected,331
0.01,311495.9116429893,Ejected,538
0.01,311495.9116429893,Ejected,759
0.01,322620.7656302389,Ejected,50
0.01,322620.7656302389,Ejected,48
0.01,322620.7656302389,Ejected,583
0.01,333745.6196174886,Ejected,157
0.01,333745.6196174886,Ejected,189
0.01,333745.6196174886,Ejected,580
0.01,344870.4736047382,Ejected,376
0.01,344870.4736047382,Ejected,662
0.01,344870.4736047382,Ejected,722
0.01,344870.4736047382,Ejected,742
0.01,344870.4736047382,Ejected,774
0.01,355995.3275919878,Ejected,113
0.01,355995.3275919878,Ejected,353
0.01,367120.1815792374,Ejected,285
0.01,378245.035566487,Ejected,98
0.01,378245.035566487,Ejected,77
0.01,378245.035566487,Ejected,598
0.01,378245.035566487,Ejected,782
0.01,400494.74354098627,Ejected,70
0.01,411619.59752823587,Ejected,362
0.01,411619.59752823587,Ejected,761
0.01,422744.45151548553,Ejected,745
0.01,433869.30550273514,Ejected,43
0.01,433869.30550273514,Ejected,375
0.01,444994.15948998474,Ejected,26
0.01,444994.15948998474,Ejected,721
0.01,489493.5754389832,Ejected,24
0.01,489493.5754389832,Ejected,304
0.01,500618.4294262328,Ejected,490
0.01,556242.6993624809,Ejected,194
0.01,556242.6993624809,Ejected,248
0.01,567367.5533497306,Captured,607
0.01,578492.4073369801,Ejected,612
0.01,589617.2613242298,Ejected,9
0.01,600742.1153114794,Ejected,167
0.01,611866.969298729,Ejected,0
0.01,622991.8232859786,Ejected,295
0.01,645241.5312604778,Ejected,28
0.01,667491.2392349772,Ejected,424
0.01,711990.6551839756,Ejected,705
0.01,834364.0490437214,Ejected,752
0.01,845488.9030309711,Ejected,739
0.01,901113.1729672191,Ejected,356
0.01,901113.1729672191,Ejected,315
0.01,934487.7349289679,Captured,418
0.01,934487.7349289679,Ejected,618
0.01,934487.7349289679,Ejected,658
0.01,978987.1508779664,Ejected,621
0.01,1156984.8146739602,Ejected,130
0.01,1257108.5005592068,Ejected,272
0.01,1279358.2085337061,Ejected,455
0.01,1312732.770495455,Ejected,785
0.01,1457355.8723297,Ejected,723
0.01,1601978.974163945,Captured,657
0.01,1690977.8060619421,Ejected,413
0.005011872336272725,0.0,Captured,71
0.005011872336272725,11152.42754551286,Captured,771
0.005011872336272725,66914.56527307717,Ejected,137
0.005011872336272725,66914.56527307717,Ejected,330
0.005011872336272725,66914.56527307717,Ejected,673
0.005011872336272725,66914.56527307717,Ejected,492
0.005011872336272725,66914.56527307717,Ejected,538
0.005011872336272725,66914.56527307717,Ejected,542
0.005011872336272725,66914.56527307717,Ejected,793
0.005011872336272725,78066.99281859002,Ejected,33
0.005011872336272725,78066.99281859002,Ejected,85
0.005011872336272725,78066.99281859002,Ejected,157
0.005011872336272725,78066.99281859002,Ejected,56
0.005011872336272725,78066.99281859002,Ejected,449
0.005011872336272725,78066.99281859002,Ejected,327
0.005011872336272725,78066.99281859002,Ejected,351
0.005011872336272725,78066.99281859002,Ejected,491
0.005011872336272725,78066.99281859002,Ejected,495
0.005011872336272725,78066.99281859002,Ejected,499
0.005011872336272725,78066.99281859002,Ejected,392
0.005011872336272725,78066.99281859002,Ejected,689
0.005011872336272725,78066.99281859002,Ejected,472
0.005011872336272725,78066.99281859002,Ejected,579
0.005011872336272725,78066.99281859002,Ejected,599
0.005011872336272725,78066.99281859002,Ejected,528
0.005011872336272725,78066.99281859002,Ejected,566
0.005011872336272725,78066.99281859002,Ejected,606
0.005011872336272725,78066.99281859002,Ejected,627
0.005011872336272725,78066.99281859002,Ejected,790
0.005011872336272725,89219.42036410289,Ejected,13
0.005011872336272725,89219.42036410289,Ejected,77
0.005011872336272725,89219.42036410289,Ejected,59
0.005011872336272725,89219.42036410289,Ejected,75
0.005011872336272725,89219.42036410289,Ejected,99
0.005011872336272725,89219.42036410289,Ejected,103
0.005011872336272725,89219.42036410289,Ejected,151
0.005011872336272725,89219.42036410289,Ejected,223
0.005011872336272725,89219.42036410289,Ejected,321
0.005011872336272725,89219.42036410289,Ejected,287
0.005011872336272725,89219.42036410289,Ejected,393
0.005011872336272725,89219.42036410289,Ejected,339
0.005011872336272725,89219.42036410289,Ejected,387
0.005011872336272725,89219.42036410289,Ejected,561
0.005011872336272725,89219.42036410289,Ejected,471
0.005011872336272725,89219.42036410289,Ejected,483
0.005011872336272725,89219.42036410289,Ejected,360
0.005011872336272725,89219.42036410289,Ejected,535
0.005011872336272725,89219.42036410289,Ejected,595
0.005011872336272725,89219.42036410289,Ejected,590
0.005011872336272725,89219.42036410289,Ejected,607
0.005011872336272725,89219.42036410289,Ejected,572
0.005011872336272725,89219.42036410289,Ejected,686
0.005011872336272725,89219.42036410289,Ejected,722
0.005011872336272725,89219.42036410289,Ejected,726
0.005011872336272725,89219.42036410289,Ejected,789
0.005011872336272725,89219.42036410289,Ejected,731
0.005011872336272725,100371.84790961575,Ejected,19
0.005011872336272725,100371.84790961575,Ejected,79
0.005011872336272725,100371.84790961575,Ejected,125
0.005011872336272725,100371.84790961575,Ejected,127
0.005011872336272725,100371.84790961575,Ejected,245
0.005011872336272725,100371.84790961575,Captured,249
0.005011872336272725,100371.84790961575,Ejected,247
0.005011872336272725,100371.84790961575,Ejected,178
0.005011872336272725,100371.84790961575,Ejected,401
0.005011872336272725,100371.84790961575,Ejected,206
0.005011872336272725,100371.84790961575,Ejected,465
0.005011872336272725,100371.84790961575,Ejected,395
0.005011872336272725,100371.84790961575,Ejected,475
0.005011872336272725,100371.84790961575,Ejected,479
0.005011872336272725,100371.84790961575,Ejected,394
0.005011872336272725,100371.84790961575,Ejected,384
0.005011872336272725,100371.84790961575,Ejected,428
0.005011872336272725,100371.84790961575,Ejected,629
0.005011872336272725,100371.84790961575,Ejected,444
0.005011872336272725,100371.84790961575,Ejected,514
0.005011872336272725,100371.84790961575,Ejected,653
0.005011872336272725,100371.84790961575,Ejected,697
0.005011872336272725,100371.84790961575,Ejected,729
0.005011872336272725,100371.84790961575,Ejected,702
0.005011872336272725,100371.84790961575,Ejected,765
0.005011872336272725,100371.84790961575,Ejected,734
0.005011872336272725,100371.84790961575,Ejected,747
0.005011872336272725,100371.84790961575,Ejected,692
0.005011872336272725,100371.84790961575,Ejected,728
0.005011872336272725,111524.2754551286,Ejected,11
0.005011872336272725,111524.2754551286,Ejected,261
0.005011872336272725,111524.2754551286,Ejected,239
0.005011872336272725,111524.2754551286,Ejected,301
0.005011872336272725,111524.2754551286,Ejected,305
0.005011872336272725,111524.2754551286,Ejected,325
0.005011872336272725,111524.2754551286,Ejected,230
0.005011872336272725,111524.2754551286,Ejected,246
0.005011872336272725,111524.2754551286,Ejected,521
0.005011872336272725,111524.2754551286,Ejected,549
0.005011872336272725,111524.2754551286,Ejected,290
0.005011872336272725,111524.2754551286,Ejected,423
0.005011872336272725,111524.2754551286,Ejected,348
0.005011872336272725,111524.2754551286,Ejected,408
0.005011872336272725,111524.2754551286,Ejected,442
0.005011872336272725,111524.2754551286,Ejected,458
0.005011872336272725,111524.2754551286,Ejected,518
0.005011872336272725,111524.2754551286,Ejected,550
0.005011872336272725,111524.2754551286,Ejected,554
0.005011872336272725,111524.2754551286,Ejected,745
0.005011872336272725,111524.2754551286,Ejected,631
0.005011872336272725,111524.2754551286,Ejected,676
0.005011872336272725,111524.2754551286,Ejected,748
0.005011872336272725,122676.70300064147,Ejected,39
0.005011872336272725,122676.70300064147,Ejected,121
0.005011872336272725,122676.70300064147,Ejected,44
0.005011872336272725,122676.70300064147,Ejected,253
0.005011872336272725,122676.70300064147,Ejected,257
0.005011872336272725,122676.70300064147,Ejected,102
0.005011872336272725,122676.70300064147,Ejected,118
0.005011872336272725,122676.70300064147,Ejected,273
0.005011872336272725,122676.70300064147,Ejected,219
0.005011872336272725,122676.70300064147,Ejected,417
0.005011872336272725,122676.70300064147,Ejected,441
0.005011872336272725,122676.70300064147,Ejected,238
0.005011872336272725,122676.70300064147,Ejected,216
0.005011872336272725,122676.70300064147,Ejected,298
0.005011872336272725,122676.70300064147,Ejected,415
0.005011872336272725,122676.70300064147,Ejected,426
0.005011872336272725,122676.70300064147,Ejected,478
0.005011872336272725,122676.70300064147,Ejected,530
0.005011872336272725,122676.70300064147,Ejected,701
0.005011872336272725,122676.70300064147,Ejected,546
0.005011872336272725,122676.70300064147,Ejected,548
0.005011872336272725,122676.70300064147,Ejected,552
0.005011872336272725,122676.70300064147,Ejected,663
0.005011872336272725,122676.70300064147,Ejected,638
0.005011872336272725,122676.70300064147,Ejected,774
0.005011872336272725,122676.70300064147,Ejected,787
0.005011872336272725,122676.70300064147,Ejected,796
0.005011872336272725,133829.13054615434,Ejected,61
0.005011872336272725,133829.13054615434,Ejected,89
0.005011872336272725,133829.13054615434,Ejected,87
0.005011872336272725,133829.13054615434,Ejected,197
0.005011872336272725,133829.13054615434,Ejected,205
0.005011872336272725,133829.13054615434,Ejected,100
0.005011872336272725,133829.13054615434,Ejected,132
0.005011872336272725,133829.13054615434,Ejected,269
0.005011872336272725,133829.13054615434,Ejected,148
0.005011872336272725,133829.13054615434,Ejected,251
0.005011872336272725,133829.13054615434,Ejected,345
0.005011872336272725,133829.13054615434,Ejected,349
0.005011872336272725,133829.13054615434,Ejected,357
0.005011872336272725,133829.13054615434,Ejected,373
0.005011872336272725,133829.13054615434,Ejected,162
0.005011872336272725,133829.13054615434,Ejected,166
0.005011872336272725,133829.13054615434,Ejected,453
0.005011872336272725,133829.13054615434,Ejected,343
0.005011872336272725,133829.13054615434,Ejected,529
0.005011872336272725,133829.13054615434,Ejected,419
0.005011872336272725,133829.13054615434,Ejected,443
0.005011872336272725,133829.13054615434,Ejected,467
0.005011872336272725,133829.13054615434,Ejected,434
0.005011872336272725,133829.13054615434,Ejected,446
0.005011872336272725,133829.13054615434,Ejected,486
0.005011872336272725,133829.13054615434,Ejected,571
0.005011872336272725,133829.13054615434,Ejected,678
0.005011872336272725,133829.13054615434,Ejected,608
0.005011872336272725,133829.13054615434,Ejected,624
0.005011872336272725,133829.13054615434,Ejected,716
0.005011872336272725,144981.5580916672,Ejected,161
0.005011872336272725,144981.5580916672,Ejected,147
0.005011872336272725,144981.5580916672,Ejected,167
0.005011872336272725,144981.5580916672,Ejected,112
0.005011872336272725,144981.5580916672,Ejected,405
0.005011872336272725,144981.5580916672,Ejected,202
0.005011872336272725,144981.5580916672,Ejected,362
0.005011872336272725,144981.5580916672,Ejected,308
0.005011872336272725,144981.5580916672,Ejected,382
0.005011872336272725,144981.5580916672,Ejected,412
0.005011872336272725,144981.5580916672,Ejected,466
0.005011872336272725,144981.5580916672,Ejected,452
0.005011872336272725,144981.5580916672,Ejected,657
0.005011872336272725,144981.5580916672,Ejected,488
0.005011872336272725,144981.5580916672,Ejected,570
0.005011872336272725,144981.5580916672,Ejected,626
0.005011872336272725,144981.5580916672,Ejected,753
0.005011872336272725,144981.5580916672,Ejected,662
0.005011872336272725,144981.5580916672,Ejected,714
0.005011872336272725,144981.5580916672,Ejected,636
0.005011872336272725,144981.5580916672,Ejected,754
0.005011872336272725,156133.98563718004,Ejected,169
0.005011872336272725,156133.98563718004,Ejected,177
0.005011872336272725,156133.98563718004,Ejected,259
0.005011872336272725,156133.98563718004,Ejected,266
0.005011872336272725,156133.98563718004,Ejected,493
0.005011872336272725,156133.98563718004,Ejected,350
0.005011872336272725,156133.98563718004,Ejected,332
0.005011872336272725,156133.98563718004,Ejected,459
0.005011872336272725,156133.98563718004,Ejected,594
0.005011872336272725,156133.98563718004,Ejected,646
0.005011872336272725,156133.98563718004,Ejected,670
0.005011872336272725,156133.98563718004,Ejected,596
0.005011872336272725,156133.98563718004,Ejected,766
0.005011872336272725,167286.41318269292,Ejected,232
0.005011872336272725,167286.41318269292,Ejected,379
0.005011872336272725,167286.41318269292,Ejected,515
0.005011872336272725,167286.41318269292,Ejected,737
0.005011872336272725,167286.41318269292,Ejected,562
0.005011872336272725,167286.41318269292,Ejected,773
0.005011872336272725,167286.41318269292,Ejected,792
0.005011872336272725,178438.84072820577,Ejected,41
0.005011872336272725,178438.84072820577,Ejected,20
0.005011872336272725,178438.84072820577,Ejected,40
0.005011872336272725,178438.84072820577,Ejected,139
0.005011872336272725,178438.84072820577,Ejected,155
0.005011872336272725,178438.84072820577,Ejected,179
0.005011872336272725,178438.84072820577,Ejected,94
0.005011872336272725,178438.84072820577,Ejected,365
0.005011872336272725,178438.84072820577,Ejected,397
0.005011872336272725,178438.84072820577,Ejected,557
0.005011872336272725,178438.84072820577,Ejected,342
0.005011872336272725,178438.84072820577,Ejected,601
0.005011872336272725,178438.84072820577,Ejected,418
0.005011872336272725,178438.84072820577,Ejected,682
0.005011872336272725,178438.84072820577,Ejected,785
0.005011872336272725,178438.84072820577,Ejected,797
0.005011872336272725,189591.26827371863,Ejected,63
0.005011872336272725,189591.26827371863,Ejected,114
0.005011872336272725,189591.26827371863,Ejected,313
0.005011872336272725,189591.26827371863,Ejected,291
0.005011872336272725,189591.26827371863,Ejected,192
0.005011872336272725,189591.26827371863,Ejected,473
0.005011872336272725,189591.26827371863,Ejected,509
0.005011872336272725,189591.26827371863,Ejected,610
0.005011872336272725,189591.26827371863,Ejected,761
0.005011872336272725,189591.26827371863,Ejected,691
0.005011872336272725,189591.26827371863,Ejected,750
0.005011872336272725,189591.26827371863,Ejected,735
0.005011872336272725,200743.6958192315,Ejected,129
0.005011872336272725,200743.6958192315,Ejected,149
0.005011872336272725,200743.6958192315,Captured,36
0.005011872336272725,200743.6958192315,Ejected,329
0.005011872336272725,200743.6958192315,Ejected,363
0.005011872336272725,200743.6958192315,Ejected,358
0.005011872336272725,200743.6958192315,Ejected,416
0.005011872336272725,200743.6958192315,Ejected,667
0.005011872336272725,211896.12336474436,Ejected,43
0.005011872336272725,211896.12336474436,Ejected,128
0.005011872336272725,211896.12336474436,Ejected,430
0.005011872336272725,211896.12336474436,Ejected,454
0.005011872336272725,211896.12336474436,Ejected,484
0.005011872336272725,223048.5509102572,Ejected,5
0.005011872336272725,223048.5509102572,Ejected,111
0.005011872336272725,223048.5509102572,Ejected,173
0.005011872336272725,223048.5509102572,Ejected,171
0.005011872336272725,223048.5509102572,Ejected,226
0.005011872336272725,223048.5509102572,Ejected,665
0.005011872336272725,223048.5509102572,Ejected,696
0.005011872336272725,234200.9784557701,Ejected,23
0.005011872336272725,234200.9784557701,Ejected,73
0.005011872336272725,234200.9784557701,Ejected,42
0.005011872336272725,234200.9784557701,Ejected,445
0.005011872336272725,234200.9784557701,Ejected,507
0.005011872336272725,234200.9784557701,Ejected,474
0.005011872336272725,234200.9784557701,Ejected,510
0.005011872336272725,234200.9784557701,Ejected,744
0.005011872336272725,245353.40600128294,Ejected,144
0.005011872336272725,245353.40600128294,Ejected,353
0.005011872336272725,245353.40600128294,Ejected,429
0.005011872336272725,245353.40600128294,Ejected,366
0.005011872336272725,245353.40600128294,Ejected,718
0.005011872336272725,256505.8335467958,Ejected,93
0.005011872336272725,256505.8335467958,Ejected,34
0.005011872336272725,256505.8335467958,Ejected,38
0.005011872336272725,256505.8335467958,Ejected,76
0.005011872336272725,256505.8335467958,Ejected,183
0.005011872336272725,256505.8335467958,Ejected,122
0.005011872336272725,256505.8335467958,Ejected,134
0.005011872336272725,256505.8335467958,Ejected,264
0.005011872336272725,256505.8335467958,Ejected,306
0.005011872336272725,256505.8335467958,Ejected,427
0.005011872336272725,256505.8335467958,Ejected,451
0.005011872336272725,256505.8335467958,Ejected,487
0.005011872336272725,256505.8335467958,Ejected,576
0.005011872336272725,267658.2610923087,Ejected,7
0.005011872336272725,267658.2610923087,Ejected,457
0.005011872336272725,267658.2610923087,Ejected,589
0.005011872336272725,267658.2610923087,Ejected,640
0.005011872336272725,278810.6886378215,Ejected,583
0.005011872336272725,289963.1161833344,Ejected,204
0.005011872336272725,289963.1161833344,Ejected,396
0.005011872336272725,301115.54372884723,Ejected,21
0.005011872336272725,301115.54372884723,Ejected,53
0.005011872336272725,301115.54372884723,Ejected,708
0.005011872336272725,301115.54372884723,Ejected,768
0.005011872336272725,312267.9712743601,Ejected,316
0.005011872336272725,312267.9712743601,Ejected,660
0.005011872336272725,323420.398819873,Ejected,49
0.005011872336272725,323420.398819873,Ejected,623
0.005011872336272725,334572.82636538584,Ejected,115
0.005011872336272725,334572.82636538584,Ejected,124
0.005011872336272725,334572.82636538584,Ejected,142
0.005011872336272725,334572.82636538584,Ejected,681
0.005011872336272725,345725.2539108987,Ejected,108
0.005011872336272725,345725.2539108987,Ejected,235
0.005011872336272725,345725.2539108987,Ejected,361
0.005011872336272725,345725.2539108987,Ejected,537
0.005011872336272725,345725.2539108987,Ejected,328
0.005011872336272725,356877.68145641155,Ejected,217
0.005011872336272725,356877.68145641155,Captured,573
0.005011872336272725,356877.68145641155,Ejected,555
0.005011872336272725,356877.68145641155,Ejected,642
0.005011872336272725,356877.68145641155,Ejected,784
0.005011872336272725,368030.1090019244,Ejected,424
0.005011872336272725,368030.1090019244,Ejected,786
0.005011872336272725,379182.53654743725,Ejected,24
0.005011872336272725,379182.53654743725,Ejected,324
0.005011872336272725,379182.53654743725,Ejected,354
0.005011872336272725,379182.53654743725,Ejected,524
0.005011872336272725,379182.53654743725,Ejected,775
0.005011872336272725,390334.9640929501,Ejected,32
0.005011872336272725,390334.9640929501,Ejected,622
0.005011872336272725,401487.391638463,Ejected,12
0.005011872336272725,401487.391638463,Ejected,320
0.005011872336272725,401487.391638463,Ejected,544
0.005011872336272725,401487.391638463,Ejected,584
0.005011872336272725,412639.81918397587,Ejected,25
0.005011872336272725,412639.81918397587,Ejected,74
0.005011872336272725,423792.2467294887,Ejected,346
0.005011872336272725,446097.1018205144,Ejected,506
0.005011872336272725,446097.1018205144,Ejected,556
0.005011872336272725,446097.1018205144,Ejected,762
0.005011872336272725,457249.5293660273,Ejected,759
0.005011872336272725,479554.38445705303,Ejected,574
0.005011872336272725,479554.38445705303,Ejected,683
0.005011872336272725,490706.8120025659,Ejected,649
0.005011872336272725,490706.8120025659,Ejected,669
0.005011872336272725,490706.8120025659,Ejected,587
0.005011872336272725,490706.8120025659,Ejected,799
0.005011872336272725,501859.23954807874,Ejected,234
0.005011872336272725,513011.6670935916,Ejected,613
0.005011872336272725,524164.09463910444,Ejected,318
0.005011872336272725,524164.09463910444,Ejected,614
0.005011872336272725,524164.09463910444,Ejected,668
0.005011872336272725,557621.377275643,Ejected,688
0.005011872336272725,568773.8048211558,Ejected,203
0.005011872336272725,568773.8048211558,Ejected,315
0.005011872336272725,568773.8048211558,Ejected,391
0.005011872336272725,579926.2323666688,Ejected,116
0.005011872336272725,613383.5150032074,Captured,104
0.005011872336272725,624535.9425487202,Ejected,83
0.005011872336272725,646840.797639746,Ejected,31
0.005011872336272725,646840.797639746,Ejected,677
0.005011872336272725,669145.6527307717,Ejected,62
0.005011872336272725,669145.6527307717,Ejected,651
0.005011872336272725,680298.0802762845,Ejected,746
0.005011872336272725,680298.0802762845,Ejected,684
0.005011872336272725,691450.5078217974,Ejected,270
0.005011872336272725,691450.5078217974,Ejected,706
0.005011872336272725,736060.2180038488,Ejected,194
0.005011872336272725,736060.2180038488,Ejected,534
0.005011872336272725,747212.6455493617,Ejected,14
0.005011872336272725,747212.6455493617,Ejected,295
0.005011872336272725,791822.3557314131,Ejected,545
0.005011872336272725,825279.6383679517,Ejected,655
0.005011872336272725,847584.4934589774,Ejected,776
0.005011872336272725,892194.2036410288,Ejected,48
0.005011872336272725,903346.6311865418,Ejected,769
0.005011872336272725,947956.3413685932,Ejected,277
0.005011872336272725,1104090.3270057733,Captured,184
0.005011872336272725,1171004.8922788503,Ejected,242
0.005011872336272725,1304834.0228250048,Ejected,751
0.005011872336272725,1505577.7186442362,Ejected,569
0.005011872336272725,1605949.566553852,Captured,489
0.005011872336272725,1784388.4072820577,Captured,580
0.005011872336272725,1795540.8348275707,Ejected,198
0.0025118864315095794,0.0,Captured,615
0.0025118864315095794,89330.5953112466,Ejected,780
0.0025118864315095794,100496.91972515242,Ejected,51
0.0025118864315095794,100496.91972515242,Ejected,29
0.0025118864315095794,100496.91972515242,Ejected,365
0.0025118864315095794,111663.24413905824,Ejected,166
0.0025118864315095794,111663.24413905824,Ejected,214
0.0025118864315095794,111663.24413905824,Ejected,363
0.0025118864315095794,111663.24413905824,Ejected,404
0.0025118864315095794,111663.24413905824,Ejected,463
0.0025118864315095794,111663.24413905824,Ejected,699
0.0025118864315095794,111663.24413905824,Ejected,764
0.0025118864315095794,111663.24413905824,Ejected,792
0.0025118864315095794,122829.56855296406,Ejected,98
0.0025118864315095794,122829.56855296406,Ejected,174
0.0025118864315095794,122829.56855296406,Ejected,311
0.0025118864315095794,122829.56855296406,Ejected,273
0.0025118864315095794,122829.56855296406,Ejected,531
0.0025118864315095794,122829.56855296406,Ejected,461
0.0025118864315095794,122829.56855296406,Ejected,446
0.0025118864315095794,122829.56855296406,Ejected,462
0.0025118864315095794,122829.56855296406,Ejected,631
0.0025118864315095794,122829.56855296406,Ejected,546
0.0025118864315095794,122829.56855296406,Ejected,641
0.0025118864315095794,133995.8929668699,Ejected,46
0.0025118864315095794,133995.8929668699,Ejected,252
0.0025118864315095794,133995.8929668699,Ejected,186
0.0025118864315095794,133995.8929668699,Ejected,325
0.0025118864315095794,133995.8929668699,Ejected,250
0.0025118864315095794,133995.8929668699,Ejected,382
0.0025118864315095794,133995.8929668699,Ejected,532
0.0025118864315095794,133995.8929668699,Ejected,607
0.0025118864315095794,133995.8929668699,Ejected,541
0.0025118864315095794,133995.8929668699,Ejected,735
0.0025118864315095794,133995.8929668699,Ejected,795
0.0025118864315095794,145162.21738077572,Ejected,10
0.0025118864315095794,145162.21738077572,Ejected,21
0.0025118864315095794,145162.21738077572,Ejected,400
0.0025118864315095794,145162.21738077572,Ejected,451
0.0025118864315095794,145162.21738077572,Ejected,691
0.0025118864315095794,145162.21738077572,Ejected,582
0.0025118864315095794,145162.21738077572,Ejected,791
0.0025118864315095794,145162.21738077572,Ejected,661
0.0025118864315095794,145162.21738077572,Ejected,737
0.0025118864315095794,156328.54179468154,Ejected,27
0.0025118864315095794,156328.54179468154,Ejected,307
0.0025118864315095794,156328.54179468154,Ejected,415
0.0025118864315095794,156328.54179468154,Ejected,524
0.0025118864315095794,156328.54179468154,Ejected,597
0.0025118864315095794,156328.54179468154,Ejected,775
0.0025118864315095794,156328.54179468154,Ejected,649
0.0025118864315095794,156328.54179468154,Ejected,700
0.0025118864315095794,167494.86620858737,Ejected,218
0.0025118864315095794,167494.86620858737,Ejected,329
0.0025118864315095794,167494.86620858737,Ejected,516
0.0025118864315095794,167494.86620858737,Ejected,430
0.0025118864315095794,167494.86620858737,Ejected,605
0.0025118864315095794,167494.86620858737,Ejected,759
0.0025118864315095794,167494.86620858737,Ejected,769
0.0025118864315095794,167494.86620858737,Ejected,674
0.0025118864315095794,178661.1906224932,Ejected,12
0.0025118864315095794,178661.1906224932,Ejected,67
0.0025118864315095794,178661.1906224932,Ejected,371
0.0025118864315095794,178661.1906224932,Ejected,392
0.0025118864315095794,178661.1906224932,Ejected,483
0.0025118864315095794,178661.1906224932,Ejected,433
0.0025118864315095794,178661.1906224932,Ejected,539
0.0025118864315095794,178661.1906224932,Ejected,591
0.0025118864315095794,178661.1906224932,Ejected,663
0.0025118864315095794,178661.1906224932,Ejected,701
0.0025118864315095794,178661.1906224932,Ejected,789
0.0025118864315095794,189827.515036399,Ejected,163
0.0025118864315095794,189827.515036399,Ejected,219
0.0025118864315095794,189827.515036399,Ejected,459
0.0025118864315095794,189827.515036399,Ejected,595
0.0025118864315095794,189827.515036399,Ejected,562
0.0025118864315095794,189827.515036399,Ejected,752
0.0025118864315095794,200993.83945030483,Ejected,32
0.0025118864315095794,200993.83945030483,Ejected,62
0.0025118864315095794,200993.83945030483,Ejected,100
0.0025118864315095794,200993.83945030483,Ejected,627
0.0025118864315095794,200993.83945030483,Ejected,665
0.0025118864315095794,200993.83945030483,Ejected,685
0.0025118864315095794,200993.83945030483,Ejected,697
0.0025118864315095794,200993.83945030483,Ejected,768
0.0025118864315095794,200993.83945030483,Ejected,690
0.0025118864315095794,200993.83945030483,Ejected,766
0.0025118864315095794,212160.16386421066,Ejected,14
0.0025118864315095794,212160.16386421066,Ejected,53
0.0025118864315095794,212160.16386421066,Ejected,151
0.0025118864315095794,212160.16386421066,Ejected,171
0.0025118864315095794,212160.16386421066,Ejected,193
0.0025118864315095794,212160.16386421066,Ejected,194
0.0025118864315095794,212160.16386421066,Ejected,348
0.0025118864315095794,212160.16386421066,Ejected,399
0.0025118864315095794,212160.16386421066,Ejected,403
0.0025118864315095794,212160.16386421066,Ejected,330
0.0025118864315095794,212160.16386421066,Ejected,406
0.0025118864315095794,212160.16386421066,Ejected,477
0.0025118864315095794,223326.48827811648,Ejected,167
0.0025118864315095794,223326.48827811648,Ejected,229
0.0025118864315095794,223326.48827811648,Ejected,364
0.0025118864315095794,223326.48827811648,Ejected,282
0.0025118864315095794,223326.48827811648,Ejected,544
0.0025118864315095794,223326.48827811648,Ejected,553
0.0025118864315095794,234492.8126920223,Ejected,0
0.0025118864315095794,234492.8126920223,Ejected,5
0.0025118864315095794,234492.8126920223,Ejected,7
0.0025118864315095794,234492.8126920223,Ejected,56
0.0025118864315095794,234492.8126920223,Ejected,74
0.0025118864315095794,234492.8126920223,Ejected,235
0.0025118864315095794,234492.8126920223,Ejected,255
0.0025118864315095794,234492.8126920223,Ejected,416
0.0025118864315095794,234492.8126920223,Ejected,468
0.0025118864315095794,234492.8126920223,Ejected,507
0.0025118864315095794,234492.8126920223,Ejected,429
0.0025118864315095794,234492.8126920223,Ejected,561
0.0025118864315095794,234492.8126920223,Ejected,530
0.0025118864315095794,245659.13710592812,Ejected,148
0.0025118864315095794,245659.13710592812,Ejected,216
0.0025118864315095794,245659.13710592812,Ejected,241
0.0025118864315095794,245659.13710592812,Ejected,548
0.0025118864315095794,245659.13710592812,Ejected,625
0.0025118864315095794,245659.13710592812,Ejected,763
0.0025118864315095794,245659.13710592812,Ejected,570
0.0025118864315095794,245659.13710592812,Ejected,578
0.0025118864315095794,245659.13710592812,Ejected,770
0.0025118864315095794,256825.46151983395,Ejected,36
0.0025118864315095794,256825.46151983395,Ejected,87
0.0025118864315095794,256825.46151983395,Ejected,291
0.0025118864315095794,256825.46151983395,Ejected,264
0.0025118864315095794,256825.46151983395,Ejected,378
0.0025118864315095794,256825.46151983395,Ejected,681
0.0025118864315095794,256825.46151983395,Ejected,698
0.0025118864315095794,267991.7859337398,Ejected,168
0.0025118864315095794,267991.7859337398,Ejected,189
0.0025118864315095794,267991.7859337398,Ejected,239
0.0025118864315095794,267991.7859337398,Ejected,390
0.0025118864315095794,267991.7859337398,Ejected,474
0.0025118864315095794,267991.7859337398,Ejected,652
0.0025118864315095794,279158.1103476456,Ejected,320
0.0025118864315095794,279158.1103476456,Ejected,375
0.0025118864315095794,279158.1103476456,Ejected,447
0.0025118864315095794,279158.1103476456,Ejected,536
0.0025118864315095794,279158.1103476456,Ejected,638
0.0025118864315095794,290324.43476155144,Ejected,3
0.0025118864315095794,290324.43476155144,Ejected,233
0.0025118864315095794,290324.43476155144,Ejected,313
0.0025118864315095794,290324.43476155144,Ejected,356
0.0025118864315095794,290324.43476155144,Ejected,334
0.0025118864315095794,290324.43476155144,Ejected,717
0.0025118864315095794,301490.75917545723,Ejected,180
0.0025118864315095794,301490.75917545723,Ejected,141
0.0025118864315095794,301490.75917545723,Ejected,153
0.0025118864315095794,301490.75917545723,Ejected,303
0.0025118864315095794,301490.75917545723,Ejected,481
0.0025118864315095794,301490.75917545723,Ejected,576
0.0025118864315095794,301490.75917545723,Ejected,754
0.0025118864315095794,312657.0835893631,Ejected,159
0.0025118864315095794,312657.0835893631,Ejected,157
0.0025118864315095794,312657.0835893631,Ejected,280
0.0025118864315095794,312657.0835893631,Ejected,249
0.0025118864315095794,312657.0835893631,Ejected,274
0.0025118864315095794,312657.0835893631,Ejected,381
0.0025118864315095794,312657.0835893631,Ejected,799
0.0025118864315095794,323823.4080032689,Ejected,651
0.0025118864315095794,334989.73241717473,Ejected,209
0.0025118864315095794,334989.73241717473,Ejected,190
0.0025118864315095794,334989.73241717473,Ejected,277
0.0025118864315095794,334989.73241717473,Ejected,289
0.0025118864315095794,334989.73241717473,Ejected,453
0.0025118864315095794,346156.0568310805,Ejected,292
0.0025118864315095794,346156.0568310805,Ejected,432
0.0025118864315095794,346156.0568310805,Ejected,552
0.0025118864315095794,346156.0568310805,Ejected,545
0.0025118864315095794,346156.0568310805,Ejected,747
0.0025118864315095794,357322.3812449864,Ejected,44
0.0025118864315095794,357322.3812449864,Ejected,227
0.0025118864315095794,357322.3812449864,Ejected,263
0.0025118864315095794,357322.3812449864,Ejected,512
0.0025118864315095794,357322.3812449864,Ejected,410
0.0025118864315095794,379655.030072798,Ejected,1
0.0025118864315095794,379655.030072798,Ejected,384
0.0025118864315095794,379655.030072798,Ejected,361
0.0025118864315095794,379655.030072798,Ejected,342
0.0025118864315095794,390821.3544867039,Ejected,19
0.0025118864315095794,390821.3544867039,Ejected,345
0.0025118864315095794,390821.3544867039,Ejected,731
0.0025118864315095794,401987.67890060967,Ejected,6
0.0025118864315095794,401987.67890060967,Ejected,772
0.0025118864315095794,413154.0033145155,Ejected,258
0.0025118864315095794,424320.3277284213,Ejected,327
0.0025118864315095794,424320.3277284213,Ejected,486
0.0025118864315095794,435486.65214232716,Ejected,57
0.0025118864315095794,435486.65214232716,Ejected,248
0.0025118864315095794,446652.97655623296,Ejected,610
0.0025118864315095794,457819.3009701388,Ejected,104
0.0025118864315095794,457819.3009701388,Ejected,288
0.0025118864315095794,457819.3009701388,Ejected,253
0.0025118864315095794,457819.3009701388,Ejected,776
0.0025118864315095794,468985.6253840446,Ejected,347
0.0025118864315095794,468985.6253840446,Ejected,777
0.0025118864315095794,491318.27421185625,Ejected,77
0.0025118864315095794,491318.27421185625,Ejected,109
0.0025118864315095794,491318.27421185625,Ejected,727
0.0025118864315095794,502484.5986257621,Ejected,287
0.0025118864315095794,513650.9230396679,Ejected,54
0.0025118864315095794,513650.9230396679,Ejected,633
0.0025118864315095794,524817.2474535737,Ejected,172
0.0025118864315095794,524817.2474535737,Ejected,427
0.0025118864315095794,524817.2474535737,Ejected,488
0.0025118864315095794,535983.5718674796,Ejected,15
0.0025118864315095794,535983.5718674796,Ejected,28
0.0025118864315095794,535983.5718674796,Ejected,176
0.0025118864315095794,535983.5718674796,Ejected,624
0.0025118864315095794,547149.8962813854,Ejected,436
0.0025118864315095794,547149.8962813854,Ejected,354
0.0025118864315095794,547149.8962813854,Ejected,510
0.0025118864315095794,569482.545109197,Ejected,456
0.0025118864315095794,569482.545109197,Ejected,710
0.0025118864315095794,569482.545109197,Ejected,758
0.0025118864315095794,580648.8695231029,Ejected,43
0.0025118864315095794,580648.8695231029,Ejected,585
0.0025118864315095794,591815.1939370087,Ejected,391
0.0025118864315095794,602981.5183509145,Ejected,224
0.0025118864315095794,602981.5183509145,Ejected,275
0.0025118864315095794,614147.8427648203,Ejected,123
0.0025118864315095794,614147.8427648203,Ejected,529
0.0025118864315095794,625314.1671787262,Ejected,66
0.0025118864315095794,636480.491592632,Ejected,333
0.0025118864315095794,636480.491592632,Ejected,242
0.0025118864315095794,636480.491592632,Ejected,575
0.0025118864315095794,636480.491592632,Ejected,659
0.0025118864315095794,636480.491592632,Ejected,709
0.0025118864315095794,681145.7892482553,Ejected,48
0.0025118864315095794,714644.7624899728,Ejected,2
0.0025118864315095794,725811.0869038786,Ejected,134
0.0025118864315095794,725811.0869038786,Ejected,736
0.0025118864315095794,725811.0869038786,Ejected,650
0.0025118864315095794,736977.4113177845,Ejected,346
0.0025118864315095794,748143.7357316902,Ejected,668
0.0025118864315095794,770476.3845595019,Ejected,38
0.0025118864315095794,770476.3845595019,Ejected,146
0.0025118864315095794,770476.3845595019,Ejected,290
0.0025118864315095794,781642.7089734077,Ejected,49
0.0025118864315095794,792809.0333873135,Ejected,136
0.0025118864315095794,803975.3578012193,Ejected,257
0.0025118864315095794,803975.3578012193,Captured,397
0.0025118864315095794,815141.6822151252,Ejected,267
0.0025118864315095794,815141.6822151252,Ejected,284
0.0025118864315095794,882139.6286985601,Ejected,560
0.0025118864315095794,893305.9531124659,Ejected,455
0.0025118864315095794,904472.2775263718,Ejected,240
0.0025118864315095794,937971.2507680892,Ejected,262
0.0025118864315095794,971470.2240098068,Ejected,201
0.0025118864315095794,971470.2240098068,Ejected,269
0.0025118864315095794,982636.5484237125,Ejected,742
0.0025118864315095794,1060800.8193210533,Ejected,135
0.0025118864315095794,1060800.8193210533,Ejected,188
0.0025118864315095794,1071967.1437349592,Ejected,145
0.0025118864315095794,1071967.1437349592,Ejected,466
0.0025118864315095794,1105466.1169766765,Ejected,137
0.0025118864315095794,1116632.4413905824,Ejected,765
0.0025118864315095794,1127798.7658044882,Ejected,527
0.0025118864315095794,1127798.7658044882,Captured,679
0.0025118864315095794,1127798.7658044882,Ejected,705
0.0025118864315095794,1161297.7390462058,Ejected,497
0.0025118864315095794,1183630.3878740175,Ejected,108
0.0025118864315095794,1306459.9564269814,Ejected,533
0.0025118864315095794,1339958.929668699,Ejected,692
0.0025118864315095794,1384624.227324322,Ejected,78
0.0025118864315095794,1395790.551738228,Ejected,31
0.0025118864315095794,1440455.8493938514,Ejected,719
0.0025118864315095794,1485121.1470494745,Ejected,394
0.0025118864315095794,1485121.1470494745,Ejected,746
0.0025118864315095794,1574451.742360721,Ejected,50
0.0025118864315095794,1998772.0700891425,Ejected,164
0.0025118864315095794,2110435.314228201,Ejected,175
0.0012589254117941675,145253.01593924867,Captured,272
0.0012589254117941675,167599.63377605614,Ejected,694
0.0012589254117941675,178772.9426944599,Ejected,492
0.0012589254117941675,189946.25161286365,Ejected,93
0.0012589254117941675,189946.25161286365,Ejected,597
0.0012589254117941675,201119.56053126737,Ejected,775
0.0012589254117941675,212292.86944967113,Ejected,22
0.0012589254117941675,212292.86944967113,Ejected,415
0.0012589254117941675,223466.17836807488,Captured,350
0.0012589254117941675,223466.17836807488,Ejected,439
0.0012589254117941675,223466.17836807488,Ejected,539
0.0012589254117941675,234639.4872864786,Ejected,231
0.0012589254117941675,234639.4872864786,Ejected,466
0.0012589254117941675,234639.4872864786,Ejected,538
0.0012589254117941675,245812.79620488235,Ejected,33
0.0012589254117941675,256986.1051232861,Ejected,166
0.0012589254117941675,256986.1051232861,Ejected,266
0.0012589254117941675,256986.1051232861,Ejected,425
0.0012589254117941675,268159.41404168983,Ejected,85
0.0012589254117941675,268159.41404168983,Ejected,92
0.0012589254117941675,268159.41404168983,Ejected,251
0.0012589254117941675,268159.41404168983,Ejected,666
0.0012589254117941675,279332.7229600936,Ejected,281
0.0012589254117941675,279332.7229600936,Ejected,513
0.0012589254117941675,279332.7229600936,Ejected,526
0.0012589254117941675,279332.7229600936,Ejected,689
0.0012589254117941675,301679.3407969011,Ejected,247
0.0012589254117941675,301679.3407969011,Ejected,406
0.0012589254117941675,301679.3407969011,Ejected,479
0.0012589254117941675,301679.3407969011,Ejected,686
0.0012589254117941675,312852.64971530484,Ejected,61
0.0012589254117941675,312852.64971530484,Ejected,320
0.0012589254117941675,312852.64971530484,Ejected,337
0.0012589254117941675,312852.64971530484,Ejected,442
0.0012589254117941675,324025.95863370853,Ejected,190
0.0012589254117941675,324025.95863370853,Ejected,301
0.0012589254117941675,324025.95863370853,Ejected,398
0.0012589254117941675,324025.95863370853,Ejected,549
0.0012589254117941675,324025.95863370853,Ejected,643
0.0012589254117941675,324025.95863370853,Ejected,655
0.0012589254117941675,335199.2675521123,Ejected,218
0.0012589254117941675,335199.2675521123,Ejected,253
0.0012589254117941675,335199.2675521123,Ejected,433
0.0012589254117941675,335199.2675521123,Ejected,394
0.0012589254117941675,335199.2675521123,Ejected,472
0.0012589254117941675,346372.57647051604,Ejected,566
0.0012589254117941675,346372.57647051604,Ejected,754
0.0012589254117941675,357545.8853889198,Ejected,52
0.0012589254117941675,357545.8853889198,Ejected,65
0.0012589254117941675,357545.8853889198,Ejected,72
0.0012589254117941675,357545.8853889198,Ejected,343
0.0012589254117941675,357545.8853889198,Ejected,445
0.0012589254117941675,357545.8853889198,Ejected,563
0.0012589254117941675,357545.8853889198,Ejected,548
0.0012589254117941675,357545.8853889198,Ejected,662
0.0012589254117941675,368719.19430732355,Ejected,59
0.0012589254117941675,368719.19430732355,Ejected,453
0.0012589254117941675,368719.19430732355,Ejected,426
0.0012589254117941675,368719.19430732355,Ejected,458
0.0012589254117941675,368719.19430732355,Ejected,598
0.0012589254117941675,368719.19430732355,Ejected,795
0.0012589254117941675,379892.5032257273,Ejected,289
0.0012589254117941675,379892.5032257273,Ejected,349
0.0012589254117941675,391065.81214413105,Ejected,7
0.0012589254117941675,391065.81214413105,Ejected,23
0.0012589254117941675,391065.81214413105,Ejected,447
0.0012589254117941675,391065.81214413105,Ejected,707
0.0012589254117941675,391065.81214413105,Ejected,780
0.0012589254117941675,402239.12106253474,Ejected,62
0.0012589254117941675,402239.12106253474,Ejected,551
0.0012589254117941675,413412.4299809385,Ejected,250
0.0012589254117941675,413412.4299809385,Ejected,359
0.0012589254117941675,413412.4299809385,Ejected,473
0.0012589254117941675,413412.4299809385,Ejected,670
0.0012589254117941675,413412.4299809385,Ejected,680
0.0012589254117941675,413412.4299809385,Ejected,774
0.0012589254117941675,424585.73889934225,Ejected,282
0.0012589254117941675,424585.73889934225,Ejected,228
0.0012589254117941675,424585.73889934225,Ejected,403
0.0012589254117941675,435759.047817746,Ejected,107
0.0012589254117941675,435759.047817746,Ejected,154
0.0012589254117941675,435759.047817746,Ejected,164
0.0012589254117941675,435759.047817746,Ejected,389
0.0012589254117941675,435759.047817746,Ejected,503
0.0012589254117941675,435759.047817746,Ejected,787
0.0012589254117941675,446932.35673614976,Ejected,45
0.0012589254117941675,446932.35673614976,Ejected,214
0.0012589254117941675,446932.35673614976,Ejected,504
0.0012589254117941675,446932.35673614976,Ejected,769
0.0012589254117941675,458105.6656545535,Ejected,56
0.0012589254117941675,458105.6656545535,Ejected,455
0.0012589254117941675,458105.6656545535,Ejected,521
0.0012589254117941675,458105.6656545535,Ejected,545
0.0012589254117941675,469278.9745729572,Ejected,76
0.0012589254117941675,469278.9745729572,Ejected,328
0.0012589254117941675,469278.9745729572,Ejected,361
0.0012589254117941675,469278.9745729572,Ejected,411
0.0012589254117941675,469278.9745729572,Ejected,645
0.0012589254117941675,469278.9745729572,Ejected,786
0.0012589254117941675,469278.9745729572,Ejected,790
0.0012589254117941675,480452.28349136095,Ejected,106
0.0012589254117941675,480452.28349136095,Ejected,108
0.0012589254117941675,480452.28349136095,Ejected,136
0.0012589254117941675,480452.28349136095,Ejected,451
0.0012589254117941675,480452.28349136095,Ejected,613
0.0012589254117941675,480452.28349136095,Ejected,719
0.0012589254117941675,491625.5924097647,Ejected,25
0.0012589254117941675,491625.5924097647,Ejected,135
0.0012589254117941675,491625.5924097647,Ejected,581
0.0012589254117941675,491625.5924097647,Ejected,685
0.0012589254117941675,502798.90132816846,Ejected,58
0.0012589254117941675,502798.90132816846,Ejected,327
0.0012589254117941675,502798.90132816846,Ejected,571
0.0012589254117941675,502798.90132816846,Ejected,753
0.0012589254117941675,513972.2102465722,Ejected,512
0.0012589254117941675,525145.519164976,Ejected,169
0.0012589254117941675,525145.519164976,Ejected,340
0.0012589254117941675,525145.519164976,Ejected,364
0.0012589254117941675,525145.519164976,Ejected,667
0.0012589254117941675,525145.519164976,Ejected,784
0.0012589254117941675,536318.8280833797,Ejected,759
0.0012589254117941675,547492.1370017835,Ejected,288
0.0012589254117941675,558665.4459201872,Ejected,185
0.0012589254117941675,558665.4459201872,Ejected,589
0.0012589254117941675,558665.4459201872,Ejected,757
0.0012589254117941675,558665.4459201872,Ejected,683
0.0012589254117941675,558665.4459201872,Ejected,750
0.0012589254117941675,569838.754838591,Ejected,373
0.0012589254117941675,569838.754838591,Ejected,547
0.0012589254117941675,569838.754838591,Ejected,664
0.0012589254117941675,581012.0637569947,Ejected,461
0.0012589254117941675,592185.3726753984,Ejected,204
0.0012589254117941675,592185.3726753984,Ejected,279
0.0012589254117941675,592185.3726753984,Ejected,705
0.0012589254117941675,603358.6815938022,Ejected,77
0.0012589254117941675,603358.6815938022,Ejected,791
0.0012589254117941675,636878.6083490134,Ejected,126
0.0012589254117941675,636878.6083490134,Ejected,404
0.0012589254117941675,648051.9172674171,Ejected,223
0.0012589254117941675,648051.9172674171,Ejected,798
0.0012589254117941675,659225.2261858209,Ejected,497
0.0012589254117941675,670398.5351042246,Ejected,584
0.0012589254117941675,692745.1529410321,Ejected,226
0.0012589254117941675,692745.1529410321,Ejected,235
0.0012589254117941675,692745.1529410321,Ejected,345
0.0012589254117941675,692745.1529410321,Ejected,582
0.0012589254117941675,703918.4618594359,Ejected,367
0.0012589254117941675,715091.7707778396,Ejected,533
0.0012589254117941675,726265.0796962433,Ejected,496
0.0012589254117941675,737438.3886146471,Ejected,488
0.0012589254117941675,748611.6975330508,Ejected,24
0.0012589254117941675,748611.6975330508,Ejected,157
0.0012589254117941675,759785.0064514546,Ejected,313
0.0012589254117941675,759785.0064514546,Ejected,506
0.0012589254117941675,770958.3153698583,Ejected,682
0.0012589254117941675,793304.9332066658,Ejected,119
0.0012589254117941675,793304.9332066658,Ejected,477
0.0012589254117941675,815651.5510434733,Ejected,193
0.0012589254117941675,815651.5510434733,Ejected,203
0.0012589254117941675,815651.5510434733,Ejected,639
0.0012589254117941675,826824.859961877,Ejected,767
0.0012589254117941675,849171.4777986845,Ejected,191
0.0012589254117941675,860344.7867170882,Ejected,601
0.0012589254117941675,871518.095635492,Ejected,142
0.0012589254117941675,871518.095635492,Ejected,698
0.0012589254117941675,905038.0223907032,Ejected,10
0.0012589254117941675,927384.6402275107,Ejected,6
0.0012589254117941675,949731.2580643182,Ejected,4
0.0012589254117941675,949731.2580643182,Ejected,564
0.0012589254117941675,960904.5669827219,Ejected,322
0.0012589254117941675,960904.5669827219,Ejected,773
0.0012589254117941675,960904.5669827219,Ejected,776
0.0012589254117941675,983251.1848195294,Ejected,709
0.0012589254117941675,994424.4937379332,Ejected,224
0.0012589254117941675,994424.4937379332,Ejected,422
0.0012589254117941675,994424.4937379332,Ejected,612
0.0012589254117941675,1016771.1115747406,Ejected,390
0.0012589254117941675,1039117.7294115481,Ejected,227
0.0012589254117941675,1039117.7294115481,Ejected,437
0.0012589254117941675,1039117.7294115481,Ejected,588
0.0012589254117941675,1050291.038329952,Ejected,175
0.0012589254117941675,1061464.3472483556,Ejected,125
0.0012589254117941675,1061464.3472483556,Ejected,96
0.0012589254117941675,1072637.6561667593,Ejected,510
0.0012589254117941675,1117330.8918403743,Ejected,385
0.0012589254117941675,1139677.509677182,Ejected,764
0.0012589254117941675,1162024.1275139893,Ejected,745
0.0012589254117941675,1184370.7453507967,Ejected,43
0.0012589254117941675,1184370.7453507967,Ejected,576
0.0012589254117941675,1195544.0542692007,Ejected,109
0.0012589254117941675,1195544.0542692007,Ejected,384
0.0012589254117941675,1206717.3631876044,Ejected,692
0.0012589254117941675,1217890.672106008,Ejected,570
0.0012589254117941675,1217890.672106008,Ejected,785
0.0012589254117941675,1240237.2899428154,Ejected,569
0.0012589254117941675,1262583.907779623,Ejected,186
0.0012589254117941675,1262583.907779623,Ejected,684
0.0012589254117941675,1273757.2166980268,Ejected,38
0.0012589254117941675,1284930.5256164304,Ejected,255
0.0012589254117941675,1296103.8345348341,Ejected,371
0.0012589254117941675,1307277.143453238,Ejected,408
0.0012589254117941675,1351970.379126853,Ejected,586
0.0012589254117941675,1351970.379126853,Captured,746
0.0012589254117941675,1407836.9237188718,Ejected,297
0.0012589254117941675,1419010.2326372755,Ejected,493
0.0012589254117941675,1452530.1593924866,Captured,550
0.0012589254117941675,1486050.0861476979,Ejected,481
0.0012589254117941675,1519570.0129029092,Ejected,498
0.0012589254117941675,1564263.2485765242,Ejected,444
0.0012589254117941675,1575436.557494928,Ejected,210
0.0012589254117941675,1597783.1753317353,Ejected,355
0.0012589254117941675,1597783.1753317353,Ejected,573
0.0012589254117941675,1608956.484250139,Ejected,274
0.0012589254117941675,1608956.484250139,Ejected,490
0.0012589254117941675,1620129.793168543,Ejected,721
0.0012589254117941675,1709516.2645157727,Ejected,523
0.0012589254117941675,1843595.9715366177,Ejected,2
0.0012589254117941675,1877115.8982918288,Ejected,695
0.0012589254117941675,1899462.5161286364,Ejected,482
0.0012589254117941675,2100582.076659904,Ejected,509
0.0012589254117941675,2391088.1085384013,Ejected,276
0.0012589254117941675,2435781.344212016,Ejected,412
0.0012589254117941675,2435781.344212016,Ejected,797
0.0012589254117941675,2491647.888804035,Ejected,678
0.0012589254117941675,2502821.1977224387,Ejected,330
0.0012589254117941675,2581034.360151265,Ejected,324
0.0012589254117941675,2603380.977988072,Ejected,155
0.00015848931924611142,2224711.3481034753,Ejected,21
0.00015848931924611142,2358864.796230318,Captured,264
0.00015848931924611142,2638351.1464945734,Ejected,319
0.00015848931924611142,2660710.0545157143,Ejected,12
0.00015848931924611142,4393525.426154099,Ejected,507
0.00015848931924611142,4885421.40261919,Ejected,528
0.00015848931924611142,4907780.3106403295,Ejected,661
0.00015848931924611142,4918959.7646509,Ejected,287
0.00015848931924611142,4930139.21866147,Ejected,794
0.00015848931924611142,4952498.12668261,Ejected,149
0.00015848931924611142,5388496.833094849,Ejected,42
0.00015848931924611142,5545009.189242832,Ejected,281
0.00015848931924611142,5690342.091380246,Ejected,653
0.00015848931924611142,6036905.165707923,Ejected,128
0.00015848931924611142,6472903.872120162,Ejected,646
0.00015848931924611142,6640595.682278715,Ejected,621
0.00015848931924611142,6662954.590299855,Ejected,593
0.00015848931924611142,6763569.676394988,Ejected,469
0.00015848931924611142,6942440.940564111,Ejected,699
0.00015848931924611142,7043056.026659243,Ejected,534
0.00015848931924611142,7076594.388690954,Ejected,545
0.00015848931924611142,7110132.750722664,Ejected,536
0.00015848931924611142,7143671.112754375,Ejected,271
0.00015848931924611142,7154850.566764945,Ejected,571
0.00015848931924611142,7177209.474786086,Ejected,198
0.00015848931924611142,7199568.382807226,Ejected,634
0.00015848931924611142,7266645.1068706475,Ejected,70
0.00015848931924611142,7300183.468902359,Ejected,214
0.00015848931924611142,7389619.10098692,Ejected,384
0.00015848931924611142,7445516.3710397715,Ejected,416
0.00015848931924611142,7445516.3710397715,Ejected,740
0.00015848931924611142,7568490.365156044,Ejected,398
0.00015848931924611142,7646746.543230035,Ejected,683
0.00015848931924611142,7747361.629325167,Ejected,402
0.00015848931924611142,7870335.62344144,Ejected,322
0.00015848931924611142,7926232.893494291,Ejected,426
0.00015848931924611142,7982130.163547142,Ejected,286
0.00015848931924611142,8004489.071568282,Ejected,471
0.00015848931924611142,8082745.249642274,Ejected,124
0.00015848931924611142,8082745.249642274,Ejected,716
0.00015848931924611142,8250437.059800828,Ejected,52
0.00015848931924611142,8295154.875843109,Ejected,121
0.00015848931924611142,8362231.59990653,Ejected,619
0.00015848931924611142,8474026.140012233,Ejected,253
0.00015848931924611142,8563461.772096794,Ejected,487
0.00015848931924611142,8585820.680117935,Ejected,107
0.00015848931924611142,8798230.30631877,Ejected,616
0.00015848931924611142,8977101.570487892,Ejected,74
0.00015848931924611142,9278946.828773288,Ejected,627
0.00015848931924611142,9413100.276900131,Ejected,203
0.00015848931924611142,9480177.000963552,Ejected,280
0.00015848931924611142,9580792.087058684,Ejected,57
0.00015848931924611142,9636689.357111536,Ejected,133
0.00015848931924611142,9659048.265132677,Ejected,41
0.00015848931924611142,9904996.25336522,Ejected,578
0.00015848931924611142,10117405.879566055,Ejected,346
0.00015848931924611142,10419251.137851452,Ejected,336
0.00015848931924611142,10933506.022337683,Ejected,759
0.00015848931924611142,11145915.648538517,Ejected,82
0.00015848931924611142,11257710.18864422,Ejected,582
0.00015848931924611142,11280069.09666536,Ejected,424
0.00015848931924611142,11380684.182760492,Ejected,32
0.00015848931924611142,11447760.906823913,Ejected,155
0.00015848931924611142,11682529.441045888,Ejected,366
0.00015848931924611142,11749606.165109308,Ejected,96
0.00015848931924611142,11760785.619119879,Ejected,411
0.00015848931924611142,11760785.619119879,Ejected,484
0.00015848931924611142,11973195.245320713,Ejected,102
0.00015848931924611142,12196784.325532118,Ejected,644
0.00015848931924611142,12465091.221785802,Ejected,682
0.00015848931924611142,12901089.928198041,Ejected,187
0.00015848931924611142,12945807.744240323,Ejected,108
0.00015848931924611142,12979346.106272034,Ejected,324
0.00015848931924611142,13012884.468303744,Ejected,348
0.00015848931924611142,13180576.278462298,Ejected,732
0.00015848931924611142,13337088.63461028,Ejected,473
0.00015848931924611142,13638933.892895678,Ejected,467
0.00015848931924611142,13761907.887011949,Ejected,284
0.00015848931924611142,13929599.697170503,Ejected,677
0.00015848931924611142,13963138.059202213,Ejected,718
0.00015848931924611142,14130829.869360767,Ejected,28
0.00015848931924611142,14209086.047434758,Ejected,413
0.00015848931924611142,14253803.86347704,Ejected,624
0.00015848931924611142,14253803.86347704,Ejected,648
0.00015848931924611142,14622725.845825857,Ejected,750
0.00015848931924611142,14656264.207857568,Ejected,666
0.00015848931924611142,14768058.74796327,Ejected,168
0.00015848931924611142,14812776.564005552,Ejected,259
0.00015848931924611142,14969288.920153534,Ejected,158
0.00015848931924611142,15025186.190206386,Ejected,499
0.00015848931924611142,15103442.368280377,Ejected,234
0.00015848931924611142,15282313.6324495,Ejected,530
0.00015848931924611142,15561799.982713757,Ejected,435
0.00015848931924611142,15640056.160787748,Ejected,72
0.00015848931924611142,15852465.786988582,Ejected,127
0.00015848931924611142,15964260.327094285,Ejected,92
0.00015848931924611142,16668565.929760208,Ejected,459
0.00015848931924611142,16970411.188045606,Ejected,235
0.00015848931924611142,17339333.17039442,Ejected,308
0.00015848931924611142,17954203.140975785,Ejected,508
0.00015848931924611142,18177792.22118719,Ejected,522
0.00015848931924611142,18658508.743641708,Ejected,494
0.00015848931924611142,18703226.55968399,Ejected,480
0.00015848931924611142,18736764.9217157,Ejected,239
0.00015848931924611142,18937995.093905963,Ejected,8
0.00015848931924611142,19251019.80620193,Ejected,314
0.00015848931924611142,19329275.984275922,Ejected,684
0.00015848931924611142,19955325.408867855,Ejected,299
0.00015848931924611142,20201273.3971004,Ejected,694
0.00015848931924611142,20301888.483195532,Ejected,95
0.00015848931924611142,20782605.00565005,Ejected,449
0.00015848931924611142,21531628.424358256,Ejected,39
0.00015848931924611142,21934088.768738784,Ejected,713
0.00015848931924611142,22235934.027024183,Ejected,50
0.00015848931924611142,22258292.93504532,Ejected,752
0.00015848931924611142,22616035.46338357,Ejected,547
0.00015848931924611142,22772547.819531552,Ejected,375
0.00015848931924611142,22917880.721668966,Ejected,642
0.00015848931924611142,23175008.16391208,Ejected,191
0.00015848931924611142,23264443.795996644,Ejected,278
0.00015848931924611142,23264443.795996644,Ejected,311
0.00015848931924611142,23432135.606155194,Ejected,296
0.00015848931924611142,24717772.817370772,Ejected,577
0.00015848931924611142,24784849.541434195,Ejected,572
0.00015848931924611142,24997259.167635027,Ejected,735
0.00015848931924611142,25321463.333941564,Ejected,349
0.00015848931924611142,25712744.224311523,Ejected,678
