0.01,0.0,Captured,90
0.005011872336272725,0.0,Captured,376
0.005011872336272725,0.0,Captured,278
0.005011872336272725,0.0,Captured,449
0.005011872336272725,0.0,Captured,412
0.01,0.0,Captured,411
0.01,0.0,Captured,523
0.0025118864315095794,0.0,Captured,693
0.0025118864315095794,0.0,Captured,560
0.000630957344480193,0.0,Captured,128
0.000630957344480193,0.0,Captured,483
0.000630957344480193,0.0,Captured,172
0.0025118864315095794,0.0,Captured,219
0.01,1990.0743804199783,Captured,564
0.005011872336272725,1995.0068884726309,Captured,433
0.005011872336272725,8977.530998126838,Captured,650
0.005011872336272725,12967.544775072101,Captured,103
0.01,16915.632233569817,Ejected,519
0.005011872336272725,15960.055107781047,Captured,781
0.01,17910.669423779804,Ejected,78
0.01,17910.669423779804,Ejected,24
0.01,17910.669423779804,Ejected,191
0.01,18905.706613989794,Ejected,245
0.01,18905.706613989794,Ejected,668
0.01,18905.706613989794,Ejected,622
0.01,18905.706613989794,Ejected,717
0.01,19900.74380419978,Ejected,80
0.01,19900.74380419978,Ejected,182
0.01,19900.74380419978,Ejected,165
0.01,19900.74380419978,Ejected,254
0.01,19900.74380419978,Ejected,422
0.01,19900.74380419978,Ejected,319
0.01,19900.74380419978,Ejected,473
0.01,19900.74380419978,Ejected,684
0.01,19900.74380419978,Ejected,698
0.01,19900.74380419978,Ejected,734
0.01,20895.78099440977,Ejected,5
0.01,20895.78099440977,Ejected,72
0.01,20895.78099440977,Ejected,188
0.01,20895.78099440977,Ejected,163
0.01,20895.78099440977,Ejected,496
0.01,20895.78099440977,Ejected,511
0.01,20895.78099440977,Ejected,595
0.01,20895.78099440977,Ejected,683
0.01,21890.818184619762,Ejected,76
0.01,21890.818184619762,Ejected,308
0.01,21890.818184619762,Ejected,482
0.01,21890.818184619762,Ejected,791
0.01,21890.818184619762,Ejected,753
0.01,22885.85537482975,Ejected,79
0.01,22885.85537482975,Ejected,133
0.01,22885.85537482975,Ejected,166
0.01,22885.85537482975,Ejected,189
0.01,22885.85537482975,Ejected,201
0.01,22885.85537482975,Ejected,389
0.01,22885.85537482975,Ejected,704
0.01,23880.89256503974,Ejected,27
0.01,23880.89256503974,Ejected,31
0.01,23880.89256503974,Ejected,102
0.01,23880.89256503974,Ejected,210
0.01,23880.89256503974,Ejected,238
0.01,23880.89256503974,Ejected,286
0.005011872336272725,22942.579217435254,Ejected,219
0.01,23880.89256503974,Ejected,464
0.01,23880.89256503974,Ejected,367
0.01,23880.89256503974,Ejected,572
0.01,23880.89256503974,Ejected,471
0.01,23880.89256503974,Ejected,481
0.01,23880.89256503974,Ejected,736
0.01,23880.89256503974,Ejected,625
0.01,23880.89256503974,Ejected,653
0.01,24875.92975524973,Ejected,9
0.01,24875.92975524973,Ejected,20
0.01,24875.92975524973,Ejected,203
0.01,24875.92975524973,Ejected,219
0.01,24875.92975524973,Ejected,249
0.01,24875.92975524973,Ejected,322
0.01,24875.92975524973,Ejected,386
0.01,24875.92975524973,Ejected,420
0.01,24875.92975524973,Ejected,479
0.01,24875.92975524973,Captured,485
0.01,24875.92975524973,Ejected,559
0.01,24875.92975524973,Ejected,643
0.01,24875.92975524973,Ejected,707
0.01,24875.92975524973,Ejected,637
0.01,24875.92975524973,Ejected,739
0.01,24875.92975524973,Ejected,685
0.01,24875.92975524973,Ejected,741
0.01,25870.966945459717,Ejected,87
0.01,25870.966945459717,Ejected,153
0.01,25870.966945459717,Ejected,352
0.01,25870.966945459717,Ejected,364
0.01,25870.966945459717,Ejected,267
0.01,25870.966945459717,Ejected,434
0.01,25870.966945459717,Ejected,506
0.005011872336272725,24937.586105907885,Ejected,407
0.005011872336272725,24937.586105907885,Captured,414
0.01,25870.966945459717,Ejected,477
0.01,25870.966945459717,Ejected,579
0.005011872336272725,24937.586105907885,Ejected,452
0.01,25870.966945459717,Ejected,760
0.01,25870.966945459717,Ejected,593
0.01,25870.966945459717,Ejected,687
0.01,25870.966945459717,Ejected,705
0.01,26866.004135669707,Ejected,292
0.01,26866.004135669707,Ejected,326
0.01,26866.004135669707,Ejected,421
0.005011872336272725,25935.089550144203,Ejected,541
0.01,26866.004135669707,Ejected,553
0.01,26866.004135669707,Ejected,671
0.01,26866.004135669707,Ejected,610
0.01,26866.004135669707,Ejected,697
0.01,26866.004135669707,Ejected,722
0.01,26866.004135669707,Ejected,770
0.01,26866.004135669707,Ejected,782
0.01,27861.041325879698,Ejected,105
0.01,27861.041325879698,Ejected,198
0.01,27861.041325879698,Ejected,143
0.01,27861.041325879698,Ejected,346
0.01,27861.041325879698,Ejected,355
0.01,27861.041325879698,Ejected,618
0.005011872336272725,26932.592994380517,Ejected,749
0.005011872336272725,26932.592994380517,Ejected,726
0.005011872336272725,26932.592994380517,Ejected,766
0.01,28856.078516089685,Ejected,1
0.01,28856.078516089685,Ejected,28
0.01,28856.078516089685,Ejected,60
0.01,28856.078516089685,Ejected,104
0.01,28856.078516089685,Ejected,111
0.005011872336272725,27930.09643861683,Ejected,2
0.01,28856.078516089685,Ejected,159
0.01,28856.078516089685,Ejected,270
0.01,28856.078516089685,Ejected,233
0.01,28856.078516089685,Ejected,277
0.005011872336272725,27930.09643861683,Ejected,163
0.01,28856.078516089685,Ejected,412
0.005011872336272725,27930.09643861683,Ejected,238
0.005011872336272725,27930.09643861683,Ejected,353
0.01,28856.078516089685,Ejected,524
0.01,28856.078516089685,Ejected,552
0.01,28856.078516089685,Ejected,487
0.01,28856.078516089685,Ejected,535
0.01,28856.078516089685,Ejected,567
0.005011872336272725,27930.09643861683,Ejected,582
0.005011872336272725,27930.09643861683,Ejected,685
0.005011872336272725,27930.09643861683,Ejected,508
0.01,28856.078516089685,Ejected,701
0.01,28856.078516089685,Ejected,709
0.01,29851.115706299675,Ejected,85
0.01,29851.115706299675,Ejected,154
0.005011872336272725,28927.59988285315,Ejected,9
0.01,29851.115706299675,Ejected,316
0.01,29851.115706299675,Ejected,328
0.01,29851.115706299675,Ejected,336
0.005011872336272725,28927.59988285315,Ejected,194
0.01,29851.115706299675,Ejected,349
0.01,29851.115706299675,Ejected,347
0.01,29851.115706299675,Ejected,568
0.01,29851.115706299675,Ejected,509
0.005011872336272725,28927.59988285315,Ejected,569
0.01,29851.115706299675,Ejected,578
0.005011872336272725,28927.59988285315,Ejected,618
0.01,29851.115706299675,Ejected,691
0.01,29851.115706299675,Ejected,747
0.0025118864315095794,23969.914030376567,Captured,643
0.005011872336272725,28927.59988285315,Ejected,660
0.01,30846.152896509662,Ejected,65
0.01,30846.152896509662,Ejected,16
0.01,30846.152896509662,Ejected,96
0.01,30846.152896509662,Ejected,117
0.01,30846.152896509662,Ejected,134
0.005011872336272725,29925.103327089462,Ejected,30
0.01,30846.152896509662,Ejected,228
0.01,30846.152896509662,Ejected,304
0.01,30846.152896509662,Ejected,424
0.005011872336272725,29925.103327089462,Ejected,394
0.01,30846.152896509662,Ejected,459
0.01,30846.152896509662,Ejected,495
0.01,30846.152896509662,Ejected,584
0.01,30846.152896509662,Ejected,648
0.01,30846.152896509662,Ejected,708
0.01,30846.152896509662,Ejected,764
0.005011872336272725,29925.103327089462,Ejected,785
0.005011872336272725,29925.103327089462,Ejected,691
0.005011872336272725,29925.103327089462,Ejected,732
0.01,31841.190086719653,Ejected,195
0.005011872336272725,30922.60677132578,Ejected,63
0.01,31841.190086719653,Ejected,272
0.005011872336272725,30922.60677132578,Ejected,108
0.005011872336272725,30922.60677132578,Ejected,127
0.01,31841.190086719653,Ejected,335
0.01,31841.190086719653,Ejected,518
0.005011872336272725,30922.60677132578,Ejected,358
0.01,31841.190086719653,Ejected,515
0.005011872336272725,30922.60677132578,Ejected,462
0.005011872336272725,30922.60677132578,Ejected,368
0.005011872336272725,30922.60677132578,Ejected,384
0.01,31841.190086719653,Ejected,696
0.01,31841.190086719653,Ejected,768
0.005011872336272725,30922.60677132578,Ejected,628
0.01,32836.22727692964,Ejected,62
0.005011872336272725,30922.60677132578,Ejected,707
0.01,32836.22727692964,Ejected,59
0.01,32836.22727692964,Ejected,88
0.01,32836.22727692964,Ejected,112
0.01,32836.22727692964,Ejected,148
0.01,32836.22727692964,Ejected,156
0.005011872336272725,31920.110215562094,Ejected,117
0.005011872336272725,31920.110215562094,Ejected,56
0.01,32836.22727692964,Ejected,318
0.01,32836.22727692964,Ejected,398
0.01,32836.22727692964,Ejected,444
0.01,32836.22727692964,Ejected,391
0.005011872336272725,31920.110215562094,Ejected,350
0.005011872336272725,31920.110215562094,Ejected,450
0.01,32836.22727692964,Ejected,780
0.005011872336272725,31920.110215562094,Ejected,593
0.01,32836.22727692964,Ejected,777
0.005011872336272725,31920.110215562094,Ejected,575
0.01,33831.264467139634,Captured,35
0.01,33831.264467139634,Ejected,107
0.01,33831.264467139634,Ejected,248
0.01,33831.264467139634,Ejected,282
0.01,33831.264467139634,Ejected,284
0.005011872336272725,32917.61365979841,Ejected,77
0.01,33831.264467139634,Ejected,302
0.01,33831.264467139634,Ejected,297
0.01,33831.264467139634,Ejected,378
0.01,33831.264467139634,Ejected,387
0.01,33831.264467139634,Ejected,399
0.01,33831.264467139634,Ejected,510
0.01,33831.264467139634,Ejected,589
0.01,33831.264467139634,Ejected,659
0.005011872336272725,32917.61365979841,Ejected,589
0.01,33831.264467139634,Ejected,755
0.005011872336272725,32917.61365979841,Ejected,519
0.005011872336272725,32917.61365979841,Ejected,572
0.005011872336272725,32917.61365979841,Ejected,789
0.005011872336272725,32917.61365979841,Ejected,782
0.005011872336272725,32917.61365979841,Captured,797
0.01,34826.30165734962,Ejected,34
0.01,34826.30165734962,Ejected,120
0.01,34826.30165734962,Ejected,168
0.005011872336272725,32917.61365979841,Ejected,759
0.01,34826.30165734962,Ejected,209
0.01,34826.30165734962,Ejected,288
0.01,34826.30165734962,Ejected,312
0.01,34826.30165734962,Ejected,360
0.01,34826.30165734962,Ejected,384
0.01,34826.30165734962,Ejected,403
0.005011872336272725,33915.117104034725,Ejected,99
0.005011872336272725,33915.117104034725,Ejected,227
0.01,34826.30165734962,Ejected,520
0.005011872336272725,33915.117104034725,Ejected,188
0.01,34826.30165734962,Ejected,620
0.005011872336272725,33915.117104034725,Ejected,343
0.01,34826.30165734962,Ejected,731
0.005011872336272725,33915.117104034725,Ejected,489
0.005011872336272725,33915.117104034725,Ejected,525
0.005011872336272725,33915.117104034725,Ejected,633
0.01,34826.30165734962,Ejected,658
0.005011872336272725,33915.117104034725,Ejected,709
0.01,34826.30165734962,Ejected,714
0.005011872336272725,33915.117104034725,Ejected,548
0.005011872336272725,33915.117104034725,Ejected,765
0.005011872336272725,33915.117104034725,Ejected,706
0.005011872336272725,33915.117104034725,Ejected,718
0.01,35821.33884755961,Ejected,95
0.01,35821.33884755961,Ejected,174
0.01,35821.33884755961,Ejected,190
0.01,35821.33884755961,Ejected,194
0.005011872336272725,33915.117104034725,Ejected,763
0.005011872336272725,34912.62054827104,Ejected,101
0.01,35821.33884755961,Ejected,351
0.01,35821.33884755961,Ejected,401
0.01,35821.33884755961,Ejected,480
0.01,35821.33884755961,Ejected,409
0.01,35821.33884755961,Ejected,445
0.01,35821.33884755961,Ejected,469
0.01,35821.33884755961,Ejected,712
0.005011872336272725,34912.62054827104,Ejected,371
0.005011872336272725,34912.62054827104,Ejected,425
0.005011872336272725,34912.62054827104,Ejected,486
0.005011872336272725,34912.62054827104,Ejected,522
0.005011872336272725,34912.62054827104,Ejected,500
0.01,36816.3760377696,Ejected,42
0.01,36816.3760377696,Ejected,36
0.005011872336272725,34912.62054827104,Ejected,659
0.01,36816.3760377696,Ejected,223
0.005011872336272725,34912.62054827104,Ejected,779
0.01,36816.3760377696,Ejected,291
0.005011872336272725,35910.12399250735,Ejected,122
0.005011872336272725,35910.12399250735,Ejected,147
0.005011872336272725,35910.12399250735,Ejected,241
0.005011872336272725,35910.12399250735,Ejected,338
0.005011872336272725,35910.12399250735,Ejected,538
0.005011872336272725,35910.12399250735,Ejected,594
0.005011872336272725,35910.12399250735,Ejected,742
0.01,37811.41322797959,Ejected,503
0.005011872336272725,36907.62743674367,Ejected,221
0.005011872336272725,36907.62743674367,Ejected,265
0.005011872336272725,36907.62743674367,Ejected,204
0.01,37811.41322797959,Ejected,585
0.005011872336272725,36907.62743674367,Ejected,294
0.005011872336272725,36907.62743674367,Ejected,318
0.01,37811.41322797959,Ejected,666
0.005011872336272725,36907.62743674367,Ejected,497
0.01,38806.450418189575,Ejected,91
0.01,38806.450418189575,Ejected,161
0.01,38806.450418189575,Ejected,275
0.005011872336272725,36907.62743674367,Ejected,727
0.01,38806.450418189575,Ejected,343
0.01,38806.450418189575,Ejected,432
0.01,38806.450418189575,Ejected,423
0.01,38806.450418189575,Ejected,449
0.01,38806.450418189575,Ejected,461
0.01,38806.450418189575,Ejected,719
0.01,38806.450418189575,Ejected,598
0.005011872336272725,37905.13088097999,Ejected,234
0.01,38806.450418189575,Ejected,749
0.005011872336272725,37905.13088097999,Ejected,327
0.005011872336272725,37905.13088097999,Ejected,329
0.005011872336272725,37905.13088097999,Ejected,518
0.01,39801.48760839956,Ejected,130
0.01,39801.48760839956,Ejected,142
0.01,39801.48760839956,Ejected,178
0.01,39801.48760839956,Ejected,300
0.005011872336272725,37905.13088097999,Ejected,687
0.01,39801.48760839956,Ejected,410
0.01,39801.48760839956,Ejected,317
0.01,39801.48760839956,Ejected,339
0.01,39801.48760839956,Ejected,353
0.01,39801.48760839956,Ejected,587
0.01,39801.48760839956,Ejected,675
0.0025118864315095794,31959.885373835423,Ejected,671
0.005011872336272725,38902.6343252163,Ejected,217
0.0025118864315095794,31959.885373835423,Captured,767
0.005011872336272725,38902.6343252163,Ejected,347
0.005011872336272725,38902.6343252163,Ejected,393
0.005011872336272725,38902.6343252163,Ejected,421
0.005011872336272725,38902.6343252163,Ejected,447
0.0025118864315095794,32958.63179176778,Ejected,13
0.01,40796.52479860956,Ejected,118
0.005011872336272725,38902.6343252163,Ejected,741
0.005011872336272725,38902.6343252163,Ejected,747
0.005011872336272725,38902.6343252163,Ejected,795
0.01,40796.52479860956,Ejected,628
0.01,40796.52479860956,Ejected,676
0.005011872336272725,39900.137769452616,Ejected,66
0.01,40796.52479860956,Ejected,570
0.005011872336272725,39900.137769452616,Ejected,171
0.005011872336272725,39900.137769452616,Ejected,187
0.005011872336272725,39900.137769452616,Ejected,197
0.005011872336272725,39900.137769452616,Ejected,387
0.005011872336272725,39900.137769452616,Ejected,439
0.01,41791.56198881954,Ejected,101
0.005011872336272725,39900.137769452616,Ejected,501
0.005011872336272725,39900.137769452616,Ejected,514
0.0025118864315095794,33957.37820970014,Ejected,38
0.01,41791.56198881954,Ejected,547
0.005011872336272725,39900.137769452616,Ejected,783
0.01,41791.56198881954,Ejected,647
0.005011872336272725,40897.641213688934,Ejected,4
0.005011872336272725,40897.641213688934,Ejected,148
0.005011872336272725,40897.641213688934,Ejected,267
0.01,41791.56198881954,Ejected,790
0.005011872336272725,40897.641213688934,Ejected,258
0.01,42786.59917902953,Ejected,14
0.005011872336272725,40897.641213688934,Ejected,280
0.005011872336272725,40897.641213688934,Ejected,379
0.005011872336272725,40897.641213688934,Ejected,348
0.005011872336272725,40897.641213688934,Ejected,360
0.01,42786.59917902953,Ejected,217
0.01,42786.59917902953,Ejected,294
0.01,42786.59917902953,Ejected,283
0.01,42786.59917902953,Ejected,450
0.005011872336272725,40897.641213688934,Ejected,715
0.01,42786.59917902953,Ejected,672
0.005011872336272725,40897.641213688934,Ejected,696
0.01,42786.59917902953,Ejected,670
0.005011872336272725,41895.14465792525,Ejected,139
0.005011872336272725,41895.14465792525,Ejected,183
0.01,43781.636369239524,Ejected,66
0.005011872336272725,41895.14465792525,Ejected,441
0.01,43781.636369239524,Ejected,362
0.0025118864315095794,34956.1246276325,Ejected,695
0.01,43781.636369239524,Ejected,361
0.005011872336272725,41895.14465792525,Ejected,547
0.005011872336272725,41895.14465792525,Ejected,638
0.01,43781.636369239524,Ejected,460
0.01,43781.636369239524,Ejected,393
0.01,43781.636369239524,Ejected,488
0.01,43781.636369239524,Ejected,538
0.0025118864315095794,34956.1246276325,Ejected,759
0.005011872336272725,41895.14465792525,Ejected,746
0.01,43781.636369239524,Ejected,608
0.0025118864315095794,35954.871045564854,Ejected,83
0.01,43781.636369239524,Ejected,772
0.005011872336272725,41895.14465792525,Ejected,767
0.0025118864315095794,35954.871045564854,Ejected,178
0.01,44776.67355944951,Ejected,10
0.01,44776.67355944951,Ejected,108
0.01,44776.67355944951,Ejected,170
0.005011872336272725,42892.64810216156,Ejected,259
0.01,44776.67355944951,Ejected,338
0.01,44776.67355944951,Ejected,321
0.01,44776.67355944951,Ejected,466
0.005011872336272725,42892.64810216156,Ejected,621
0.005011872336272725,42892.64810216156,Ejected,630
0.0025118864315095794,35954.871045564854,Ejected,666
0.01,44776.67355944951,Ejected,581
0.01,44776.67355944951,Ejected,745
0.005011872336272725,42892.64810216156,Ejected,724
0.005011872336272725,42892.64810216156,Ejected,736
0.005011872336272725,43890.15154639788,Ejected,22
0.005011872336272725,43890.15154639788,Ejected,74
0.01,45771.7107496595,Ejected,40
0.0025118864315095794,36953.617463497205,Ejected,204
0.005011872336272725,43890.15154639788,Ejected,325
0.005011872336272725,43890.15154639788,Ejected,493
0.005011872336272725,43890.15154639788,Ejected,483
0.0025118864315095794,36953.617463497205,Ejected,465
0.01,45771.7107496595,Ejected,732
0.0025118864315095794,36953.617463497205,Ejected,709
0.01,45771.7107496595,Ejected,686
0.005011872336272725,44887.6549906342,Ejected,73
0.01,46766.74793986949,Ejected,196
0.005011872336272725,44887.6549906342,Ejected,135
0.005011872336272725,44887.6549906342,Ejected,170
0.01,46766.74793986949,Ejected,438
0.01,46766.74793986949,Ejected,379
0.01,46766.74793986949,Ejected,415
0.005011872336272725,44887.6549906342,Ejected,494
0.005011872336272725,44887.6549906342,Ejected,509
0.0012589254117941675,33978.61845421136,Captured,494
0.01,46766.74793986949,Ejected,603
0.01,46766.74793986949,Ejected,657
0.005011872336272725,44887.6549906342,Ejected,757
0.01,46766.74793986949,Ejected,758
0.005011872336272725,44887.6549906342,Ejected,751
0.005011872336272725,44887.6549906342,Ejected,772
0.01,47761.78513007948,Ejected,125
0.01,47761.78513007948,Ejected,202
0.005011872336272725,45885.15843487051,Ejected,68
0.005011872336272725,45885.15843487051,Ejected,128
0.01,47761.78513007948,Ejected,426
0.01,47761.78513007948,Ejected,456
0.005011872336272725,45885.15843487051,Ejected,289
0.01,47761.78513007948,Ejected,597
0.005011872336272725,45885.15843487051,Ejected,574
0.01,47761.78513007948,Ejected,694
0.0025118864315095794,38951.11029936192,Ejected,507
0.005011872336272725,45885.15843487051,Ejected,743
0.01,48756.822320289466,Ejected,372
0.01,48756.822320289466,Ejected,311
0.01,48756.822320289466,Ejected,383
0.005011872336272725,46882.661879106825,Ejected,260
0.0025118864315095794,39949.85671729428,Ejected,166
0.01,48756.822320289466,Ejected,785
0.01,48756.822320289466,Ejected,678
0.005011872336272725,46882.661879106825,Ejected,536
0.005011872336272725,46882.661879106825,Ejected,639
0.01,49751.85951049946,Ejected,70
0.01,49751.85951049946,Ejected,193
0.005011872336272725,47880.16532334314,Ejected,88
0.005011872336272725,47880.16532334314,Ejected,215
0.01,49751.85951049946,Ejected,531
0.005011872336272725,47880.16532334314,Ejected,244
0.01,49751.85951049946,Ejected,756
0.0025118864315095794,40948.60313522664,Ejected,143
0.01,49751.85951049946,Ejected,774
0.01,50746.89670070945,Ejected,71
0.01,50746.89670070945,Ejected,215
0.005011872336272725,47880.16532334314,Ejected,720
0.01,50746.89670070945,Ejected,430
0.01,50746.89670070945,Ejected,489
0.005011872336272725,48877.66876757945,Ejected,256
0.005011872336272725,48877.66876757945,Ejected,381
0.005011872336272725,48877.66876757945,Ejected,445
0.0025118864315095794,41947.349553158994,Ejected,65
0.005011872336272725,48877.66876757945,Ejected,529
0.005011872336272725,48877.66876757945,Ejected,601
0.0025118864315095794,41947.349553158994,Ejected,132
0.0025118864315095794,41947.349553158994,Ejected,174
0.01,50746.89670070945,Ejected,750
0.01,51741.933890919434,Ejected,19
0.0025118864315095794,41947.349553158994,Ejected,302
0.01,51741.933890919434,Ejected,171
0.01,51741.933890919434,Ejected,253
0.0025118864315095794,41947.349553158994,Ejected,500
0.0025118864315095794,41947.349553158994,Ejected,640
0.01,51741.933890919434,Ejected,493
0.005011872336272725,49875.17221181577,Ejected,367
0.005011872336272725,49875.17221181577,Ejected,403
0.01,52736.97108112943,Ejected,187
0.0025118864315095794,42946.09597109135,Ejected,304
0.005011872336272725,50872.67565605209,Ejected,14
0.0025118864315095794,42946.09597109135,Ejected,409
0.005011872336272725,50872.67565605209,Ejected,212
0.005011872336272725,50872.67565605209,Ejected,397
0.0025118864315095794,43944.8423890237,Ejected,11
0.01,53732.008271339415,Ejected,345
0.005011872336272725,50872.67565605209,Ejected,740
0.01,53732.008271339415,Ejected,631
0.01,53732.008271339415,Ejected,651
0.01,53732.008271339415,Ejected,743
0.005011872336272725,51870.179100288406,Ejected,389
0.005011872336272725,51870.179100288406,Ejected,581
0.01,54727.0454615494,Ejected,200
0.0025118864315095794,43944.8423890237,Ejected,758
0.0025118864315095794,44943.58880695606,Ejected,230
0.01,54727.0454615494,Ejected,656
0.01,54727.0454615494,Ejected,699
0.005011872336272725,52867.682544524716,Ejected,78
0.01,54727.0454615494,Ejected,721
0.01,54727.0454615494,Ejected,729
0.005011872336272725,52867.682544524716,Ejected,152
0.01,55722.082651759396,Ejected,15
0.0012589254117941675,40974.21637125488,Ejected,136
0.005011872336272725,52867.682544524716,Ejected,405
0.01,55722.082651759396,Ejected,138
0.005011872336272725,52867.682544524716,Ejected,585
0.005011872336272725,52867.682544524716,Ejected,456
0.01,55722.082651759396,Ejected,342
0.005011872336272725,52867.682544524716,Ejected,595
0.01,55722.082651759396,Ejected,470
0.005011872336272725,52867.682544524716,Ejected,730
0.01,55722.082651759396,Ejected,452
0.0025118864315095794,45942.33522488842,Ejected,119
0.0025118864315095794,45942.33522488842,Ejected,172
0.005011872336272725,53865.18598876103,Ejected,142
0.005011872336272725,53865.18598876103,Ejected,167
0.01,56717.11984196938,Ejected,17
0.0025118864315095794,45942.33522488842,Ejected,688
0.0025118864315095794,45942.33522488842,Ejected,625
0.005011872336272725,53865.18598876103,Ejected,484
0.005011872336272725,53865.18598876103,Ejected,619
0.01,56717.11984196938,Ejected,757
0.005011872336272725,54862.68943299735,Ejected,202
0.0025118864315095794,46941.081642820776,Ejected,336
0.005011872336272725,54862.68943299735,Ejected,250
0.005011872336272725,54862.68943299735,Ejected,310
0.005011872336272725,54862.68943299735,Ejected,339
0.0025118864315095794,46941.081642820776,Ejected,523
0.005011872336272725,54862.68943299735,Ejected,761
0.005011872336272725,54862.68943299735,Ejected,734
0.005011872336272725,54862.68943299735,Ejected,596
0.005011872336272725,55860.19287723366,Ejected,145
0.01,58707.19422238936,Ejected,113
0.005011872336272725,55860.19287723366,Ejected,169
0.0025118864315095794,47939.828060753134,Ejected,323
0.01,58707.19422238936,Ejected,289
0.01,58707.19422238936,Ejected,402
0.0025118864315095794,47939.828060753134,Ejected,588
0.0025118864315095794,47939.828060753134,Ejected,664
0.005011872336272725,56857.69632146998,Ejected,40
0.01,59702.23141259935,Ejected,86
0.01,59702.23141259935,Ejected,98
0.0025118864315095794,47939.828060753134,Ejected,794
0.0025118864315095794,48938.57447868549,Ejected,16
0.0025118864315095794,48938.57447868549,Ejected,162
0.0025118864315095794,48938.57447868549,Ejected,176
0.005011872336272725,56857.69632146998,Ejected,297
0.005011872336272725,56857.69632146998,Ejected,337
0.0025118864315095794,48938.57447868549,Ejected,275
0.005011872336272725,56857.69632146998,Ejected,535
0.005011872336272725,56857.69632146998,Ejected,735
0.0025118864315095794,48938.57447868549,Ejected,661
0.005011872336272725,57855.1997657063,Ejected,46
0.01,60697.26860280934,Ejected,274
0.01,60697.26860280934,Ejected,229
0.005011872336272725,57855.1997657063,Ejected,286
0.0025118864315095794,49937.32089661785,Ejected,210
0.0025118864315095794,49937.32089661785,Ejected,276
0.0025118864315095794,49937.32089661785,Ejected,351
0.005011872336272725,57855.1997657063,Ejected,626
0.0025118864315095794,49937.32089661785,Ejected,374
0.01,60697.26860280934,Ejected,669
0.0025118864315095794,49937.32089661785,Ejected,520
0.005011872336272725,57855.1997657063,Ejected,714
0.01,60697.26860280934,Ejected,690
0.005011872336272725,57855.1997657063,Ejected,679
0.0025118864315095794,49937.32089661785,Ejected,624
0.01,61692.305793019324,Ejected,151
0.005011872336272725,58852.70320994261,Ejected,176
0.005011872336272725,58852.70320994261,Ejected,429
0.01,61692.305793019324,Ejected,636
0.005011872336272725,58852.70320994261,Ejected,590
0.01,61692.305793019324,Ejected,775
0.0025118864315095794,50936.06731455021,Ejected,255
0.005011872336272725,58852.70320994261,Ejected,678
0.005011872336272725,58852.70320994261,Ejected,560
0.005011872336272725,58852.70320994261,Ejected,568
0.005011872336272725,58852.70320994261,Ejected,620
0.01,61692.305793019324,Ejected,798
0.005011872336272725,59850.206654178925,Ejected,302
0.005011872336272725,59850.206654178925,Ejected,482
0.0025118864315095794,51934.813732482566,Ejected,62
0.0025118864315095794,51934.813732482566,Ejected,60
0.0025118864315095794,51934.813732482566,Ejected,151
0.01,63682.380173439306,Ejected,21
0.0025118864315095794,51934.813732482566,Ejected,475
0.005011872336272725,60847.71009841524,Ejected,34
0.005011872336272725,60847.71009841524,Ejected,98
0.005011872336272725,60847.71009841524,Ejected,448
0.01,64677.41736364929,Ejected,47
0.01,64677.41736364929,Ejected,234
0.01,64677.41736364929,Ejected,368
0.01,64677.41736364929,Ejected,369
0.005011872336272725,61845.21354265156,Ejected,162
0.0025118864315095794,52933.560150414916,Ejected,579
0.01,64677.41736364929,Ejected,788
0.005011872336272725,61845.21354265156,Ejected,240
0.0025118864315095794,52933.560150414916,Ejected,776
0.01,64677.41736364929,Ejected,650
0.0025118864315095794,53932.306568347274,Ejected,0
0.005011872336272725,61845.21354265156,Ejected,539
0.0025118864315095794,53932.306568347274,Ejected,19
0.01,65672.45455385928,Ejected,81
0.005011872336272725,61845.21354265156,Ejected,556
0.005011872336272725,62842.71698688787,Ejected,54
0.0025118864315095794,53932.306568347274,Ejected,399
0.0025118864315095794,53932.306568347274,Ejected,466
0.01,65672.45455385928,Ejected,635
0.005011872336272725,62842.71698688787,Ejected,247
0.005011872336272725,62842.71698688787,Ejected,273
0.005011872336272725,62842.71698688787,Ejected,232
0.005011872336272725,62842.71698688787,Ejected,417
0.005011872336272725,62842.71698688787,Ejected,717
0.005011872336272725,62842.71698688787,Ejected,588
0.01,66667.49174406927,Ejected,314
0.0025118864315095794,54931.05298627963,Ejected,122
0.0025118864315095794,54931.05298627963,Ejected,167
0.0025118864315095794,54931.05298627963,Ejected,292
0.005011872336272725,63840.22043112419,Ejected,38
0.01,66667.49174406927,Ejected,655
0.01,66667.49174406927,Ejected,759
0.0025118864315095794,54931.05298627963,Ejected,471
0.0025118864315095794,54931.05298627963,Ejected,636
0.0025118864315095794,54931.05298627963,Ejected,621
0.0025118864315095794,54931.05298627963,Ejected,763
0.01,67662.52893427927,Ejected,331
0.01,67662.52893427927,Ejected,375
0.005011872336272725,63840.22043112419,Ejected,656
0.005011872336272725,63840.22043112419,Ejected,680
0.01,67662.52893427927,Ejected,624
0.0025118864315095794,55929.79940421199,Ejected,269
0.0025118864315095794,55929.79940421199,Ejected,260
0.0012589254117941675,50967.92768131705,Ejected,127
0.0025118864315095794,55929.79940421199,Ejected,348
0.0025118864315095794,55929.79940421199,Ejected,353
0.005011872336272725,64837.723875360505,Ejected,461
0.0025118864315095794,55929.79940421199,Ejected,584
0.0025118864315095794,55929.79940421199,Ejected,541
0.01,68657.56612448925,Ejected,716
0.01,68657.56612448925,Ejected,602
0.01,68657.56612448925,Ejected,681
0.0025118864315095794,56928.54582214435,Ejected,184
0.0025118864315095794,56928.54582214435,Ejected,220
0.0025118864315095794,56928.54582214435,Ejected,243
0.005011872336272725,65835.22731959682,Ejected,287
0.01,69652.60331469924,Ejected,344
0.005011872336272725,65835.22731959682,Ejected,754
0.0025118864315095794,57927.292240076706,Ejected,6
0.005011872336272725,66832.73076383314,Ejected,49
0.01,70647.64050490923,Ejected,57
0.0025118864315095794,57927.292240076706,Ejected,261
0.0025118864315095794,57927.292240076706,Ejected,256
0.005011872336272725,66832.73076383314,Ejected,357
0.005011872336272725,66832.73076383314,Ejected,614
0.005011872336272725,66832.73076383314,Ejected,669
0.0025118864315095794,57927.292240076706,Ejected,539
0.0025118864315095794,57927.292240076706,Ejected,654
0.005011872336272725,67830.23420806945,Ejected,109
0.0012589254117941675,52966.66994332948,Ejected,513
0.0025118864315095794,58926.03865800906,Ejected,161
0.01,71642.67769511922,Ejected,290
0.0025118864315095794,58926.03865800906,Ejected,462
0.0025118864315095794,58926.03865800906,Ejected,550
0.0025118864315095794,58926.03865800906,Ejected,633
0.0025118864315095794,58926.03865800906,Ejected,733
0.01,72637.7148853292,Ejected,213
0.005011872336272725,68827.73765230576,Ejected,315
0.0025118864315095794,59924.785075941414,Ejected,224
0.01,72637.7148853292,Ejected,491
0.01,72637.7148853292,Ejected,601
0.005011872336272725,68827.73765230576,Captured,576
0.0025118864315095794,59924.785075941414,Ejected,417
0.0025118864315095794,59924.785075941414,Ejected,546
0.0025118864315095794,59924.785075941414,Ejected,582
0.0025118864315095794,59924.785075941414,Ejected,551
0.0025118864315095794,59924.785075941414,Ejected,631
0.01,73632.7520755392,Ejected,33
0.0025118864315095794,59924.785075941414,Ejected,650
0.01,73632.7520755392,Ejected,94
0.005011872336272725,69825.24109654209,Ejected,229
0.0025118864315095794,60923.53149387377,Ejected,95
0.005011872336272725,69825.24109654209,Ejected,534
0.005011872336272725,69825.24109654209,Ejected,527
0.005011872336272725,69825.24109654209,Ejected,693
0.0025118864315095794,60923.53149387377,Ejected,375
0.005011872336272725,69825.24109654209,Ejected,624
0.0025118864315095794,60923.53149387377,Ejected,488
0.0012589254117941675,55964.78333634813,Ejected,108
0.005011872336272725,70822.7445407784,Ejected,126
0.0025118864315095794,60923.53149387377,Ejected,684
0.005011872336272725,70822.7445407784,Ejected,124
0.0025118864315095794,60923.53149387377,Ejected,769
0.005011872336272725,70822.7445407784,Ejected,283
0.01,74627.78926574919,Ejected,499
0.01,74627.78926574919,Ejected,563
0.005011872336272725,70822.7445407784,Ejected,698
0.0012589254117941675,55964.78333634813,Ejected,661
0.0012589254117941675,55964.78333634813,Ejected,769
0.01,75622.82645595918,Ejected,83
0.01,75622.82645595918,Ejected,121
0.0025118864315095794,61922.27791180613,Ejected,601
0.01,75622.82645595918,Ejected,334
0.0025118864315095794,61922.27791180613,Ejected,780
0.01,75622.82645595918,Ejected,703
0.0025118864315095794,62921.02432973849,Ejected,88
0.0025118864315095794,62921.02432973849,Ejected,300
0.0012589254117941675,56964.15446735435,Ejected,626
0.01,76617.86364616916,Ejected,75
0.01,76617.86364616916,Ejected,199
0.01,76617.86364616916,Ejected,517
0.0025118864315095794,62921.02432973849,Ejected,765
0.005011872336272725,72817.75142925103,Ejected,476
0.0025118864315095794,63919.770747670846,Ejected,236
0.01,77612.90083637915,Ejected,135
0.0025118864315095794,63919.770747670846,Ejected,365
0.005011872336272725,73815.25487348734,Ejected,474
0.005011872336272725,73815.25487348734,Ejected,721
0.0025118864315095794,63919.770747670846,Ejected,775
0.0025118864315095794,64918.5171656032,Ejected,241
0.005011872336272725,74812.75831772365,Captured,133
0.005011872336272725,74812.75831772365,Ejected,207
0.005011872336272725,74812.75831772365,Ejected,239
0.005011872336272725,74812.75831772365,Ejected,261
0.005011872336272725,74812.75831772365,Ejected,464
0.01,79602.97521679912,Ejected,56
0.0025118864315095794,65917.26358353556,Ejected,41
0.005011872336272725,75810.26176195998,Ejected,10
0.005011872336272725,75810.26176195998,Ejected,55
0.005011872336272725,75810.26176195998,Ejected,242
0.0025118864315095794,65917.26358353556,Ejected,418
0.0025118864315095794,65917.26358353556,Ejected,574
0.0025118864315095794,65917.26358353556,Ejected,647
0.005011872336272725,75810.26176195998,Ejected,790
0.0025118864315095794,65917.26358353556,Ejected,760
0.0012589254117941675,60961.638991379215,Ejected,415
0.0012589254117941675,60961.638991379215,Ejected,553
0.0025118864315095794,66916.01000146792,Ejected,598
0.01,81593.04959721911,Ejected,147
0.01,81593.04959721911,Ejected,539
0.0025118864315095794,67914.75641940028,Ejected,156
0.01,82588.0867874291,Ejected,7
0.0025118864315095794,67914.75641940028,Ejected,430
0.01,82588.0867874291,Ejected,407
0.01,82588.0867874291,Ejected,478
0.01,82588.0867874291,Ejected,486
0.01,82588.0867874291,Ejected,463
0.005011872336272725,78802.77209466892,Ejected,181
0.01,82588.0867874291,Ejected,735
0.0025118864315095794,68913.50283733263,Ejected,144
0.0012589254117941675,62960.38125339165,Ejected,389
0.0012589254117941675,62960.38125339165,Ejected,565
0.0025118864315095794,68913.50283733263,Ejected,592
0.0012589254117941675,62960.38125339165,Ejected,644
0.0025118864315095794,68913.50283733263,Ejected,674
0.0025118864315095794,68913.50283733263,Ejected,724
0.005011872336272725,79800.27553890523,Ejected,365
0.005011872336272725,79800.27553890523,Ejected,422
0.005011872336272725,79800.27553890523,Ejected,611
0.005011872336272725,79800.27553890523,Ejected,627
0.0025118864315095794,69912.249255265,Ejected,568
0.005011872336272725,80797.77898314154,Ejected,336
0.005011872336272725,80797.77898314154,Ejected,520
0.0012589254117941675,64959.12351540408,Ejected,330
0.0012589254117941675,64959.12351540408,Ejected,478
0.0025118864315095794,70910.99567319735,Ejected,454
0.0025118864315095794,70910.99567319735,Ejected,605
0.0025118864315095794,70910.99567319735,Ejected,685
0.0025118864315095794,70910.99567319735,Ejected,772
0.0025118864315095794,70910.99567319735,Ejected,706
0.0025118864315095794,71909.74209112971,Ejected,57
0.0025118864315095794,71909.74209112971,Ejected,209
0.0025118864315095794,71909.74209112971,Ejected,266
0.005011872336272725,82792.78587161418,Ejected,223
0.0025118864315095794,71909.74209112971,Ejected,392
0.005011872336272725,82792.78587161418,Ejected,545
0.0012589254117941675,65958.4946464103,Ejected,575
0.0012589254117941675,65958.4946464103,Ejected,735
0.01,87563.27273847905,Ejected,273
0.01,87563.27273847905,Ejected,340
0.01,87563.27273847905,Ejected,330
0.0025118864315095794,72908.48850906205,Ejected,93
0.005011872336272725,83790.2893158505,Ejected,263
0.0025118864315095794,72908.48850906205,Ejected,307
0.0025118864315095794,72908.48850906205,Ejected,400
0.01,87563.27273847905,Ejected,730
0.005011872336272725,83790.2893158505,Captured,468
0.0025118864315095794,72908.48850906205,Ejected,676
0.005011872336272725,84787.79276008681,Ejected,89
0.0025118864315095794,73907.23492699441,Ejected,77
0.0012589254117941675,67957.23690842272,Ejected,120
0.005011872336272725,84787.79276008681,Ejected,293
0.005011872336272725,84787.79276008681,Ejected,270
0.0012589254117941675,67957.23690842272,Ejected,357
0.005011872336272725,85785.29620432312,Ejected,268
0.0025118864315095794,74905.98134492677,Ejected,503
0.01,90548.38430910901,Ejected,540
0.0025118864315095794,74905.98134492677,Ejected,595
0.005011872336272725,86782.79964855945,Ejected,410
0.0025118864315095794,75904.72776285913,Ejected,155
0.0025118864315095794,75904.72776285913,Ejected,540
0.005011872336272725,87780.30309279576,Ejected,196
0.005011872336272725,87780.30309279576,Ejected,521
0.0012589254117941675,69955.97917043517,Ejected,698
0.0025118864315095794,76903.47418079148,Ejected,160
0.01,92538.458689529,Ejected,332
0.0025118864315095794,76903.47418079148,Ejected,273
0.0025118864315095794,76903.47418079148,Ejected,532
0.005011872336272725,88777.80653703207,Ejected,185
0.0025118864315095794,76903.47418079148,Ejected,487
0.01,92538.458689529,Ejected,778
0.01,93533.49587973898,Ejected,97
0.0012589254117941675,70955.35030144137,Ejected,632
0.0025118864315095794,77902.22059872384,Ejected,71
0.0025118864315095794,77902.22059872384,Ejected,130
0.01,93533.49587973898,Ejected,521
0.0025118864315095794,77902.22059872384,Ejected,280
0.0025118864315095794,77902.22059872384,Ejected,293
0.01,93533.49587973898,Ejected,748
0.01,93533.49587973898,Ejected,773
0.005011872336272725,89775.3099812684,Ejected,592
0.0025118864315095794,78900.9670166562,Ejected,142
0.0025118864315095794,78900.9670166562,Ejected,436
0.0025118864315095794,78900.9670166562,Ejected,474
0.0025118864315095794,78900.9670166562,Ejected,641
0.0012589254117941675,72954.09256345381,Ejected,523
0.0025118864315095794,79899.71343458856,Ejected,56
0.0012589254117941675,73953.46369446004,Ejected,224
0.005011872336272725,92767.82031397734,Ejected,61
0.0012589254117941675,73953.46369446004,Ejected,362
0.005011872336272725,92767.82031397734,Ejected,281
0.01,96518.60745036895,Ejected,763
0.0012589254117941675,73953.46369446004,Ejected,748
0.0012589254117941675,73953.46369446004,Ejected,772
0.0025118864315095794,80898.45985252091,Ejected,272
0.005011872336272725,93765.32375821365,Ejected,33
0.0012589254117941675,74952.83482546624,Ejected,197
0.0012589254117941675,74952.83482546624,Ejected,266
0.005011872336272725,93765.32375821365,Ejected,689
0.0012589254117941675,74952.83482546624,Ejected,746
0.005011872336272725,94762.82720244996,Ejected,91
0.005011872336272725,94762.82720244996,Ejected,255
0.0025118864315095794,81897.20627045327,Ejected,377
0.0012589254117941675,75952.20595647246,Ejected,161
0.005011872336272725,94762.82720244996,Ejected,583
0.0025118864315095794,82895.95268838563,Ejected,67
0.0025118864315095794,82895.95268838563,Ejected,106
0.005011872336272725,95760.33064668629,Ejected,210
0.0025118864315095794,82895.95268838563,Captured,239
0.005011872336272725,95760.33064668629,Ejected,551
0.0012589254117941675,76951.57708747868,Ejected,713
0.0012589254117941675,77950.94821848489,Ejected,28
0.0025118864315095794,83894.69910631799,Ejected,478
0.01,101493.7934014189,Ejected,501
0.005011872336272725,97755.3375351589,Ejected,409
0.005011872336272725,97755.3375351589,Ejected,391
0.0012589254117941675,77950.94821848489,Ejected,688
0.0025118864315095794,85892.1919421827,Ejected,39
0.005011872336272725,99750.34442363154,Ejected,7
0.01,103483.86778183887,Ejected,232
0.0025118864315095794,85892.1919421827,Ejected,319
0.0012589254117941675,79949.69048049733,Ejected,54
0.005011872336272725,99750.34442363154,Ejected,330
0.0012589254117941675,79949.69048049733,Ejected,124
0.005011872336272725,99750.34442363154,Ejected,479
0.0012589254117941675,79949.69048049733,Ejected,618
0.005011872336272725,100747.84786786787,Ejected,222
0.005011872336272725,100747.84786786787,Ejected,314
0.01,104478.90497204885,Ejected,558
0.0012589254117941675,80949.06161150355,Ejected,155
0.0025118864315095794,86890.93836011506,Ejected,479
0.0012589254117941675,80949.06161150355,Ejected,264
0.0025118864315095794,86890.93836011506,Ejected,596
0.005011872336272725,101745.35131210418,Ejected,43
0.0012589254117941675,80949.06161150355,Ejected,550
0.005011872336272725,101745.35131210418,Ejected,386
0.0012589254117941675,81948.43274250976,Ejected,19
0.0012589254117941675,81948.43274250976,Ejected,78
0.0025118864315095794,87889.6847780474,Ejected,452
0.005011872336272725,102742.85475634049,Ejected,21
0.005011872336272725,102742.85475634049,Ejected,86
0.0025118864315095794,87889.6847780474,Ejected,670
0.005011872336272725,102742.85475634049,Ejected,324
0.01,106468.97935246884,Ejected,616
0.01,107464.01654267883,Ejected,207
0.005011872336272725,103740.35820057681,Ejected,186
0.005011872336272725,103740.35820057681,Ejected,253
0.01,107464.01654267883,Ejected,396
0.005011872336272725,103740.35820057681,Ejected,306
0.0012589254117941675,82947.80387351598,Ejected,249
0.0012589254117941675,82947.80387351598,Ejected,475
0.005011872336272725,103740.35820057681,Ejected,774
0.0025118864315095794,89887.17761391212,Ejected,44
0.0012589254117941675,82947.80387351598,Ejected,701
0.0012589254117941675,82947.80387351598,Ejected,799
0.005011872336272725,104737.86164481312,Ejected,173
0.0025118864315095794,89887.17761391212,Ejected,372
0.0012589254117941675,83947.1750045222,Ejected,279
0.0012589254117941675,83947.1750045222,Ejected,229
0.0012589254117941675,83947.1750045222,Ejected,265
0.005011872336272725,104737.86164481312,Ejected,723
0.005011872336272725,104737.86164481312,Ejected,796
0.0012589254117941675,83947.1750045222,Ejected,543
0.005011872336272725,105735.36508904943,Ejected,41
0.0025118864315095794,90885.92403184448,Ejected,379
0.0025118864315095794,90885.92403184448,Ejected,424
0.0012589254117941675,84946.5461355284,Ejected,96
0.0025118864315095794,90885.92403184448,Ejected,492
0.0025118864315095794,90885.92403184448,Ejected,720
0.0012589254117941675,84946.5461355284,Ejected,398
0.005011872336272725,106732.86853328576,Ejected,216
0.01,110449.12811330879,Ejected,271
0.0012589254117941675,84946.5461355284,Ejected,629
0.0025118864315095794,91884.67044977684,Ejected,185
0.0012589254117941675,85945.91726653463,Ejected,64
0.01,111444.16530351879,Ejected,6
0.0012589254117941675,85945.91726653463,Ejected,187
0.0012589254117941675,85945.91726653463,Ejected,194
0.0012589254117941675,85945.91726653463,Ejected,394
0.0025118864315095794,92883.4168677092,Ejected,393
0.01,112439.20249372878,Ejected,418
0.0025118864315095794,92883.4168677092,Ejected,561
0.0025118864315095794,92883.4168677092,Ejected,565
0.01,112439.20249372878,Ejected,472
0.0012589254117941675,86945.28839754085,Ejected,439
0.0012589254117941675,87944.65952854707,Ejected,125
0.005011872336272725,109725.3788659947,Ejected,559
0.0025118864315095794,94880.90970357391,Ejected,282
0.005011872336272725,110722.88231023101,Ejected,622
0.0025118864315095794,94880.90970357391,Ejected,632
0.0012589254117941675,88944.03065955327,Ejected,311
0.0025118864315095794,94880.90970357391,Ejected,603
0.005011872336272725,111720.38575446732,Ejected,24
0.005011872336272725,111720.38575446732,Ejected,459
0.0025118864315095794,95879.65612150627,Ejected,120
0.0012589254117941675,88944.03065955327,Ejected,715
0.0025118864315095794,95879.65612150627,Ejected,201
0.0012589254117941675,88944.03065955327,Ejected,761
0.0012589254117941675,88944.03065955327,Ejected,786
0.0025118864315095794,95879.65612150627,Ejected,429
0.01,116419.35125456873,Ejected,74
0.0025118864315095794,95879.65612150627,Ejected,659
0.0025118864315095794,95879.65612150627,Ejected,675
0.01,116419.35125456873,Ejected,359
0.0025118864315095794,96878.40253943863,Ejected,66
0.005011872336272725,112717.88919870365,Ejected,799
0.0012589254117941675,90942.77292156572,Ejected,82
0.005011872336272725,113715.39264293996,Ejected,369
0.01,117414.38844477871,Ejected,266
0.01,117414.38844477871,Ejected,301
0.0025118864315095794,97877.14895737098,Ejected,34
0.0012589254117941675,90942.77292156572,Ejected,540
0.0025118864315095794,97877.14895737098,Ejected,152
0.0012589254117941675,90942.77292156572,Ejected,646
0.005011872336272725,114712.89608717627,Ejected,340
0.0012589254117941675,91942.14405257192,Ejected,44
0.005011872336272725,114712.89608717627,Ejected,632
0.0012589254117941675,91942.14405257192,Ejected,391
0.01,118409.42563498871,Ejected,718
0.005011872336272725,116707.9029756489,Ejected,301
0.0025118864315095794,99874.6417932357,Ejected,9
0.0012589254117941675,92941.51518357814,Ejected,689
0.0025118864315095794,99874.6417932357,Ejected,316
0.01,121394.53720561868,Ejected,185
0.005011872336272725,117705.40641988521,Ejected,553
0.005011872336272725,118702.90986412154,Ejected,29
0.005011872336272725,118702.90986412154,Ejected,419
0.0012589254117941675,94940.25744559059,Ejected,148
0.01,123384.61158603865,Ejected,259
0.005011872336272725,120697.91675259417,Ejected,85
0.0025118864315095794,102870.88104703277,Ejected,251
0.005011872336272725,121695.42019683048,Ejected,107
0.0012589254117941675,95939.62857659679,Ejected,660
0.01,125374.68596645864,Ejected,44
0.005011872336272725,121695.42019683048,Ejected,526
0.0025118864315095794,102870.88104703277,Ejected,567
0.005011872336272725,121695.42019683048,Ejected,598
0.0025118864315095794,102870.88104703277,Ejected,746
0.01,125374.68596645864,Ejected,592
0.0025118864315095794,103869.62746496513,Ejected,45
0.005011872336272725,122692.9236410668,Ejected,333
0.0012589254117941675,96938.99970760301,Ejected,525
0.0012589254117941675,96938.99970760301,Ejected,793
0.0025118864315095794,103869.62746496513,Ejected,618
0.0012589254117941675,97938.37083860923,Ejected,146
0.0025118864315095794,104868.37388289747,Ejected,182
0.01,127364.76034687861,Ejected,390
0.01,127364.76034687861,Ejected,586
0.0025118864315095794,104868.37388289747,Ejected,610
0.005011872336272725,124687.93052953943,Captured,702
0.0025118864315095794,105867.12030082983,Ejected,728
0.0025118864315095794,105867.12030082983,Ejected,774
0.0012589254117941675,99937.11310062166,Ejected,290
0.01,129354.83472729858,Ejected,580
0.01,130349.87191750857,Ejected,225
0.005011872336272725,127680.44086224838,Ejected,192
0.005011872336272725,127680.44086224838,Ejected,346
0.0012589254117941675,100936.48423162788,Ejected,434
0.005011872336272725,127680.44086224838,Ejected,722
0.005011872336272725,127680.44086224838,Ejected,712
0.005011872336272725,128677.94430648469,Ejected,50
0.0012589254117941675,101935.8553626341,Ejected,39
0.005011872336272725,128677.94430648469,Ejected,406
0.01,132339.94629792855,Ejected,222
0.005011872336272725,128677.94430648469,Captured,571
0.005011872336272725,129675.44775072101,Ejected,271
0.0025118864315095794,108863.3595546269,Ejected,410
0.0012589254117941675,102935.22649364031,Ejected,5
0.0012589254117941675,102935.22649364031,Ejected,359
0.0012589254117941675,102935.22649364031,Ejected,432
0.0025118864315095794,109862.10597255926,Ejected,245
0.0025118864315095794,109862.10597255926,Ejected,343
0.0012589254117941675,102935.22649364031,Ejected,687
0.0025118864315095794,109862.10597255926,Ejected,437
0.01,134330.02067834855,Ejected,307
0.005011872336272725,131670.45463919363,Ejected,96
0.0025118864315095794,110860.85239049162,Ejected,404
0.01,135325.05786855854,Ejected,632
0.0012589254117941675,104933.96875565275,Ejected,239
0.0025118864315095794,111859.59880842398,Ejected,215
0.01,136320.09505876852,Captured,474
0.000630957344480193,76975.71963154117,Ejected,629
0.01,137315.1322489785,Ejected,39
0.0025118864315095794,112858.34522635634,Ejected,384
0.0012589254117941675,105933.33988665896,Ejected,517
0.0012589254117941675,106932.71101766518,Ejected,227
0.01,139305.20662939848,Captured,4
0.0025118864315095794,113857.0916442887,Ejected,344
0.0012589254117941675,106932.71101766518,Ejected,649
0.005011872336272725,136657.97186037523,Ejected,254
0.01,139305.20662939848,Ejected,693
0.0025118864315095794,114855.83806222105,Ejected,40
0.0012589254117941675,107932.0821486714,Ejected,461
0.0012589254117941675,107932.0821486714,Ejected,743
0.0012589254117941675,108931.4532796776,Ejected,85
0.005011872336272725,138652.97874884785,Ejected,472
0.0012589254117941675,108931.4532796776,Ejected,657
0.01,142290.31820002844,Ejected,115
0.0025118864315095794,115854.58448015341,Ejected,715
0.01,142290.31820002844,Ejected,416
0.0012589254117941675,109930.82441068382,Ejected,164
0.005011872336272725,139650.48219308417,Ejected,495
0.0025118864315095794,116853.33089808577,Ejected,629
0.0012589254117941675,110930.19554169005,Ejected,30
0.0012589254117941675,110930.19554169005,Ejected,60
0.0012589254117941675,110930.19554169005,Ejected,397
0.01,144280.39258044842,Ejected,652
0.005011872336272725,141645.4890815568,Ejected,682
0.005011872336272725,142642.99252579312,Ejected,193
0.01,145275.4297706584,Ejected,431
0.0012589254117941675,111929.56667269627,Ejected,313
0.005011872336272725,142642.99252579312,Ejected,481
0.01,145275.4297706584,Ejected,623
0.01,145275.4297706584,Ejected,617
0.01,145275.4297706584,Ejected,725
0.0012589254117941675,111929.56667269627,Ejected,658
0.000630957344480193,82973.82765477814,Ejected,213
0.0025118864315095794,119849.57015188283,Ejected,332
0.005011872336272725,144637.99941426574,Ejected,252
0.005011872336272725,144637.99941426574,Ejected,713
0.0025118864315095794,120848.31656981519,Ejected,247
0.0025118864315095794,121847.06298774754,Ejected,288
0.005011872336272725,146633.00630273836,Ejected,608
0.0012589254117941675,114927.68006571491,Ejected,633
0.0012589254117941675,114927.68006571491,Captured,753
0.005011872336272725,147630.50974697468,Ejected,100
0.0025118864315095794,122845.8094056799,Ejected,31
0.005011872336272725,147630.50974697468,Ejected,246
0.0025118864315095794,122845.8094056799,Ejected,334
0.01,151245.65291191835,Ejected,49
0.005011872336272725,148628.013191211,Ejected,115
0.005011872336272725,148628.013191211,Ejected,200
0.0012589254117941675,115927.05119672112,Ejected,734
0.005011872336272725,148628.013191211,Ejected,517
0.005011872336272725,149625.5166354473,Ejected,146
0.0025118864315095794,123844.55582361226,Ejected,681
0.0025118864315095794,123844.55582361226,Ejected,781
0.01,153235.72729233833,Ejected,436
0.005011872336272725,151620.52352391995,Ejected,144
0.005011872336272725,151620.52352391995,Ejected,345
0.0012589254117941675,118925.16458973978,Ejected,270
0.005011872336272725,151620.52352391995,Ejected,760
0.005011872336272725,152618.02696815625,Ejected,470
0.0025118864315095794,126840.79507740933,Ejected,97
0.005011872336272725,152618.02696815625,Ejected,674
0.005011872336272725,152618.02696815625,Ejected,794
0.0025118864315095794,126840.79507740933,Ejected,464
0.0025118864315095794,127839.54149534169,Ejected,55
0.01,157215.87605317828,Ejected,260
0.0012589254117941675,120923.90685175221,Ejected,531
0.0012589254117941675,120923.90685175221,Ejected,601
0.005011872336272725,154613.0338566289,Ejected,750
0.005011872336272725,155610.5373008652,Captured,277
0.0012589254117941675,121923.27798275843,Ejected,175
0.0025118864315095794,128838.28791327405,Ejected,203
0.005011872336272725,155610.5373008652,Ejected,469
0.0025118864315095794,128838.28791327405,Ejected,376
0.0012589254117941675,121923.27798275843,Ejected,365
0.005011872336272725,156608.04074510152,Ejected,375
0.0012589254117941675,122922.64911376464,Ejected,315
0.0012589254117941675,122922.64911376464,Ejected,358
0.0025118864315095794,129837.0343312064,Ejected,795
0.0012589254117941675,123922.02024477086,Ejected,21
0.005011872336272725,159600.55107781047,Ejected,140
0.0012589254117941675,124921.39137577708,Ejected,79
0.005011872336272725,159600.55107781047,Captured,182
0.01,162191.06200422824,Ejected,502
0.0012589254117941675,124921.39137577708,Ejected,493
0.005011872336272725,160598.0545220468,Ejected,123
0.0012589254117941675,125920.7625067833,Ejected,385
0.000630957344480193,92970.6743601731,Ejected,731
0.005011872336272725,162593.0614105194,Ejected,516
0.01,166171.2107650682,Captured,131
0.0025118864315095794,134830.7664208682,Ejected,335
0.01,166171.2107650682,Ejected,548
0.0012589254117941675,127919.50476879573,Ejected,447
0.0025118864315095794,135829.51283880055,Ejected,274
0.0012589254117941675,128918.87589980195,Ejected,351
0.0012589254117941675,128918.87589980195,Ejected,383
0.0012589254117941675,128918.87589980195,Ejected,519
0.0012589254117941675,128918.87589980195,Ejected,488
0.0025118864315095794,136828.2592567329,Ejected,68
0.0025118864315095794,136828.2592567329,Ejected,211
0.0012589254117941675,129918.24703080815,Ejected,454
0.0012589254117941675,130917.61816181437,Ejected,157
0.0012589254117941675,130917.61816181437,Ejected,334
0.000630957344480193,96969.41304233107,Ejected,216
0.0025118864315095794,138825.75209259763,Ejected,448
0.0025118864315095794,138825.75209259763,Ejected,496
0.005011872336272725,169575.58552017363,Ejected,113
0.01,172141.43390632814,Ejected,439
0.005011872336272725,169575.58552017363,Ejected,288
0.0012589254117941675,132916.36042382682,Ejected,24
0.0025118864315095794,140823.24492846234,Ejected,23
0.0012589254117941675,133915.73155483304,Ejected,329
0.005011872336272725,172568.09585288257,Ejected,218
0.005011872336272725,172568.09585288257,Ejected,290
0.005011872336272725,172568.09585288257,Ejected,228
0.005011872336272725,172568.09585288257,Ejected,716
0.0012589254117941675,134915.10268583923,Ejected,600
0.0025118864315095794,143819.48418225942,Ejected,214
0.0012589254117941675,136913.84494785167,Ejected,467
0.01,180101.73142800803,Ejected,32
0.0012589254117941675,137913.2160788579,Ejected,353
0.0012589254117941675,137913.2160788579,Ejected,422
0.0025118864315095794,145816.9770181241,Captured,707
0.0012589254117941675,138912.5872098641,Ejected,455
0.0012589254117941675,139911.95834087033,Ejected,354
0.0012589254117941675,140911.32947187655,Ejected,639
0.0025118864315095794,148813.21627192118,Captured,547
0.01,185076.917379058,Ejected,627
0.005011872336272725,182543.13029524573,Ejected,584
0.0012589254117941675,142910.07173388897,Ejected,1
0.005011872336272725,183540.63373948203,Ejected,784
0.0012589254117941675,142910.07173388897,Ejected,775
0.005011872336272725,184538.13718371835,Ejected,165
0.005011872336272725,185535.64062795468,Ejected,11
0.0012589254117941675,143909.4428648952,Ejected,529
0.0012589254117941675,143909.4428648952,Ejected,537
0.0025118864315095794,151809.45552571825,Ejected,222
0.0012589254117941675,143909.4428648952,Ejected,686
0.005011872336272725,185535.64062795468,Ejected,695
0.0025118864315095794,152808.2019436506,Ejected,457
0.0025118864315095794,152808.2019436506,Ejected,777
0.000630957344480193,107965.94441826553,Ejected,601
0.005011872336272725,188528.15096066362,Ejected,201
0.0025118864315095794,153806.94836158297,Ejected,411
0.0025118864315095794,153806.94836158297,Ejected,537
0.0012589254117941675,148906.29851992626,Ejected,593
0.0012589254117941675,148906.29851992626,Ejected,728
0.0025118864315095794,157801.9340333124,Ejected,50
0.005011872336272725,193515.6681818452,Ejected,157
0.000630957344480193,110964.99842988401,Ejected,528
0.0025118864315095794,158800.68045124476,Ejected,147
0.01,197017.36366157784,Ejected,737
0.000630957344480193,111964.68310042351,Ejected,723
0.0012589254117941675,153903.15417495737,Ejected,278
0.005011872336272725,198503.18540302676,Ejected,463
0.000630957344480193,114963.737112042,Ejected,584
0.005011872336272725,203490.70262420835,Ejected,141
0.000630957344480193,116963.10645312098,Ejected,759
0.0012589254117941675,158900.00982998844,Ejected,297
0.01,206967.73556367774,Ejected,700
0.0025118864315095794,166790.65179470362,Ejected,446
0.0012589254117941675,159899.38096099466,Ejected,520
0.0025118864315095794,167789.39821263598,Ejected,51
0.000630957344480193,118962.47579419999,Ejected,416
0.0025118864315095794,168788.14463056833,Ejected,208
0.0012589254117941675,160898.75209200088,Ejected,708
0.01,209952.8471343077,Ejected,728
0.000630957344480193,119962.16046473947,Ejected,677
0.0025118864315095794,169786.8910485007,Ejected,563
0.0012589254117941675,162897.4943540133,Ejected,185
0.0012589254117941675,162897.4943540133,Ejected,562
0.005011872336272725,212468.2336223352,Ejected,237
0.000630957344480193,121961.52980581847,Ejected,671
0.0012589254117941675,164896.23661602574,Ejected,541
0.0012589254117941675,164896.23661602574,Ejected,754
0.000630957344480193,122961.21447635797,Ejected,533
0.005011872336272725,213465.7370665715,Ejected,748
0.000630957344480193,122961.21447635797,Ejected,674
0.01,216918.10746577763,Ejected,263
0.0012589254117941675,166894.97887803818,Ejected,272
0.0025118864315095794,174780.62313816248,Ejected,82
0.0025118864315095794,174780.62313816248,Ejected,460
0.0012589254117941675,167894.3500090444,Ejected,75
0.005011872336272725,215460.74395504413,Ejected,770
0.0025118864315095794,176778.11597402717,Ejected,81
0.0025118864315095794,176778.11597402717,Ejected,703
0.0012589254117941675,171891.83453306925,Ejected,556
0.0025118864315095794,180773.1016457566,Ejected,286
0.005011872336272725,223440.77150893465,Ejected,272
0.0012589254117941675,173890.5767950817,Ejected,337
0.0025118864315095794,181771.84806368896,Ejected,75
0.0012589254117941675,174889.94792608792,Ejected,211
0.0012589254117941675,174889.94792608792,Ejected,308
0.0012589254117941675,174889.94792608792,Ejected,305
0.000630957344480193,129959.00717013443,Ejected,599
0.0012589254117941675,176888.69018810033,Ejected,45
0.000630957344480193,130958.69184067393,Ejected,666
0.005011872336272725,227430.78528587992,Ejected,643
0.000630957344480193,130958.69184067393,Ejected,786
0.005011872336272725,228428.28873011624,Ejected,634
0.0012589254117941675,177888.06131910655,Ejected,150
0.0012589254117941675,177888.06131910655,Ejected,260
0.000630957344480193,131958.37651121343,Ejected,562
0.0025118864315095794,185766.8337354184,Ejected,320
0.0025118864315095794,186765.58015335075,Ejected,107
0.0012589254117941675,178887.43245011277,Ejected,788
0.0012589254117941675,179886.803581119,Ejected,63
0.000630957344480193,133957.74585229243,Ejected,343
0.0025118864315095794,188763.07298921546,Ejected,29
0.000630957344480193,134957.4305228319,Ejected,514
0.0012589254117941675,183884.28810514385,Ejected,57
0.005011872336272725,236408.31628400675,Ejected,3
0.0025118864315095794,190760.56582508018,Ejected,768
0.0012589254117941675,183884.28810514385,Ejected,256
0.0012589254117941675,185883.0303671563,Ejected,103
0.0025118864315095794,193756.80507887725,Ejected,519
0.0012589254117941675,186882.4014981625,Ejected,154
0.0012589254117941675,186882.4014981625,Ejected,638
0.0012589254117941675,191879.25715319358,Ejected,91
0.0012589254117941675,191879.25715319358,Ejected,625
0.000630957344480193,142954.90788714789,Ejected,410
0.0025118864315095794,199749.2835864714,Ejected,578
0.0025118864315095794,200748.03000440376,Ejected,450
0.000630957344480193,143954.59255768737,Ejected,545
0.0025118864315095794,201746.77642233612,Ejected,575
0.0025118864315095794,202745.52284026847,Ejected,86
0.000630957344480193,145953.96189876637,Ejected,267
0.0012589254117941675,195876.74167721847,Ejected,610
0.0012589254117941675,196876.1128082247,Ejected,8
0.0012589254117941675,196876.1128082247,Ejected,477
0.000630957344480193,146953.64656930586,Ejected,578
0.0012589254117941675,198874.8550702371,Ejected,7
0.0012589254117941675,198874.8550702371,Ejected,142
0.0025118864315095794,206740.5085119979,Ejected,134
0.000630957344480193,148953.01591038486,Ejected,251
0.000630957344480193,149952.70058092434,Ejected,669
0.000630957344480193,150952.38525146383,Ejected,157
0.0012589254117941675,202872.33959426198,Ejected,714
0.0025118864315095794,211734.24060165967,Ejected,206
0.000630957344480193,151952.06992200334,Ejected,453
0.000630957344480193,151952.06992200334,Ejected,439
0.0012589254117941675,203871.7107252682,Ejected,674
0.0012589254117941675,204871.0818562744,Ejected,65
0.000630957344480193,151952.06992200334,Ejected,739
0.0025118864315095794,213731.73343752438,Ejected,662
0.0012589254117941675,205870.45298728062,Ejected,681
0.000630957344480193,153951.43926308234,Ejected,570
0.0012589254117941675,206869.82411828684,Ejected,747
0.000630957344480193,154951.12393362183,Ejected,615
0.0025118864315095794,216727.97269132145,Ejected,337
0.0012589254117941675,208868.56638029928,Ejected,438
0.000630957344480193,155950.8086041613,Ejected,395
0.0025118864315095794,217726.7191092538,Ejected,623
0.0025118864315095794,218725.46552718617,Ejected,473
0.000630957344480193,157950.1779452403,Ejected,51
0.000630957344480193,157950.1779452403,Ejected,404
0.000630957344480193,158949.8626157798,Ejected,198
0.0025118864315095794,220722.9583630509,Ejected,669
0.000630957344480193,161948.91662739828,Ejected,700
0.000630957344480193,162948.6012979378,Ejected,729
0.0025118864315095794,228712.92970650975,Ejected,263
0.000630957344480193,163948.28596847728,Ejected,772
0.0012589254117941675,221860.3910833801,Ejected,429
0.0012589254117941675,223859.13334539253,Ejected,43
0.0012589254117941675,223859.13334539253,Ejected,651
0.000630957344480193,167947.02465063526,Ejected,305
0.0025118864315095794,234705.4082141039,Ejected,649
0.0012589254117941675,227856.6178694174,Ejected,235
0.0025118864315095794,235704.15463203625,Ejected,797
0.000630957344480193,170946.07866225374,Ejected,316
0.0012589254117941675,229855.36013142983,Ejected,781
0.0025118864315095794,239699.14030376566,Ejected,195
0.00031622776601683794,152975.81431188816,Ejected,183
0.000630957344480193,173945.13267387223,Ejected,438
0.000630957344480193,174944.81734441174,Ejected,230
0.0025118864315095794,244692.87239342745,Ejected,354
0.0025118864315095794,247689.11164722452,Ejected,672
0.0012589254117941675,239849.07144149198,Ejected,374
0.000630957344480193,178943.5560265697,Ejected,620
0.000630957344480193,179943.24069710923,Ejected,279
0.000630957344480193,179943.24069710923,Ejected,326
0.0012589254117941675,241847.81370350442,Ejected,174
0.000630957344480193,180942.9253676487,Ejected,107
0.000630957344480193,180942.9253676487,Ejected,649
0.000630957344480193,180942.9253676487,Ejected,694
0.000630957344480193,181942.6100381882,Ejected,336
0.000630957344480193,182942.2947087277,Ejected,233
0.000630957344480193,182942.2947087277,Ejected,503
0.000630957344480193,182942.2947087277,Ejected,740
0.000630957344480193,183941.9793792672,Ejected,70
0.000630957344480193,183941.9793792672,Ejected,254
0.0012589254117941675,246844.6693585355,Ejected,285
0.0025118864315095794,256677.82940861574,Ejected,590
0.0025118864315095794,257676.5758265481,Ejected,28
0.0025118864315095794,257676.5758265481,Ejected,470
0.000630957344480193,186941.03339088568,Ejected,281
0.000630957344480193,186941.03339088568,Ejected,284
0.0012589254117941675,250842.15388256038,Ejected,207
0.0025118864315095794,259674.0686624128,Ejected,611
0.0025118864315095794,260672.81508034517,Ejected,328
0.0012589254117941675,254839.63840658523,Ejected,487
0.000630957344480193,190939.77207304366,Ejected,168
0.0012589254117941675,257837.7517996039,Ejected,373
0.0025118864315095794,266665.2935879393,Ejected,463
0.0012589254117941675,258837.12293061012,Ejected,559
0.0012589254117941675,258837.12293061012,Ejected,623
0.0012589254117941675,258837.12293061012,Ejected,624
0.0025118864315095794,268662.786423804,Ejected,136
0.000630957344480193,194938.51075520166,Ejected,50
0.000630957344480193,194938.51075520166,Ejected,232
0.000630957344480193,194938.51075520166,Ejected,495
0.0025118864315095794,269661.5328417364,Ejected,509
0.0025118864315095794,269661.5328417364,Ejected,667
0.00031622776601683794,172972.65278403042,Ejected,138
0.0025118864315095794,271659.0256776011,Ejected,290
0.000630957344480193,196937.88009628063,Ejected,507
0.000630957344480193,196937.88009628063,Ejected,502
0.0012589254117941675,265832.72084765363,Ejected,460
0.000630957344480193,201936.3034489781,Ejected,287
0.000630957344480193,204935.3574605966,Ejected,244
0.000630957344480193,204935.3574605966,Ejected,449
0.000630957344480193,204935.3574605966,Ejected,366
0.0012589254117941675,273827.68989570334,Captured,699
0.0012589254117941675,274827.06102670956,Ejected,727
0.000630957344480193,206934.7268016756,Ejected,692
0.0025118864315095794,286640.22194658645,Ejected,267
0.00031622776601683794,183970.91394370864,Ejected,43
0.0012589254117941675,278824.54555073444,Ejected,386
0.000630957344480193,208934.0961427546,Ejected,86
0.000630957344480193,208934.0961427546,Ejected,338
0.0025118864315095794,287638.96836451883,Ejected,422
0.000630957344480193,209933.78081329408,Ejected,25
0.0012589254117941675,279823.91668174067,Ejected,577
0.0025118864315095794,288637.71478245116,Ejected,331
0.000630957344480193,210933.46548383357,Ejected,139
0.0012589254117941675,282822.0300747593,Ejected,420
0.000630957344480193,211933.15015437308,Ejected,771
0.000630957344480193,212932.83482491257,Ejected,497
0.0012589254117941675,284820.7723367717,Ejected,444
0.000630957344480193,213932.51949545206,Ejected,554
0.00031622776601683794,188970.1235617442,Ejected,208
0.00031622776601683794,188970.1235617442,Ejected,576
0.0012589254117941675,287818.8857297904,Ejected,561
0.000630957344480193,215931.88883653106,Ejected,422
0.0012589254117941675,291816.37025381526,Ejected,49
0.00031622776601683794,192969.49125617265,Ejected,760
0.000630957344480193,220930.31218922854,Ejected,632
0.000630957344480193,222929.68153030754,Ejected,382
0.000630957344480193,225928.73554192603,Ejected,571
0.0012589254117941675,301810.0815638774,Ejected,457
0.000630957344480193,227928.104883005,Ejected,134
0.0012589254117941675,303808.82382588985,Ejected,564
0.0012589254117941675,304808.19495689607,Ejected,336
0.0012589254117941675,304808.19495689607,Ejected,310
0.000630957344480193,228927.7895535445,Ejected,18
0.000630957344480193,228927.7895535445,Ejected,39
0.000630957344480193,229927.474224084,Ejected,385
0.00031622776601683794,202967.91049224377,Ejected,442
0.0012589254117941675,307806.30834991473,Ejected,650
0.000630957344480193,233926.21290624197,Ejected,239
0.0012589254117941675,315801.27739796444,Ejected,321
0.0012589254117941675,316800.64852897066,Ejected,641
0.0012589254117941675,318799.3907909831,Ejected,643
0.0025118864315095794,328587.5714997454,Ejected,137
0.000630957344480193,240924.00560001846,Ejected,144
0.0012589254117941675,321797.50418400177,Ejected,159
0.000630957344480193,241923.69027055794,Ejected,137
0.000630957344480193,241923.69027055794,Ejected,688
0.000630957344480193,242923.37494109743,Ejected,722
0.000630957344480193,243923.05961163694,Ejected,444
0.0025118864315095794,334580.05000733957,Ejected,408
0.0025118864315095794,337576.28926113667,Ejected,141
0.0012589254117941675,328793.10210104525,Ejected,795
0.000630957344480193,248921.48296433443,Ejected,65
0.000630957344480193,248921.48296433443,Ejected,399
0.000630957344480193,249921.1676348739,Ejected,207
0.000630957344480193,249921.1676348739,Ejected,678
0.0012589254117941675,333789.95775607636,Ejected,703
0.0012589254117941675,335788.7000180888,Ejected,143
0.000630957344480193,254919.5909875714,Ejected,430
0.00031622776601683794,224964.43281160024,Ejected,697
0.0012589254117941675,340785.55567311984,Ejected,261
0.000630957344480193,255919.27565811088,Ejected,732
0.0025118864315095794,350559.9926942573,Ejected,682
0.000630957344480193,258918.32966972937,Ejected,636
0.0012589254117941675,344783.0401971447,Ejected,182
0.00031622776601683794,228963.8005060287,Ejected,191
0.000630957344480193,259918.01434026886,Ejected,169
0.0012589254117941675,345782.41132815095,Ejected,199
0.000630957344480193,261917.38368134786,Ejected,3
0.000630957344480193,261917.38368134786,Ejected,177
0.000630957344480193,262917.06835188734,Ejected,433
0.000630957344480193,268915.1763751243,Ejected,753
0.0012589254117941675,360772.9782932442,Ejected,500
0.0012589254117941675,361772.3494242504,Ejected,770
0.0025118864315095794,372532.41388876917,Captured,87
0.0025118864315095794,372532.41388876917,Ejected,199
0.0025118864315095794,372532.41388876917,Ejected,792
0.000630957344480193,277912.33840997977,Ejected,306
0.00031622776601683794,245961.1132073496,Ejected,521
0.0025118864315095794,377526.1459784309,Ejected,415
0.000630957344480193,278912.0230805193,Ejected,407
0.0012589254117941675,370766.68960330635,Ejected,99
0.00031622776601683794,247960.79705456382,Ejected,626
0.000630957344480193,281911.07709213777,Ejected,9
0.000630957344480193,281911.07709213777,Ejected,419
0.0012589254117941675,374764.17412733124,Ejected,137
0.0025118864315095794,384517.3709039574,Ejected,796
0.0012589254117941675,377762.2875203499,Ejected,122
0.00031622776601683794,254959.69051981362,Ejected,267
0.000630957344480193,288908.86978591426,Ejected,214
0.00031622776601683794,255959.53244342073,Ejected,549
0.000630957344480193,290908.2391269932,Ejected,61
0.00031622776601683794,257959.21629063494,Ejected,280
0.00031622776601683794,263958.26783227763,Ejected,337
0.00031622776601683794,264958.10975588474,Ejected,522
0.000630957344480193,301904.77050292765,Ejected,62
0.0012589254117941675,398749.0812714804,Ejected,316
0.00031622776601683794,272956.84514474164,Ejected,56
0.00031622776601683794,272956.84514474164,Ejected,361
0.000630957344480193,308902.56319670414,Ejected,164
0.00031622776601683794,272956.84514474164,Ejected,767
0.00031622776601683794,274956.52899195586,Ejected,338
0.000630957344480193,310901.93253778317,Ejected,354
0.0012589254117941675,407743.4214505364,Ejected,742
0.0012589254117941675,408742.79258154257,Ejected,581
0.000630957344480193,313900.98654940166,Ejected,302
0.00031622776601683794,279955.73860999144,Ejected,229
0.000630957344480193,315900.3558904806,Ejected,451
0.000630957344480193,315900.3558904806,Ejected,518
0.000630957344480193,315900.3558904806,Ejected,519
0.00031622776601683794,285954.7901516341,Ejected,387
0.000630957344480193,322898.1485842571,Ejected,351
0.00031622776601683794,286954.6320752412,Ejected,530
0.00031622776601683794,289954.15784606256,Ejected,729
0.00031622776601683794,290953.99976966967,Ejected,148
0.0012589254117941675,424732.73067764204,Ejected,603
0.000630957344480193,331895.31061911257,Ejected,34
0.0012589254117941675,427730.8440706607,Ejected,533
0.00031622776601683794,296953.0513113123,Ejected,22
0.000630957344480193,335894.0493012705,Ejected,513
0.00031622776601683794,300952.4190057408,Ejected,246
0.000630957344480193,340892.472653968,Ejected,253
0.000630957344480193,340892.472653968,Ejected,380
0.00031622776601683794,302952.102852955,Ejected,561
0.00031622776601683794,302952.102852955,Ejected,771
0.00031622776601683794,304951.7867001692,Ejected,46
0.00031622776601683794,312950.5220890261,Ejected,518
0.00031622776601683794,313950.3640126332,Ejected,366
0.00031622776601683794,315950.0478598475,Ejected,494
0.000630957344480193,357887.1120531394,Ejected,551
0.00031622776601683794,319949.4155542759,Ejected,754
0.00031622776601683794,319949.4155542759,Ejected,759
0.000630957344480193,362885.53540583694,Ejected,113
0.00031622776601683794,326948.3090195257,Ejected,786
0.000630957344480193,368883.6434290739,Ejected,605
0.00031622776601683794,328947.9928667399,Ejected,117
0.00031622776601683794,329947.834790347,Ejected,134
0.00031622776601683794,329947.834790347,Ejected,731
0.000630957344480193,375881.43612285034,Ejected,286
0.000630957344480193,375881.43612285034,Ejected,670
0.000630957344480193,377880.80546392937,Ejected,273
0.00031622776601683794,336946.7282555968,Ejected,78
0.00031622776601683794,336946.7282555968,Ejected,661
0.00031622776601683794,339946.25402641814,Ejected,324
0.000630957344480193,381879.5441460873,Ejected,350
0.0012589254117941675,482696.2562760026,Ejected,419
0.00031622776601683794,342945.7797972395,Ejected,674
0.000630957344480193,386877.9674987848,Ejected,376
0.00031622776601683794,345945.30556806084,Ejected,689
0.00031622776601683794,347944.98941527505,Ejected,358
0.00031622776601683794,349944.67326248926,Ejected,289
0.000630957344480193,394875.44486310077,Ejected,150
0.00031622776601683794,352944.19903331064,Ejected,787
0.0012589254117941675,494688.7098480772,Ejected,222
0.00031622776601683794,357943.40865134617,Ejected,150
0.00031622776601683794,357943.40865134617,Ejected,136
0.00031622776601683794,357943.40865134617,Ejected,357
0.00031622776601683794,359943.0924985604,Ejected,0
0.00031622776601683794,359943.0924985604,Ejected,84
0.00031622776601683794,359943.0924985604,Ejected,750
0.00031622776601683794,360942.9344221675,Ejected,44
0.00031622776601683794,360942.9344221675,Ejected,70
0.000630957344480193,406871.6609095747,Ejected,537
0.00031622776601683794,362942.61826938175,Ejected,605
0.00031622776601683794,363942.46019298886,Ejected,703
0.000630957344480193,408871.03025065374,Ejected,339
0.00031622776601683794,366941.9859638102,Ejected,83
0.00031622776601683794,366941.9859638102,Ejected,653
0.00031622776601683794,367941.8278874173,Ejected,255
0.00031622776601683794,368941.6698110244,Ejected,394
0.00031622776601683794,372941.03750545287,Ejected,181
0.00031622776601683794,373940.87942906,Ejected,277
0.00031622776601683794,379939.93097070267,Ejected,362
0.00031622776601683794,380939.7728943098,Ejected,108
0.00031622776601683794,380939.7728943098,Ejected,776
0.000630957344480193,426865.35432036465,Ejected,604
0.000630957344480193,430864.0930025226,Ejected,175
0.000630957344480193,430864.0930025226,Ejected,278
0.0012589254117941675,532664.8128263134,Ejected,757
0.00031622776601683794,389938.3502067738,Ejected,294
0.00031622776601683794,394937.5598248093,Ejected,354
0.000630957344480193,441860.6243784571,Ejected,353
0.00031622776601683794,395937.4017484164,Ejected,506
0.00031622776601683794,397937.0855956307,Ejected,168
0.00031622776601683794,397937.0855956307,Ejected,188
0.00031622776601683794,400936.611366452,Ejected,221
0.000630957344480193,448858.41707223357,Ejected,429
0.00031622776601683794,401936.4532900591,Ejected,413
0.00031622776601683794,402936.2952136662,Ejected,743
0.00031622776601683794,403936.1371372733,Ejected,218
0.00031622776601683794,403936.1371372733,Ejected,469
0.00031622776601683794,406935.6629080947,Ejected,213
0.00031622776601683794,412934.71444973734,Ejected,429
0.00031622776601683794,416934.0821441658,Ejected,152
0.00031622776601683794,416934.0821441658,Ejected,491
0.00031622776601683794,421933.29176220135,Ejected,245
0.00031622776601683794,428932.18522745115,Ejected,645
0.000630957344480193,480848.3265294974,Ejected,185
0.000630957344480193,481848.0112000369,Ejected,505
0.00031622776601683794,432931.5529218796,Ejected,543
0.000630957344480193,492844.54257597134,Ejected,280
0.00031622776601683794,443929.81408155785,Ejected,118
0.000630957344480193,499842.3352697478,Ejected,101
0.00031622776601683794,448929.0236995934,Ejected,418
0.000630957344480193,499842.3352697478,Ejected,523
0.000630957344480193,505840.4432929848,Ejected,241
0.00031622776601683794,466926.1783245214,Ejected,487
0.00031622776601683794,469925.7040953427,Ejected,162
0.00031622776601683794,472925.2298661641,Ejected,546
0.00031622776601683794,472925.2298661641,Ejected,577
0.00031622776601683794,473925.0717897712,Ejected,548
0.00031622776601683794,475924.7556369854,Ejected,226
0.00031622776601683794,476924.5975605925,Ejected,197
0.000630957344480193,534831.2987386301,Ejected,317
0.000630957344480193,535830.9834091697,Ejected,608
0.00031622776601683794,483923.4910258423,Ejected,565
0.00031622776601683794,489922.542567485,Ejected,557
0.00031622776601683794,490922.3844910921,Ejected,589
0.00031622776601683794,495921.59410912765,Ejected,248
0.00031622776601683794,495921.59410912765,Ejected,667
0.000630957344480193,551825.9381378016,Ejected,793
0.000630957344480193,553825.3074788806,Ejected,368
0.000630957344480193,554824.9921494201,Ejected,624
0.00031622776601683794,508919.53911602014,Ejected,445
0.00031622776601683794,511919.06488684146,Ejected,676
0.00031622776601683794,512918.90681044856,Ejected,484
0.00031622776601683794,514918.5906576628,Ejected,295
0.00031622776601683794,514918.5906576628,Ejected,384
0.000630957344480193,577817.7395718285,Ejected,373
0.000630957344480193,578817.424242368,Ejected,440
0.00031622776601683794,522917.3260465197,Ejected,733
0.00031622776601683794,523917.1679701268,Ejected,39
0.00031622776601683794,523917.1679701268,Ejected,659
0.00031622776601683794,526916.6937409481,Ejected,732
0.00031622776601683794,527916.5356645553,Ejected,402
0.00031622776601683794,527916.5356645553,Ejected,652
0.000630957344480193,584815.5322656049,Ejected,595
0.000630957344480193,588814.2709477629,Ejected,345
0.00031622776601683794,532915.7452825909,Ejected,541
0.000630957344480193,589813.9556183025,Ejected,394
0.00031622776601683794,535915.2710534121,Ejected,90
0.000630957344480193,597811.4329826183,Ejected,447
0.000630957344480193,601810.1716647764,Ejected,79
0.00031622776601683794,549913.0579839117,Ejected,471
0.00031622776601683794,551912.7418311259,Ejected,185
0.00031622776601683794,555912.1095255543,Ejected,96
0.000630957344480193,613806.3877112503,Ejected,55
0.00031622776601683794,557911.7933727687,Ejected,115
0.00031622776601683794,562911.0029908041,Ejected,234
0.00031622776601683794,565910.5287616255,Ejected,209
0.00031622776601683794,565910.5287616255,Ejected,217
0.00031622776601683794,565910.5287616255,Ejected,472
0.00031622776601683794,568910.0545324469,Ejected,489
0.00031622776601683794,585907.3672337678,Ejected,568
0.00031622776601683794,587907.051080982,Ejected,751
0.00031622776601683794,593906.1026226246,Ejected,401
0.000630957344480193,654793.4592033697,Ejected,21
0.00031622776601683794,597905.4703170531,Ejected,262
0.00031622776601683794,597905.4703170531,Ejected,457
0.000630957344480193,658792.1978855276,Ejected,630
0.00031622776601683794,603904.5218586958,Ejected,781
0.00031622776601683794,608903.7314767314,Ejected,125
0.00031622776601683794,608903.7314767314,Ejected,704
0.00031622776601683794,610903.4153239456,Ejected,18
0.00031622776601683794,626900.8861016594,Ejected,144
0.00031622776601683794,628900.5699488736,Ejected,651
0.000630957344480193,697779.9000365679,Ejected,589
0.00031622776601683794,637899.1472613376,Ejected,721
0.00031622776601683794,641898.514955766,Ejected,510
0.000630957344480193,705777.3774008839,Ejected,255
0.00031622776601683794,645897.8826501945,Ejected,225
0.00031622776601683794,646897.7245738016,Ejected,239
0.000630957344480193,733768.5481759898,Ejected,105
0.00031622776601683794,676892.982282015,Ejected,172
0.00031622776601683794,676892.982282015,Ejected,310
0.00031622776601683794,677892.8242056221,Ejected,165
0.00031622776601683794,680892.3499764435,Ejected,558
0.00031622776601683794,683891.8757472647,Ejected,715
0.00031622776601683794,693890.2949833359,Ejected,327
0.00031622776601683794,695889.9788305501,Ejected,75
0.000630957344480193,762759.4036216352,Ejected,313
0.000630957344480193,774755.6196681091,Ejected,231
0.00031622776601683794,709887.7657610497,Ejected,753
0.000630957344480193,781753.4123618855,Ejected,331
0.00031622776601683794,726885.0784623706,Ejected,187
0.00031622776601683794,727884.9203859777,Ejected,278
0.00031622776601683794,738883.1815456559,Ejected,624
0.000630957344480193,815742.6911602285,Ejected,466
0.00031622776601683794,752880.9684761555,Ejected,282
0.00031622776601683794,752880.9684761555,Ejected,581
0.00031622776601683794,769878.2811774764,Ejected,492
0.00031622776601683794,777877.0165663334,Ejected,389
0.00031622776601683794,778876.8584899404,Ejected,495
0.00031622776601683794,796874.0131148684,Ejected,417
0.00031622776601683794,801873.222732904,Ejected,66
0.00031622776601683794,827869.1127466889,Ejected,131
0.000630957344480193,901715.5728266251,Ejected,148
0.00031622776601683794,839867.2158299743,Ejected,719
0.00031622776601683794,853865.0027604739,Ejected,315
0.000630957344480193,934705.1669544284,Ejected,296
0.00031622776601683794,868862.6316145805,Ejected,502
0.00031622776601683794,869862.4735381877,Ejected,186
0.000630957344480193,947701.0676714418,Ejected,481
0.000630957344480193,979690.9771287057,Ejected,191
0.000630957344480193,979690.9771287057,Ejected,265
0.00031622776601683794,919854.5697185432,Ejected,242
0.00031622776601683794,921854.2535657574,Ejected,52
0.00031622776601683794,924853.7793365788,Ejected,303
0.00031622776601683794,932852.5147254358,Ejected,699
0.00031622776601683794,942850.9339615068,Ejected,164
0.00031622776601683794,946850.3016559352,Ejected,250
0.00031622776601683794,946850.3016559352,Ejected,392
0.00031622776601683794,962847.772433649,Ejected,419
0.00031622776601683794,976845.5593641486,Ejected,216
0.00031622776601683794,1048834.1778638607,Ejected,299
0.00031622776601683794,1050833.8617110748,Ejected,380
