0.0001333521432163324,22998.46660371257,Captured,507
0.00031622776601683794,42993.20271510583,Captured,723
0.00031622776601683794,145976.9208466384,Ejected,390
0.00031622776601683794,152975.81431188816,Ejected,225
5.623413251903491e-05,130996.31681965961,Ejected,354
0.00031622776601683794,157975.02392992374,Ejected,177
0.00031622776601683794,158974.86585353085,Ejected,82
0.00031622776601683794,190969.80740895844,Ejected,99
0.00031622776601683794,202967.91049224377,Ejected,567
0.00031622776601683794,208966.96203388646,Ejected,527
0.00031622776601683794,211966.48780470778,Ejected,123
0.00031622776601683794,214966.01357552913,Ejected,256
0.00031622776601683794,215965.85549913623,Ejected,635
0.00031622776601683794,229963.6424296358,Ejected,63
0.00031622776601683794,229963.6424296358,Ejected,454
0.00031622776601683794,235962.6939712785,Ejected,247
0.00031622776601683794,241961.74551292116,Ejected,503
0.00031622776601683794,248960.63897817093,Ejected,740
0.00031622776601683794,253959.84859620652,Ejected,389
0.00031622776601683794,257959.21629063494,Ejected,745
0.00031622776601683794,257959.21629063494,Ejected,788
0.00031622776601683794,259958.90013784918,Ejected,17
0.00031622776601683794,275956.37091556296,Ejected,64
0.00031622776601683794,283955.10630441987,Ejected,42
0.00031622776601683794,288954.31592245545,Ejected,322
0.00031622776601683794,290953.99976966967,Ejected,105
0.00031622776601683794,290953.99976966967,Ejected,551
0.00031622776601683794,301952.2609293479,Ejected,219
0.00031622776601683794,301952.2609293479,Ejected,588
0.00031622776601683794,305951.6286237763,Ejected,346
0.00031622776601683794,308951.1543945977,Ejected,199
0.00031622776601683794,309950.9963182048,Ejected,436
0.00031622776601683794,309950.9963182048,Ejected,582
0.00031622776601683794,310950.8382418119,Ejected,6
0.00031622776601683794,313950.3640126332,Ejected,191
0.00031622776601683794,316949.8897834546,Ejected,21
0.00031622776601683794,316949.8897834546,Ejected,142
0.00031622776601683794,317949.7317070617,Ejected,547
0.00031622776601683794,318949.5736306688,Ejected,126
0.00031622776601683794,318949.5736306688,Ejected,768
0.00031622776601683794,320949.257477883,Ejected,137
0.00031622776601683794,323948.78324870433,Ejected,359
0.00031622776601683794,326948.3090195257,Ejected,51
0.00031622776601683794,329947.834790347,Ejected,750
0.00031622776601683794,332947.36056116835,Ejected,288
0.00031622776601683794,333947.2024847755,Ejected,433
0.00031622776601683794,334947.0444083826,Ejected,334
0.00031622776601683794,339946.25402641814,Ejected,94
0.00031622776601683794,342945.7797972395,Ejected,329
0.00031622776601683794,346945.14749166794,Ejected,243
0.00031622776601683794,348944.83133888216,Ejected,640
0.00031622776601683794,353944.04095691774,Ejected,84
0.00031622776601683794,354943.88288052485,Ejected,767
0.00031622776601683794,356943.56672773906,Ejected,748
0.00031622776601683794,358943.2505749533,Ejected,229
0.00031622776601683794,365942.1440402031,Ejected,415
0.00031622776601683794,378940.0890470955,Ejected,9
0.00031622776601683794,379939.93097070267,Ejected,626
0.00031622776601683794,380939.7728943098,Ejected,291
0.00031622776601683794,381939.6148179169,Ejected,15
0.00031622776601683794,382939.456741524,Ejected,110
0.0001333521432163324,321978.532451976,Ejected,260
0.00031622776601683794,391938.034053988,Ejected,490
0.00031622776601683794,395937.4017484164,Ejected,660
0.00031622776601683794,403936.1371372733,Ejected,170
0.00031622776601683794,403936.1371372733,Ejected,794
0.00031622776601683794,405935.82098448754,Ejected,793
0.00031622776601683794,417933.9240677729,Ejected,555
0.00031622776601683794,424932.81753302267,Ejected,494
0.00031622776601683794,431931.71099827247,Ejected,792
0.00031622776601683794,437930.76253991516,Ejected,235
0.00031622776601683794,444929.65600516496,Ejected,772
0.00031622776601683794,447929.1817759863,Ejected,638
0.00031622776601683794,450928.7075468076,Ejected,151
0.00031622776601683794,452928.39139402186,Ejected,115
0.00031622776601683794,456927.7590884503,Ejected,650
0.0001333521432163324,386974.1989407289,Ejected,564
0.00031622776601683794,468925.8621717356,Ejected,726
0.00031622776601683794,476924.5975605925,Ejected,56
0.00031622776601683794,480923.965255021,Ejected,11
0.00031622776601683794,480923.965255021,Ejected,230
0.00031622776601683794,482923.6491022352,Ejected,506
0.00031622776601683794,484923.3329494494,Ejected,480
0.00031622776601683794,485923.17487305653,Ejected,358
0.00031622776601683794,486923.01679666364,Ejected,733
0.00031622776601683794,498921.119879949,Ejected,44
0.00031622776601683794,499920.9618035561,Ejected,31
0.00031622776601683794,507919.69719241303,Ejected,429
0.00031622776601683794,522917.3260465197,Ejected,220
0.00031622776601683794,527916.5356645553,Ejected,120
0.00031622776601683794,531915.9033589837,Ejected,786
0.00031622776601683794,532915.7452825909,Ejected,401
0.00031622776601683794,533915.5872061979,Ejected,470
0.00031622776601683794,533915.5872061979,Ejected,523
0.00031622776601683794,534915.4291298051,Ejected,637
0.0001333521432163324,448970.0654376932,Ejected,174
0.00031622776601683794,544913.8483658761,Ejected,499
0.00031622776601683794,547913.3741366975,Ejected,240
0.00031622776601683794,552912.5837547331,Ejected,212
0.00031622776601683794,554912.2676019473,Ejected,181
0.00031622776601683794,558911.6352963757,Ejected,712
0.00031622776601683794,562911.0029908041,Ejected,277
0.00031622776601683794,565910.5287616255,Ejected,706
0.00031622776601683794,566910.3706852327,Ejected,211
0.00031622776601683794,566910.3706852327,Ejected,242
0.00031622776601683794,568910.0545324469,Ejected,129
0.00031622776601683794,586907.2091573749,Ejected,574
0.00031622776601683794,587907.051080982,Ejected,109
0.00031622776601683794,591906.4187754104,Ejected,55
0.00031622776601683794,604904.363782303,Ejected,431
0.0001333521432163324,502966.465289888,Ejected,598
0.00031622776601683794,609903.5734003384,Ejected,476
0.00031622776601683794,610903.4153239456,Ejected,141
0.00031622776601683794,617902.3087891954,Ejected,164
0.00031622776601683794,620901.8345600166,Ejected,327
0.00031622776601683794,631900.095719695,Ejected,114
0.00031622776601683794,650897.09226823,Ejected,57
0.0001333521432163324,540963.9318525435,Ejected,81
0.00031622776601683794,655896.3018862656,Ejected,535
0.00031622776601683794,663895.0372751225,Ejected,736
0.00031622776601683794,676892.982282015,Ejected,456
0.00031622776601683794,692890.4530597287,Ejected,238
0.00031622776601683794,692890.4530597287,Ejected,459
0.00031622776601683794,697889.6626777643,Ejected,665
0.00031622776601683794,716886.6592262995,Ejected,384
0.00031622776601683794,727884.9203859777,Ejected,111
0.00031622776601683794,734883.8138512275,Ejected,320
0.00031622776601683794,737883.3396220488,Ejected,584
0.00031622776601683794,742882.5492400844,Ejected,251
0.00031622776601683794,749881.4427053342,Ejected,694
0.0001333521432163324,624958.3316226242,Ejected,586
0.00031622776601683794,754880.6523233698,Ejected,676
0.00031622776601683794,767878.5973302622,Ejected,77
0.0001333521432163324,635957.5982591824,Ejected,292
0.00031622776601683794,768878.4392538694,Ejected,227
0.00031622776601683794,782876.2261843688,Ejected,260
0.00031622776601683794,787875.4358024044,Ejected,662
0.00031622776601683794,805872.5904273324,Ejected,493
0.00031622776601683794,809871.9581217609,Ejected,590
0.0001333521432163324,671955.1981606456,Ejected,217
0.00031622776601683794,818870.5354342249,Ejected,131
0.00031622776601683794,824869.5869758676,Ejected,744
0.00031622776601683794,842866.7416007956,Ejected,202
0.00031622776601683794,854864.8446840809,Ejected,33
0.00031622776601683794,884860.1023922943,Ejected,375
0.00031622776601683794,886859.7862395085,Ejected,412
0.00031622776601683794,888859.4700867228,Ejected,85
0.00031622776601683794,888859.4700867228,Ejected,684
0.00031622776601683794,896858.2054755797,Ejected,742
0.00031622776601683794,911855.8343296864,Ejected,628
0.00031622776601683794,932852.5147254358,Ejected,290
0.00031622776601683794,933852.3566490428,Ejected,708
0.00031622776601683794,937851.7243434712,Ejected,13
0.00031622776601683794,945850.4597323282,Ejected,624
0.00031622776601683794,947850.1435795424,Ejected,586
0.00031622776601683794,955848.8789683993,Ejected,331
0.00031622776601683794,965847.2982044704,Ejected,409
2.371373705661655e-05,678991.9493294526,Ejected,421
0.00031622776601683794,966847.1401280775,Ejected,622
0.00031622776601683794,994842.7139890767,Ejected,749
0.0001333521432163324,824944.997741864,Ejected,111
9.999999999999999e-06,765996.1700287247,Ejected,547
0.0001333521432163324,829944.6643948449,Ejected,628
0.00031622776601683794,1032836.7070861469,Ejected,306
0.00031622776601683794,1038835.7586277896,Ejected,775
0.00031622776601683794,1041835.2843986109,Ejected,685
0.00031622776601683794,1055833.0713291105,Ejected,146
0.00031622776601683794,1074830.0678776456,Ejected,659
0.00031622776601683794,1099826.1159678234,Ejected,486
0.0001333521432163324,905939.5975201561,Ejected,238
0.0001333521432163324,910939.264173137,Ejected,83
0.0001333521432163324,917938.7974873105,Ejected,458
0.0001333521432163324,918938.7308179067,Ejected,351
0.0001333521432163324,922938.4641402914,Ejected,339
0.00031622776601683794,1139819.792912108,Ejected,705
0.0001333521432163324,937937.4640992344,Ejected,731
0.0001333521432163324,940937.264091023,Ejected,294
0.00031622776601683794,1166815.5248495,Ejected,213
0.00031622776601683794,1178813.6279327853,Ejected,783
0.0001333521432163324,968935.3973477166,Ejected,49
0.0001333521432163324,980934.5973148709,Ejected,436
0.0001333521432163324,996933.5306044101,Ejected,611
0.0001333521432163324,1006932.8639103721,Ejected,225
0.0001333521432163324,1033931.0638364695,Ejected,144
0.00031622776601683794,1261800.5075921756,Ejected,68
0.0001333521432163324,1038930.7304894505,Ejected,443
0.00031622776601683794,1272798.7687518538,Ejected,336
0.0001333521432163324,1049929.9971260086,Ejected,499
0.00031622776601683794,1283797.029911532,Ejected,30
0.00031622776601683794,1286796.5556823534,Ejected,136
0.00031622776601683794,1293795.4491476032,Ejected,451
0.0001333521432163324,1068928.7304073365,Ejected,417
0.00031622776601683794,1304793.7103072815,Ejected,600
0.00031622776601683794,1315791.9714669597,Ejected,40
0.0001333521432163324,1092927.1303416453,Ejected,787
0.00031622776601683794,1333789.1260918877,Ejected,215
0.00031622776601683794,1342787.7034043516,Ejected,688
0.0001333521432163324,1134924.3302266856,Ejected,55
0.0001333521432163324,1145923.5968632437,Ejected,574
0.00031622776601683794,1402778.2188207784,Ejected,649
0.0001333521432163324,1160922.5968221868,Ejected,269
0.00031622776601683794,1415776.163827671,Ejected,435
0.00031622776601683794,1417775.847674885,Ejected,176
0.0001333521432163324,1169921.9967975526,Ejected,530
0.00031622776601683794,1431773.6346053847,Ejected,715
0.0001333521432163324,1185920.9300870916,Ejected,532
0.00031622776601683794,1441772.0538414558,Ejected,197
0.0001333521432163324,1193920.3967318614,Ejected,194
0.00031622776601683794,1461768.892313598,Ejected,182
0.0001333521432163324,1206919.530029612,Ejected,514
0.0001333521432163324,1211919.1966825929,Ejected,795
0.00031622776601683794,1476766.5211677048,Ejected,236
0.0001333521432163324,1239917.3299392865,Ejected,434
0.0001333521432163324,1246916.8632534598,Ejected,26
0.0001333521432163324,1252916.463237037,Ejected,670
0.00031622776601683794,1523759.091577239,Ejected,157
0.00031622776601683794,1538756.7204313457,Ejected,656
0.0001333521432163324,1298913.3964444622,Ejected,624
0.0001333521432163324,1312912.463072809,Ejected,284
0.00031622776601683794,1639740.754715664,Ejected,687
0.0001333521432163324,1355909.5962884454,Ejected,638
0.0001333521432163324,1364908.9962638114,Ejected,476
0.0001333521432163324,1385907.5962063314,Ejected,11
0.0001333521432163324,1449903.3293644881,Ejected,493
0.00031622776601683794,1774719.4144026241,Ejected,352
0.00031622776601683794,1774719.4144026241,Ejected,565
0.0001333521432163324,1477901.4626211817,Ejected,444
0.00031622776601683794,1795716.0947983735,Ejected,91
0.0001333521432163324,1497900.1292331058,Ejected,293
0.00031622776601683794,1808714.039805266,Ejected,671
0.0001333521432163324,1501899.8625554906,Ejected,527
0.00031622776601683794,1813713.2494233015,Ejected,655
0.0001333521432163324,1542897.1291099347,Ejected,324
0.0001333521432163324,1550896.5957547042,Ejected,487
0.00031622776601683794,1898699.8129299062,Ejected,2
0.0001333521432163324,1581894.5290031864,Ejected,573
0.0001333521432163324,1621891.8622270343,Ejected,715
0.0001333521432163324,1637890.7955165736,Ejected,271
0.0001333521432163324,1637890.7955165736,Ejected,472
0.0001333521432163324,1650889.928814324,Ejected,27
0.0001333521432163324,1673888.3954180367,Ejected,299
0.0001333521432163324,1717885.4619642694,Ejected,666
0.0001333521432163324,1814878.9950321007,Ejected,173
0.0001333521432163324,1820878.5950156779,Ejected,569
0.0001333521432163324,1833877.7283134286,Ejected,163
0.0001333521432163324,1840877.261627602,Ejected,369
0.0001333521432163324,1849876.6616029677,Ejected,47
