0.00015848931924611142,21998.256824691558,Ejected,319
3.9810717055349695e-05,87998.2483807493,Ejected,59
0.00015848931924611142,138988.9863014603,Ejected,616
0.00015848931924611142,165986.84694994538,Ejected,14
0.00015848931924611142,179985.73765656727,Captured,316
0.00015848931924611142,195984.4698927066,Captured,205
0.00015848931924611142,338973.1392532017,Ejected,67
0.00015848931924611142,361971.316842652,Ejected,589
0.00015848931924611142,406967.7512567938,Ejected,596
0.00015848931924611142,420966.6419634157,Ejected,540
0.00015848931924611142,441964.97802334855,Ejected,517
0.00015848931924611142,457963.71025948785,Ejected,508
0.00015848931924611142,457963.71025948785,Ejected,599
0.00015848931924611142,464963.1556127988,Ejected,56
0.00015848931924611142,466962.99714231625,Ejected,226
0.00015848931924611142,472962.5217308685,Ejected,656
0.00015848931924611142,477962.125554662,Ejected,650
0.00015848931924611142,486961.41243749036,Ejected,571
1.9952623149688786e-05,328996.7178426075,Ejected,44
0.00015848931924611142,488961.2539670078,Ejected,773
0.00015848931924611142,492960.9370260426,Ejected,609
0.00015848931924611142,501960.223908871,Ejected,384
0.00015848931924611142,527958.1637925974,Ejected,447
0.00015848931924611142,561955.4697943934,Ejected,292
0.00015848931924611142,568954.9151477044,Ejected,183
1.9952623149688786e-05,370996.2988437915,Captured,435
0.00015848931924611142,577954.2020305328,Ejected,445
0.00015848931924611142,580953.9643248089,Ejected,786
0.00015848931924611142,582953.8058543262,Ejected,163
0.00015848931924611142,589953.2512076373,Ejected,54
0.00015848931924611142,591953.0927371547,Ejected,151
0.00015848931924611142,599952.4588552243,Ejected,174
0.00015848931924611142,599952.4588552243,Ejected,464
0.00015848931924611142,600952.379619983,Ejected,64
0.00015848931924611142,604952.0626790178,Ejected,497
7.943282347242821e-05,455981.89039511397,Ejected,719
9.999999999999999e-06,370998.14501391235,Captured,491
0.00015848931924611142,614951.270326605,Ejected,541
0.00015848931924611142,615951.1910913636,Ejected,626
0.00015848931924611142,620950.7949151571,Ejected,707
0.00015848931924611142,627950.240268468,Ejected,309
0.00015848931924611142,629950.0817979855,Ejected,680
0.00015848931924611142,650948.4178579183,Ejected,289
0.00015848931924611142,669946.9123883338,Ejected,774
0.00015848931924611142,670946.8331530925,Ejected,797
0.00015848931924611142,672946.67468261,Ejected,765
0.00015848931924611142,674946.5162121273,Ejected,495
0.00015848931924611142,685945.6446244731,Ejected,394
0.00015848931924611142,688945.4069187492,Ejected,105
0.00015848931924611142,696944.7730368188,Ejected,61
0.00015848931924611142,697944.6938015776,Ejected,373
0.00015848931924611142,698944.6145663363,Ejected,96
0.00015848931924611142,702944.2976253711,Ejected,41
0.00015848931924611142,702944.2976253711,Ejected,250
0.00015848931924611142,706943.980684406,Ejected,580
0.00015848931924611142,711943.5845081995,Ejected,283
0.00015848931924611142,715943.2675672343,Ejected,535
0.00015848931924611142,718943.0298615105,Ejected,636
0.00015848931924611142,722942.7129205453,Ejected,659
0.00015848931924611142,723942.633685304,Ejected,359
0.00015848931924611142,726942.3959795801,Ejected,746
0.00015848931924611142,728942.2375090976,Ejected,48
0.00015848931924611142,728942.2375090976,Ejected,763
3.9810717055349695e-05,477990.4855227064,Ejected,307
7.943282347242821e-05,542978.4352731291,Ejected,13
0.00015848931924611142,742941.1282157194,Ejected,49
0.00015848931924611142,748940.6528042717,Ejected,218
0.00015848931924611142,749940.5735690304,Ejected,408
0.00015848931924611142,751940.4150985478,Ejected,129
0.00015848931924611142,762939.5435108936,Ejected,265
0.00015848931924611142,764939.385040411,Ejected,228
0.00015848931924611142,766939.2265699283,Ejected,140
0.00015848931924611142,767939.1473346871,Ejected,627
0.00015848931924611142,779938.1965117916,Ejected,327
0.00015848931924611142,782937.9588060677,Ejected,155
0.00015848931924611142,783937.8795708264,Ejected,734
0.00015848931924611142,787937.5626298613,Ejected,232
0.00015848931924611142,791937.245688896,Ejected,634
0.00015848931924611142,793937.0872184135,Ejected,623
0.00015848931924611142,795936.9287479309,Ejected,486
0.00015848931924611142,796936.8495126896,Ejected,584
0.00015848931924611142,797936.7702774483,Ejected,230
0.00015848931924611142,801936.4533364831,Ejected,538
0.00015848931924611142,804936.2156307593,Ejected,282
0.00015848931924611142,808935.8986897941,Ejected,566
0.00015848931924611142,808935.8986897941,Ejected,704
0.00015848931924611142,815935.344043105,Ejected,127
0.00015848931924611142,816935.2648078637,Ejected,475
0.00015848931924611142,820934.9478668986,Ejected,478
0.00015848931924611142,822934.7893964159,Ejected,261
0.00015848931924611142,828934.3139849682,Ejected,755
0.00015848931924611142,832933.9970440031,Ejected,43
0.00015848931924611142,833933.9178087618,Ejected,751
0.00015848931924611142,835933.7593382791,Ejected,607
0.00015848931924611142,835933.7593382791,Ejected,736
0.00015848931924611142,841933.2839268314,Ejected,728
0.00015848931924611142,855932.1746334534,Ejected,63
0.00015848931924611142,863931.540751523,Ejected,257
0.00015848931924611142,867931.2238105579,Ejected,545
0.00015848931924611142,869931.0653400752,Ejected,785
0.00015848931924611142,885929.7975762145,Ejected,278
0.00015848931924611142,889929.4806352494,Ejected,749
0.00015848931924611142,895929.0052238016,Ejected,253
0.00015848931924611142,897928.846753319,Ejected,366
0.00015848931924611142,897928.846753319,Ejected,679
0.00015848931924611142,898928.7675180777,Ejected,55
0.00015848931924611142,899928.6882828365,Ejected,256
0.00015848931924611142,909927.8959304235,Ejected,113
0.00015848931924611142,910927.8166951822,Ejected,446
0.00015848931924611142,912927.6582246997,Ejected,770
0.00015848931924611142,913927.5789894584,Ejected,371
0.00015848931924611142,915927.4205189757,Ejected,558
0.00015848931924611142,916927.3412837344,Ejected,233
0.00015848931924611142,920927.0243427693,Ejected,149
0.00015848931924611142,922926.8658722867,Ejected,489
0.00015848931924611142,923926.7866370454,Ejected,467
0.00015848931924611142,925926.6281665629,Ejected,242
0.00015848931924611142,930926.2319903563,Ejected,212
0.00015848931924611142,936925.7565789087,Ejected,570
0.00015848931924611142,938925.598108426,Ejected,91
0.00015848931924611142,938925.598108426,Ejected,335
0.00015848931924611142,940925.4396379434,Ejected,263
0.00015848931924611142,945925.043461737,Ejected,730
0.00015848931924611142,950924.6472855305,Ejected,88
0.00015848931924611142,954924.3303445653,Ejected,761
0.00015848931924611142,957924.0926388415,Ejected,307
0.00015848931924611142,961923.7756978762,Ejected,23
7.943282347242821e-05,691972.5178803045,Ejected,648
0.00015848931924611142,967923.3002864285,Ejected,766
0.00015848931924611142,971922.9833454634,Ejected,520
0.00015848931924611142,979922.349463533,Ejected,124
0.00015848931924611142,980922.2702282917,Ejected,47
0.00015848931924611142,988921.6363463614,Ejected,160
0.00015848931924611142,990921.4778758788,Ejected,756
0.00015848931924611142,994921.1609349137,Ejected,276
3.9810717055349695e-05,634987.360474725,Ejected,194
0.00015848931924611142,1006920.210112018,Ejected,563
0.00015848931924611142,1008920.0516415355,Ejected,46
0.00015848931924611142,1009919.9724062942,Ejected,393
0.00015848931924611142,1009919.9724062942,Ejected,521
0.00015848931924611142,1033918.0707605032,Ejected,423
0.00015848931924611142,1039917.5953490555,Ejected,30
0.00015848931924611142,1040917.5161138142,Ejected,624
0.00015848931924611142,1042917.3576433315,Ejected,162
0.00015848931924611142,1044917.199172849,Ejected,733
7.943282347242821e-05,743970.4527499228,Ejected,724
0.00015848931924611142,1049916.8029966424,Ejected,379
0.00015848931924611142,1050916.7237614011,Ejected,645
0.00015848931924611142,1058916.0898794709,Ejected,409
9.999999999999999e-06,573997.1300215247,Ejected,16
0.00015848931924611142,1074914.8221156101,Ejected,577
0.00015848931924611142,1082914.1882336799,Ejected,73
0.00015848931924611142,1083914.1089984386,Ejected,748
0.00015848931924611142,1085913.950527956,Ejected,534
0.00015848931924611142,1093913.3166460255,Ejected,417
0.00015848931924611142,1094913.2374107842,Ejected,44
0.00015848931924611142,1104912.4450583714,Ejected,264
0.00015848931924611142,1104912.4450583714,Ejected,511
0.00015848931924611142,1112911.8111764411,Ejected,678
0.00015848931924611142,1113911.7319411999,Ejected,514
0.00015848931924611142,1115911.5734707173,Ejected,143
0.00015848931924611142,1115911.5734707173,Ejected,723
0.00015848931924611142,1116911.4942354758,Ejected,314
0.00015848931924611142,1117911.4150002345,Ejected,349
0.00015848931924611142,1117911.4150002345,Ejected,427
0.00015848931924611142,1118911.3357649932,Ejected,390
0.00015848931924611142,1123910.9395887868,Ejected,341
9.999999999999999e-06,601996.9900225748,Ejected,480
0.00015848931924611142,1128910.5434125804,Ejected,794
0.00015848931924611142,1132910.2264716153,Ejected,53
0.00015848931924611142,1135909.9887658914,Ejected,238
0.00015848931924611142,1135909.9887658914,Ejected,754
0.00015848931924611142,1137909.8302954088,Ejected,281
0.00015848931924611142,1138909.7510601676,Ejected,515
0.00015848931924611142,1140909.5925896848,Ejected,536
0.00015848931924611142,1141909.5133544435,Ejected,549
0.00015848931924611142,1157908.245590583,Ejected,141
0.00015848931924611142,1161907.9286496178,Ejected,146
0.00015848931924611142,1161907.9286496178,Ejected,235
0.00015848931924611142,1166907.5324734112,Ejected,347
0.00015848931924611142,1181906.343944792,Ejected,329
7.943282347242821e-05,831966.9579138921,Captured,741
0.00015848931924611142,1189905.7100628614,Ejected,270
0.00015848931924611142,1195905.2346514137,Ejected,490
0.00015848931924611142,1206904.3630637596,Ejected,192
3.9810717055349695e-05,754984.9719030195,Ejected,707
0.00015848931924611142,1211903.966887553,Ejected,555
0.00015848931924611142,1218903.412240864,Ejected,725
0.00015848931924611142,1222903.0952998989,Ejected,507
0.00015848931924611142,1223903.0160646576,Ejected,42
0.00015848931924611142,1226902.7783589337,Ejected,365
0.00015848931924611142,1234902.1444770033,Ejected,710
0.00015848931924611142,1235902.065241762,Ejected,643
0.00015848931924611142,1246901.1936541079,Ejected,429
0.00015848931924611142,1249900.955948384,Ejected,296
9.999999999999999e-06,661996.6900248247,Ejected,455
7.943282347242821e-05,879965.0516396936,Ejected,773
0.00015848931924611142,1269899.3712435581,Ejected,291
7.943282347242821e-05,883964.8927835104,Ejected,274
0.00015848931924611142,1275898.8958321104,Ejected,481
0.00015848931924611142,1279898.578891145,Ejected,585
0.00015848931924611142,1297897.152656802,Ejected,637
0.00015848931924611142,1299896.9941863194,Ejected,132
0.00015848931924611142,1302896.7564805953,Ejected,787
0.00015848931924611142,1303896.677245354,Ejected,176
0.00015848931924611142,1306896.4395396302,Ejected,673
0.00015848931924611142,1308896.2810691476,Ejected,433
0.00015848931924611142,1309896.2018339064,Ejected,87
0.00015848931924611142,1317895.567951976,Ejected,436
0.00015848931924611142,1328894.6963643217,Ejected,134
0.00015848931924611142,1329894.6171290805,Ejected,116
0.00015848931924611142,1330894.5378938392,Ejected,216
0.00015848931924611142,1330894.5378938392,Ejected,255
0.00015848931924611142,1330894.5378938392,Ejected,338
7.943282347242821e-05,918963.5027919073,Ejected,570
0.00015848931924611142,1334894.220952874,Ejected,187
0.00015848931924611142,1337893.9832471502,Ejected,112
0.00015848931924611142,1338893.904011909,Ejected,343
0.00015848931924611142,1344893.4286004612,Ejected,458
0.00015848931924611142,1349893.0324242546,Ejected,142
0.00015848931924611142,1366891.6854251528,Ejected,136
0.00015848931924611142,1372891.2100137048,Ejected,418
0.00015848931924611142,1372891.2100137048,Ejected,528
0.00015848931924611142,1374891.0515432223,Ejected,421
0.00015848931924611142,1375890.972307981,Ejected,757
0.00015848931924611142,1377890.8138374984,Ejected,318
0.00015848931924611142,1380890.5761317746,Ejected,653
0.00015848931924611142,1382890.417661292,Ejected,687
0.00015848931924611142,1392889.625308879,Ejected,543
0.00015848931924611142,1394889.4668383964,Ejected,355
0.00015848931924611142,1395889.387603155,Ejected,158
0.00015848931924611142,1401888.9121917074,Ejected,396
0.00015848931924611142,1406888.516015501,Ejected,121
0.00015848931924611142,1407888.4367802597,Ejected,783
0.00015848931924611142,1410888.1990745359,Ejected,431
0.00015848931924611142,1414887.8821335707,Ejected,608
0.00015848931924611142,1417887.6444278467,Ejected,590
0.00015848931924611142,1420887.4067221228,Ejected,698
0.00015848931924611142,1423887.169016399,Ejected,293
0.00015848931924611142,1425887.0105459164,Ejected,357
0.00015848931924611142,1425887.0105459164,Ejected,686
0.00015848931924611142,1435886.2181935036,Ejected,470
0.00015848931924611142,1437886.059723021,Ejected,237
0.00015848931924611142,1440885.822017297,Ejected,450
0.00015848931924611142,1444885.5050763318,Ejected,628
0.00015848931924611142,1446885.3466058492,Ejected,382
0.00015848931924611142,1446885.3466058492,Ejected,696
0.00015848931924611142,1447885.267370608,Captured,209
0.00015848931924611142,1450885.029664884,Ejected,65
7.943282347242821e-05,992960.5639525179,Captured,627
0.00015848931924611142,1456884.5542534364,Ejected,629
0.00015848931924611142,1461884.1580772297,Ejected,767
0.00015848931924611142,1466883.7619010233,Ejected,200
0.00015848931924611142,1469883.5241952995,Ejected,460
0.00015848931924611142,1475883.0487838518,Ejected,500
0.00015848931924611142,1475883.0487838518,Ejected,564
0.00015848931924611142,1476882.9695486105,Ejected,400
0.00015848931924611142,1484882.33566668,Ejected,354
0.00015848931924611142,1486882.1771961974,Ejected,337
0.00015848931924611142,1493881.6225495085,Ejected,227
0.00015848931924611142,1494881.5433142672,Ejected,243
0.00015848931924611142,1494881.5433142672,Ejected,706
0.00015848931924611142,1500881.0679028195,Ejected,646
0.00015848931924611142,1500881.0679028195,Ejected,702
0.00015848931924611142,1502880.909432337,Ejected,648
0.00015848931924611142,1512880.1170799239,Ejected,496
7.943282347242821e-05,1035958.8562485484,Ejected,430
0.00015848931924611142,1524879.1662570285,Ejected,266
0.00015848931924611142,1525879.0870217872,Ejected,267
0.00015848931924611142,1536878.2154341328,Ejected,498
0.00015848931924611142,1542877.7400226851,Ejected,84
7.943282347242821e-05,1049958.3002519072,Ejected,477
0.00015848931924611142,1551877.0269055136,Ejected,305
0.00015848931924611142,1553876.8684350308,Ejected,277
0.00015848931924611142,1567875.7591416528,Ejected,37
7.943282347242821e-05,1064957.70454122,Ejected,749
0.00015848931924611142,1575875.1252597226,Ejected,148
0.00015848931924611142,1577874.9667892398,Ejected,137
1.9952623149688786e-05,889991.1212155644,Ejected,366
0.00015848931924611142,1578874.8875539985,Ejected,716
0.00015848931924611142,1584874.4121425508,Ejected,364
0.00015848931924611142,1584874.4121425508,Ejected,674
0.00015848931924611142,1587874.174436827,Ejected,97
0.00015848931924611142,1589874.0159663444,Ejected,439
0.00015848931924611142,1592873.7782606205,Ejected,220
0.00015848931924611142,1592873.7782606205,Ejected,567
0.00015848931924611142,1598873.3028491728,Ejected,219
0.00015848931924611142,1600873.14437869,Ejected,272
0.00015848931924611142,1602872.9859082075,Ejected,138
0.00015848931924611142,1607872.589732001,Ejected,760
0.00015848931924611142,1614872.035085312,Ejected,488
0.00015848931924611142,1628870.925791934,Ejected,62
0.00015848931924611142,1632870.6088509688,Ejected,525
0.00015848931924611142,1634870.4503804862,Ejected,221
0.00015848931924611142,1641869.8957337972,Ejected,426
0.00015848931924611142,1646869.4995575906,Ejected,28
0.00015848931924611142,1648869.341087108,Ejected,630
7.943282347242821e-05,1114955.71883893,Ejected,199
0.00015848931924611142,1653868.9449109016,Ejected,685
0.00015848931924611142,1656868.7072051778,Ejected,29
0.00015848931924611142,1656868.7072051778,Ejected,735
0.00015848931924611142,1658868.5487346952,Ejected,156
0.00015848931924611142,1658868.5487346952,Ejected,615
0.00015848931924611142,1662868.23179373,Ejected,36
0.00015848931924611142,1662868.23179373,Ejected,206
3.9810717055349695e-05,999980.0952357874,Captured,672
0.00015848931924611142,1672867.439441317,Ejected,246
0.00015848931924611142,1672867.439441317,Ejected,424
0.00015848931924611142,1678866.9640298693,Ejected,569
0.00015848931924611142,1683866.567853663,Ejected,302
0.00015848931924611142,1694865.6962660085,Ejected,415
0.00015848931924611142,1698865.3793250434,Ejected,792
0.00015848931924611142,1704864.9039135957,Ejected,102
0.00015848931924611142,1706864.7454431131,Ejected,499
0.00015848931924611142,1709864.5077373893,Ejected,641
1.9952623149688786e-05,951990.5026935027,Ejected,161
0.00015848931924611142,1714864.1115611827,Ejected,781
7.943282347242821e-05,1154954.130277098,Ejected,288
0.00015848931924611142,1721863.5569144937,Ejected,516
0.00015848931924611142,1729862.9230325634,Ejected,214
0.00015848931924611142,1734862.526856357,Ejected,512
0.00015848931924611142,1735862.4476211157,Ejected,128
7.943282347242821e-05,1162953.8125647313,Ejected,629
0.00015848931924611142,1744861.734503944,Ejected,71
0.00015848931924611142,1745861.6552687027,Ejected,188
0.00015848931924611142,1752861.1006220137,Ejected,484
0.00015848931924611142,1757860.7044458073,Ejected,6
0.00015848931924611142,1765860.0705638768,Ejected,202
0.00015848931924611142,1769859.7536229116,Ejected,154
0.00015848931924611142,1769859.7536229116,Ejected,542
0.00015848931924611142,1796857.6142713968,Ejected,383
0.00015848931924611142,1797857.5350361555,Ejected,5
0.00015848931924611142,1810856.5049780186,Ejected,125
0.00015848931924611142,1815856.1088018122,Ejected,173
0.00015848931924611142,1825855.3164493993,Ejected,340
3.9810717055349695e-05,1083978.4232355936,Captured,683
0.00015848931924611142,1833854.6825674688,Ejected,682
0.00015848931924611142,1834854.6033322276,Ejected,153
0.00015848931924611142,1837854.3656265037,Ejected,19
0.00015848931924611142,1842853.9694502973,Ejected,326
0.00015848931924611142,1851853.2563331258,Ejected,631
0.00015848931924611142,1852853.1770978842,Ejected,477
0.00015848931924611142,1864852.2262749888,Ejected,776
0.00015848931924611142,1866852.0678045063,Ejected,575
7.943282347242821e-05,1244950.5560129755,Ejected,564
0.00015848931924611142,1868851.9093340237,Ejected,670
0.00015848931924611142,1869851.8300987824,Ejected,548
0.00015848931924611142,1871851.6716282999,Ejected,435
0.00015848931924611142,1872851.5923930586,Ejected,100
0.00015848931924611142,1876851.2754520932,Ejected,194
7.943282347242821e-05,1254950.1588725175,Ejected,610
1.9952623149688786e-05,1033989.6846481952,Ejected,417
0.00015848931924611142,1899849.4530415435,Ejected,13
0.00015848931924611142,1907848.8191596132,Ejected,78
0.00015848931924611142,1914848.2645129242,Ejected,591
0.00015848931924611142,1916848.1060424417,Ejected,526
7.943282347242821e-05,1280949.1263073266,Ejected,161
7.943282347242821e-05,1281949.086593281,Ejected,206
0.00015848931924611142,1927847.2344547873,Ejected,130
7.943282347242821e-05,1283949.0071651894,Ejected,650
0.00015848931924611142,1934846.6798080984,Ejected,391
0.00015848931924611142,1938846.3628671332,Ejected,22
0.00015848931924611142,1949845.4912794789,Ejected,603
0.00015848931924611142,1951845.3328089963,Ejected,115
0.00015848931924611142,1951845.3328089963,Ejected,352
0.00015848931924611142,1955845.0158680312,Ejected,459
0.00015848931924611142,1964844.3027508596,Ejected,144
7.943282347242821e-05,1306948.093742136,Ejected,321
0.00015848931924611142,1972843.6688689291,Ejected,524
7.943282347242821e-05,1316947.696601678,Ejected,295
0.00015848931924611142,1993842.004928862,Ejected,31
0.00015848931924611142,1993842.004928862,Ejected,323
0.00015848931924611142,2007840.895635484,Ejected,262
0.00015848931924611142,2013840.420224036,Ejected,677
0.00015848931924611142,2043838.0431667974,Ejected,523
0.00015848931924611142,2045837.8846963148,Ejected,167
0.00015848931924611142,2046837.8054610735,Ejected,85
0.00015848931924611142,2048837.646990591,Ejected,241
0.00015848931924611142,2054837.1715791433,Ejected,271
7.943282347242821e-05,1366945.7108993877,Ejected,341
0.00015848931924611142,2057836.9338734194,Ejected,550
0.00015848931924611142,2061836.616932454,Ejected,117
0.00015848931924611142,2082834.9529923869,Ejected,239
3.9810717055349695e-05,1204976.0147591238,Ejected,794
0.00015848931924611142,2088834.4775809392,Ejected,58
0.00015848931924611142,2088834.4775809392,Ejected,172
0.00015848931924611142,2099833.605993285,Ejected,77
0.00015848931924611142,2099833.605993285,Ejected,619
0.00015848931924611142,2107832.9721113546,Ejected,334
0.00015848931924611142,2111832.6551703895,Ejected,284
0.00015848931924611142,2121831.8628179766,Ejected,204
0.00015848931924611142,2125831.5458770115,Ejected,647
0.00015848931924611142,2128831.3081712876,Ejected,440
0.00015848931924611142,2133830.911995081,Ejected,208
0.00015848931924611142,2141830.2781131505,Ejected,513
0.00015848931924611142,2179827.2671739818,Ejected,780
0.00015848931924611142,2187826.633292051,Ejected,480
0.00015848931924611142,2193826.1578806033,Ejected,727
0.00015848931924611142,2207825.0485872254,Ejected,633
0.00015848931924611142,2208824.969351984,Ejected,551
0.00015848931924611142,2225823.6223528823,Ejected,588
0.00015848931924611142,2230823.226176676,Ejected,350
0.00015848931924611142,2232823.067706193,Ejected,89
0.00015848931924611142,2243822.1961185387,Ejected,667
0.00015848931924611142,2247821.8791775736,Ejected,771
7.943282347242821e-05,1489940.8260717539,Ejected,273
0.00015848931924611142,2256821.166060402,Ejected,248
0.00015848931924611142,2271819.977531783,Ejected,150
0.00015848931924611142,2279819.343649852,Ejected,715
7.943282347242821e-05,1505940.1906470212,Ejected,559
0.00015848931924611142,2283819.026708887,Ejected,240
0.00015848931924611142,2284818.9474736457,Ejected,461
7.943282347242821e-05,1511939.9523627462,Ejected,685
0.00015848931924611142,2304817.36276882,Ejected,652
7.943282347242821e-05,1522939.5155082424,Ejected,59
0.00015848931924611142,2306817.2042983375,Ejected,640
7.943282347242821e-05,1523939.4757941966,Ejected,218
7.943282347242821e-05,1535938.999225647,Ejected,742
0.00015848931924611142,2327815.54035827,Ejected,344
0.00015848931924611142,2331815.223417305,Ejected,24
0.00015848931924611142,2338814.668770616,Ejected,182
0.00015848931924611142,2356813.242536273,Ejected,743
0.00015848931924611142,2382811.182419999,Ejected,741
0.00015848931924611142,2389810.62777331,Ejected,790
0.00015848931924611142,2395810.1523618624,Ejected,106
7.943282347242821e-05,1581937.17237954,Ejected,761
7.943282347242821e-05,1588936.8943812195,Ejected,654
3.9810717055349695e-05,1359972.9295206708,Ejected,427
7.943282347242821e-05,1596936.576668853,Ejected,499
0.00015848931924611142,2446806.1113645565,Ejected,325
0.00015848931924611142,2448805.952894074,Ejected,651
0.00015848931924611142,2459805.08130642,Ejected,223
0.00015848931924611142,2464804.685130213,Ejected,298
7.943282347242821e-05,1629935.2661053415,Ejected,503
7.943282347242821e-05,1631935.1866772498,Ejected,54
0.00015848931924611142,2478803.575836835,Ejected,711
0.00015848931924611142,2482803.25889587,Ejected,700
0.00015848931924611142,2488802.783484422,Ejected,33
7.943282347242821e-05,1646934.590966563,Ejected,603
7.943282347242821e-05,1647934.5512525172,Ejected,21
0.00015848931924611142,2502801.674191044,Ejected,387
0.00015848931924611142,2502801.674191044,Ejected,793
7.943282347242821e-05,1658934.1143980133,Captured,103
0.00015848931924611142,2525799.851780494,Ejected,593
0.00015848931924611142,2543798.425546151,Ejected,169
3.9810717055349695e-05,1427971.5759967044,Ejected,419
0.00015848931924611142,2552797.7124289796,Ejected,80
7.943282347242821e-05,1683933.1215468682,Ejected,573
0.00015848931924611142,2556797.395488014,Ejected,661
3.9810717055349695e-05,1434971.436663355,Ejected,88
7.943282347242821e-05,1689932.8832625933,Ejected,501
0.00015848931924611142,2568796.4446651186,Ejected,598
0.00015848931924611142,2586795.0184307755,Ejected,738
7.943282347242821e-05,1709932.0889816773,Ejected,489
0.00015848931924611142,2603793.671431673,Ejected,34
0.00015848931924611142,2605793.5129611907,Ejected,649
0.00015848931924611142,2612792.9583145017,Ejected,285
0.00015848931924611142,2619792.4036678127,Ejected,362
7.943282347242821e-05,1728931.3344148071,Ejected,121
0.00015848931924611142,2626791.8490211237,Ejected,312
7.943282347242821e-05,1732931.1755586239,Ejected,90
0.00015848931924611142,2637790.9774334696,Ejected,269
7.943282347242821e-05,1740930.8578462575,Ejected,628
0.00015848931924611142,2653789.7096696086,Ejected,482
7.943282347242821e-05,1758930.142993433,Ejected,66
0.00015848931924611142,2687787.015671405,Ejected,392
0.00015848931924611142,2695786.3817894743,Ejected,375
0.00015848931924611142,2706785.51020182,Ejected,693
0.00015848931924611142,2711785.1140256138,Ejected,669
0.00015848931924611142,2721784.321673201,Ejected,229
7.943282347242821e-05,1797928.5941456468,Ejected,445
7.943282347242821e-05,1804928.316147326,Ejected,433
0.00015848931924611142,2739782.8954388574,Ejected,374
0.00015848931924611142,2745782.4200274097,Ejected,186
0.00015848931924611142,2751781.944615962,Ejected,576
0.00015848931924611142,2758781.389969273,Ejected,82
0.00015848931924611142,2758781.389969273,Ejected,642
0.00015848931924611142,2764780.9145578253,Ejected,8
0.00015848931924611142,2766780.7560873427,Ejected,93
0.00015848931924611142,2772780.280675895,Ejected,419
1.9952623149688786e-05,1405985.9735158244,Ejected,341
0.00015848931924611142,2782779.488323482,Ejected,180
0.00015848931924611142,2796778.379030104,Ejected,722
0.00015848931924611142,2799778.14132438,Ejected,509
0.00015848931924611142,2809777.348971967,Ejected,456
0.00015848931924611142,2822776.3189138304,Ejected,796
0.00015848931924611142,2824776.160443348,Ejected,709
7.943282347242821e-05,1873925.5758781657,Ejected,527
0.00015848931924611142,2855773.7041508676,Ejected,465
7.943282347242821e-05,1892924.8213112955,Ejected,725
3.9810717055349695e-05,1588968.371329666,Ejected,133
7.943282347242821e-05,1895924.702169158,Ejected,549
7.943282347242821e-05,1897924.6227410664,Ejected,24
7.943282347242821e-05,1897924.6227410664,Ejected,51
0.00015848931924611142,2886771.2478583874,Ejected,57
7.943282347242821e-05,1907924.2256006084,Ejected,699
7.943282347242821e-05,1909924.1461725167,Ejected,248
0.00015848931924611142,2905769.742388803,Ejected,191
7.943282347242821e-05,1940922.915037097,Ejected,137
7.943282347242821e-05,1954922.3590404557,Ejected,609
7.943282347242821e-05,1964921.9618999977,Ejected,28
0.00015848931924611142,2983763.562039982,Ejected,769
0.00015848931924611142,2991762.928158052,Ejected,211
0.00015848931924611142,2997762.452746604,Ejected,604
0.00015848931924611142,2999762.2942761215,Ejected,252
7.943282347242821e-05,1987921.0484769442,Ejected,586
0.00015848931924611142,3014761.105747502,Ejected,779
0.00015848931924611142,3023760.3926303303,Ejected,413
0.00015848931924611142,3033759.6002779175,Ejected,703
0.00015848931924611142,3041758.966395987,Ejected,268
7.943282347242821e-05,2010920.1350538908,Ejected,623
3.9810717055349695e-05,1678966.579900887,Ejected,230
7.943282347242821e-05,2021919.698199387,Ejected,701
0.00015848931924611142,3074756.3516330244,Ejected,714
7.943282347242821e-05,2032919.2613448831,Ejected,671
7.943282347242821e-05,2047918.665634196,Ejected,272
0.00015848931924611142,3107753.7368700616,Ejected,131
0.00015848931924611142,3111753.4199290965,Ejected,625
0.00015848931924611142,3129751.9936947534,Ejected,328
0.00015848931924611142,3136751.4390480644,Ejected,789
0.00015848931924611142,3144750.805166134,Ejected,638
7.943282347242821e-05,2080917.3550706846,Ejected,504
0.00015848931924611142,3169748.8242851016,Ejected,518
0.00015848931924611142,3180747.9526974475,Ejected,110
7.943282347242821e-05,2112916.0842212187,Ejected,151
0.00015848931924611142,3210745.5756402086,Ejected,644
0.00015848931924611142,3230743.990935383,Ejected,111
0.00015848931924611142,3241743.119347729,Ejected,420
7.943282347242821e-05,2146914.7339436617,Ejected,157
0.00015848931924611142,3267741.059231455,Ejected,611
0.00015848931924611142,3269740.9007609724,Ejected,586
0.00015848931924611142,3288739.395291388,Ejected,724
0.00015848931924611142,3296738.7614094573,Ejected,713
0.00015848931924611142,3302738.2859980096,Ejected,330
7.943282347242821e-05,2195912.7879554173,Ejected,639
0.00015848931924611142,3330736.0674112537,Ejected,320
7.943282347242821e-05,2208912.2716728216,Ejected,428
0.00015848931924611142,3353734.2450007037,Ejected,663
3.9810717055349695e-05,1826963.6339957835,Ejected,464
7.943282347242821e-05,2229911.43767786,Ejected,149
7.943282347242821e-05,2233911.2788216765,Ejected,778
7.943282347242821e-05,2247910.7228250355,Ejected,714
7.943282347242821e-05,2262910.1271143486,Ejected,265
7.943282347242821e-05,2266909.9682581653,Ejected,132
7.943282347242821e-05,2270909.809401982,Ejected,60
7.943282347242821e-05,2271909.769687936,Ejected,12
7.943282347242821e-05,2274909.6505457987,Ejected,625
7.943282347242821e-05,2278909.4916896154,Ejected,74
0.00015848931924611142,3444727.034593746,Ejected,161
7.943282347242821e-05,2283909.293119387,Ejected,413
0.00015848931924611142,3463725.5291241617,Ejected,249
0.00015848931924611142,3472724.81600699,Ejected,300
7.943282347242821e-05,2306908.3796963333,Ejected,657
7.943282347242821e-05,2321907.783985646,Ejected,40
7.943282347242821e-05,2323907.7045575543,Ejected,589
7.943282347242821e-05,2326907.585415417,Ejected,179
7.943282347242821e-05,2343906.9102766383,Ejected,322
7.943282347242821e-05,2347906.751420455,Ejected,565
7.943282347242821e-05,2349906.6719923634,Ejected,587
7.943282347242821e-05,2353906.5131361806,Ejected,223
