3.9810717055349695e-05,0.0,Captured,209
7.943282347242821e-05,0.0,Captured,262
7.943282347242821e-05,6999.722001679381,Captured,10
7.943282347242821e-05,7999.682287633578,Captured,157
7.943282347242821e-05,56997.736299389246,Captured,791
0.00015848931924611142,23998.09835420897,Ejected,223
0.00015848931924611142,50995.959002694064,Ejected,308
7.943282347242821e-05,141994.360605496,Ejected,187
3.9810717055349695e-05,260994.80485654052,Ejected,366
3.9810717055349695e-05,418991.65990379493,Ejected,76
9.999999999999999e-06,236998.8150088874,Captured,308
0.00015848931924611142,166986.7677147041,Ejected,200
0.00015848931924611142,176985.97536229115,Ejected,108
3.9810717055349695e-05,505989.92818930844,Captured,788
3.9810717055349695e-05,579988.4552367567,Ejected,219
7.943282347242821e-05,579976.9658534344,Ejected,284
7.943282347242821e-05,627975.0595792359,Ejected,231
0.00015848931924611142,274978.21030864445,Captured,277
9.999999999999999e-06,373998.13001402485,Ejected,687
7.943282347242821e-05,715971.5647432052,Ejected,110
7.943282347242821e-05,719971.405887022,Ejected,202
0.00015848931924611142,290976.94254478376,Ejected,8
7.943282347242821e-05,724971.207316793,Captured,435
3.9810717055349695e-05,756984.9320934911,Ejected,582
0.00015848931924611142,317974.8031932689,Ejected,391
7.943282347242821e-05,785968.784759999,Ejected,167
0.00015848931924611142,318974.7239580276,Ejected,25
0.00015848931924611142,339973.06001796044,Ejected,688
7.943282347242821e-05,859965.8459206097,Ejected,713
9.999999999999999e-06,434997.8250163123,Ejected,22
7.943282347242821e-05,864965.6473503807,Ejected,230
0.00015848931924611142,359971.47531313455,Ejected,348
0.00015848931924611142,368970.76219596295,Ejected,164
7.943282347242821e-05,949962.2716564874,Ejected,41
0.00015848931924611142,396968.54360920674,Ejected,799
7.943282347242821e-05,973961.3185193881,Ejected,28
0.00015848931924611142,407967.6720215525,Ejected,324
7.943282347242821e-05,985960.8419508386,Ejected,171
3.9810717055349695e-05,947981.1302835265,Captured,109
7.943282347242821e-05,1014959.6902435102,Ejected,92
0.00015848931924611142,438965.21572907246,Ejected,78
0.00015848931924611142,439965.1364938312,Ejected,608
0.00015848931924611142,448964.4233766595,Ejected,550
0.00015848931924611142,461963.3933185227,Ejected,712
0.00015848931924611142,462963.31408328144,Ejected,254
0.00015848931924611142,464963.1556127988,Ejected,411
0.00015848931924611142,477962.125554662,Ejected,43
7.943282347242821e-05,1135954.884843968,Ejected,161
7.943282347242821e-05,1137954.8054158764,Ejected,8
7.943282347242821e-05,1145954.48770351,Captured,87
0.00015848931924611142,503960.0654383884,Ejected,510
0.00015848931924611142,504959.9862031471,Ejected,18
0.00015848931924611142,506959.82773266453,Ejected,403
0.00015848931924611142,519958.79767452774,Ejected,329
3.9810717055349695e-05,1128977.527521204,Ejected,580
0.00015848931924611142,536957.4506754257,Ejected,225
0.00015848931924611142,543956.8960287367,Ejected,390
7.943282347242821e-05,1260949.9205882428,Ejected,63
7.943282347242821e-05,1290948.7291668686,Ejected,583
7.943282347242821e-05,1292948.649738777,Ejected,120
7.943282347242821e-05,1293948.6100247314,Ejected,353
0.00015848931924611142,564955.2320886696,Ejected,426
0.00015848931924611142,565955.1528534283,Ejected,739
0.00015848931924611142,567954.9943829457,Ejected,166
0.00015848931924611142,576954.281265774,Ejected,701
0.00015848931924611142,587953.4096781198,Ejected,59
7.943282347242821e-05,1346946.5051803037,Ejected,64
3.9810717055349695e-05,1235975.3977114332,Ejected,59
0.00015848931924611142,593952.934266672,Ejected,561
7.943282347242821e-05,1368945.631471296,Ejected,143
7.943282347242821e-05,1372945.4726151128,Ejected,670
0.00015848931924611142,601952.3003847417,Ejected,503
0.00015848931924611142,603952.1419142592,Ejected,217
0.00015848931924611142,603952.1419142592,Ejected,655
0.00015848931924611142,605951.9834437765,Ejected,367
0.00015848931924611142,608951.7457380526,Ejected,218
0.00015848931924611142,619950.8741503984,Ejected,276
7.943282347242821e-05,1425943.3677706853,Ejected,517
7.943282347242821e-05,1426943.3280566395,Ejected,515
7.943282347242821e-05,1435942.9706302274,Ejected,88
0.00015848931924611142,636949.5271512965,Ejected,439
7.943282347242821e-05,1449942.414633586,Ejected,765
7.943282347242821e-05,1457942.0969212197,Ejected,508
7.943282347242821e-05,1459942.017493128,Ejected,668
7.943282347242821e-05,1467941.6997807615,Ejected,522
0.00015848931924611142,646948.7347988836,Ejected,90
0.00015848931924611142,647948.6555636423,Ejected,354
0.00015848931924611142,650948.4178579183,Ejected,131
0.00015848931924611142,650948.4178579183,Ejected,774
7.943282347242821e-05,1500940.38921725,Ejected,771
0.00015848931924611142,664947.3085645402,Ejected,409
7.943282347242821e-05,1511939.9523627462,Ejected,555
0.00015848931924611142,678946.1992711622,Ejected,7
7.943282347242821e-05,1543938.6815132806,Ejected,689
0.00015848931924611142,684945.7238597143,Ejected,4
0.00015848931924611142,687945.4861539905,Ejected,663
7.943282347242821e-05,1565937.807804273,Captured,489
7.943282347242821e-05,1566937.7680902272,Ejected,446
0.00015848931924611142,696944.7730368188,Ejected,271
0.00015848931924611142,703944.2183901299,Ejected,356
0.00015848931924611142,706943.980684406,Ejected,720
0.00015848931924611142,709943.742978682,Ejected,201
0.00015848931924611142,710943.6637434408,Ejected,316
0.00015848931924611142,714943.3468024756,Ejected,297
7.943282347242821e-05,1631935.1866772498,Ejected,581
7.943282347242821e-05,1645934.6306806088,Ejected,661
0.00015848931924611142,733941.841332891,Ejected,279
0.00015848931924611142,738941.4451566846,Ejected,584
0.00015848931924611142,738941.4451566846,Ejected,733
0.00015848931924611142,741941.2074509608,Ejected,259
0.00015848931924611142,745940.8905099955,Ejected,372
0.00015848931924611142,746940.8112747542,Ejected,796
7.943282347242821e-05,1684933.0818328224,Ejected,506
0.00015848931924611142,752940.3358633065,Ejected,91
7.943282347242821e-05,1696932.6052642728,Ejected,604
0.00015848931924611142,754940.1773928239,Ejected,358
0.00015848931924611142,757939.9396871,Ejected,237
0.00015848931924611142,762939.5435108936,Ejected,665
7.943282347242821e-05,1715931.8506974026,Ejected,479
0.00015848931924611142,764939.385040411,Ejected,507
0.00015848931924611142,765939.3058051696,Ejected,362
0.00015848931924611142,767939.1473346871,Ejected,35
0.00015848931924611142,770938.9096289632,Ejected,296
7.943282347242821e-05,1733931.135844578,Ejected,124
7.943282347242821e-05,1737930.976988395,Ejected,518
0.00015848931924611142,778938.2757470328,Ejected,601
7.943282347242821e-05,1745930.6592760284,Ejected,799
0.00015848931924611142,784937.8003355851,Ejected,81
0.00015848931924611142,786937.6418651026,Ejected,621
7.943282347242821e-05,1760930.0635653413,Ejected,577
0.00015848931924611142,788937.4833946199,Ejected,245
0.00015848931924611142,789937.4041593786,Ejected,128
7.943282347242821e-05,1773929.547282746,Ejected,672
7.943282347242821e-05,1782929.1898563337,Ejected,61
0.00015848931924611142,801936.4533364831,Ejected,473
0.00015848931924611142,805936.136395518,Ejected,120
0.00015848931924611142,811935.6609840702,Ejected,437
0.00015848931924611142,813935.5025135876,Ejected,132
0.00015848931924611142,820934.9478668986,Ejected,679
0.00015848931924611142,821934.8686316573,Ejected,751
7.943282347242821e-05,1827927.4027242726,Ejected,339
7.943282347242821e-05,1854926.330445036,Ejected,752
0.00015848931924611142,837933.6008677966,Ejected,333
0.00015848931924611142,837933.6008677966,Ejected,535
0.00015848931924611142,842933.2046915902,Ejected,547
7.943282347242821e-05,1871925.6553062573,Ejected,246
7.943282347242821e-05,1874925.5361641198,Ejected,141
0.00015848931924611142,850932.5708096598,Ejected,32
0.00015848931924611142,854932.2538686947,Ejected,114
7.943282347242821e-05,1894924.7418832039,Ejected,536
7.943282347242821e-05,1895924.702169158,Ejected,566
7.943282347242821e-05,1895924.702169158,Ejected,700
7.943282347242821e-05,1907924.2256006084,Ejected,472
0.00015848931924611142,868931.1445753165,Ejected,284
0.00015848931924611142,869931.0653400752,Ejected,385
7.943282347242821e-05,1928923.3916056466,Ejected,0
7.943282347242821e-05,1935923.1136073258,Ejected,93
0.00015848931924611142,878930.3522229036,Ejected,752
0.00015848931924611142,885929.7975762145,Ejected,301
0.00015848931924611142,885929.7975762145,Ejected,794
7.943282347242821e-05,1965921.9221859518,Ejected,451
0.00015848931924611142,891929.3221647667,Ejected,45
0.00015848931924611142,896928.9259885603,Ejected,257
0.00015848931924611142,898928.7675180777,Ejected,313
7.943282347242821e-05,1983921.2073331275,Ejected,426
7.943282347242821e-05,2000920.5321943488,Ejected,74
7.943282347242821e-05,2003920.4130522113,Ejected,144
7.943282347242821e-05,2005920.3336241196,Ejected,610
0.00015848931924611142,912927.6582246997,Ejected,253
7.943282347242821e-05,2020919.7379134328,Ejected,468
0.00015848931924611142,916927.3412837344,Ejected,419
0.00015848931924611142,917927.2620484931,Ejected,482
0.00015848931924611142,920927.0243427693,Ejected,129
7.943282347242821e-05,2038919.0230606082,Ejected,355
0.00015848931924611142,928926.3904608389,Ejected,51
0.00015848931924611142,937925.6773436673,Ejected,757
7.943282347242821e-05,2071917.7124970967,Ejected,678
3.9810717055349695e-05,1771964.7287578152,Ejected,503
7.943282347242821e-05,2090916.9579302266,Ejected,20
0.00015848931924611142,950924.6472855305,Ejected,186
7.943282347242821e-05,2095916.7593599975,Ejected,395
0.00015848931924611142,951924.5680502892,Ejected,179
7.943282347242821e-05,2101916.5210757228,Ejected,646
0.00015848931924611142,954924.3303445653,Ejected,258
0.00015848931924611142,957924.0926388415,Ejected,554
7.943282347242821e-05,2123915.647366715,Ejected,277
7.943282347242821e-05,2124915.6076526693,Ejected,346
0.00015848931924611142,965923.4587569111,Ejected,49
0.00015848931924611142,966923.3795216698,Ejected,744
0.00015848931924611142,967923.3002864285,Ejected,789
0.00015848931924611142,974922.7456397394,Ejected,376
0.00015848931924611142,976922.5871692569,Ejected,37
0.00015848931924611142,977922.5079340156,Ejected,126
0.00015848931924611142,982922.1117578092,Ejected,434
0.00015848931924611142,982922.1117578092,Ejected,759
7.943282347242821e-05,2173913.661664425,Ejected,749
0.00015848931924611142,987921.7155816026,Ejected,169
0.00015848931924611142,990921.4778758788,Ejected,642
0.00015848931924611142,991921.3986406375,Ejected,0
0.00015848931924611142,995921.0816996723,Ejected,448
0.00015848931924611142,995921.0816996723,Ejected,736
0.00015848931924611142,999920.7647587071,Ejected,352
7.943282347242821e-05,2212912.112816639,Ejected,728
7.943282347242821e-05,2213912.073102593,Ejected,534
0.00015848931924611142,1005920.2893472594,Ejected,626
7.943282347242821e-05,2215911.9936745013,Ejected,326
7.943282347242821e-05,2216911.9539604555,Ejected,478
0.00015848931924611142,1007920.1308767768,Ejected,728
7.943282347242821e-05,2221911.7553902264,Ejected,152
0.00015848931924611142,1009919.9724062942,Ejected,265
7.943282347242821e-05,2226911.5568199973,Ejected,154
0.00015848931924611142,1017919.3385243639,Ejected,640
0.00015848931924611142,1017919.3385243639,Ejected,204
7.943282347242821e-05,2248910.6831109896,Ejected,425
7.943282347242821e-05,2252910.5242548063,Ejected,301
0.00015848931924611142,1025918.7046424336,Ejected,248
3.9810717055349695e-05,1900962.1610432318,Ejected,71
7.943282347242821e-05,2269909.849116028,Ejected,405
7.943282347242821e-05,2270909.809401982,Ejected,450
0.00015848931924611142,1032918.1499957445,Ejected,729
7.943282347242821e-05,2280909.412261524,Ejected,781
0.00015848931924611142,1037917.753819538,Ejected,306
7.943282347242821e-05,2291908.97540702,Ejected,220
0.00015848931924611142,1039917.5953490555,Ejected,574
0.00015848931924611142,1040917.5161138142,Ejected,88
0.00015848931924611142,1042917.3576433315,Ejected,699
7.943282347242821e-05,2306908.3796963333,Ejected,702
7.943282347242821e-05,2309908.260554196,Ejected,741
0.00015848931924611142,1050916.7237614011,Ejected,122
0.00015848931924611142,1052916.5652909186,Ejected,706
7.943282347242821e-05,2326907.585415417,Ejected,14
7.943282347242821e-05,2327907.545701371,Ejected,214
7.943282347242821e-05,2334907.2677030507,Ejected,65
0.00015848931924611142,1058916.0898794709,Ejected,693
7.943282347242821e-05,2341906.98970473,Ejected,128
7.943282347242821e-05,2343906.9102766383,Ejected,667
7.943282347242821e-05,2351906.5925642718,Ejected,659
0.00015848931924611142,1074914.8221156101,Ejected,240
0.00015848931924611142,1074914.8221156101,Ejected,713
7.943282347242821e-05,2396904.8054322107,Ejected,541
7.943282347242821e-05,2398904.726004119,Ejected,305
0.00015848931924611142,1087913.7920574734,Ejected,682
0.00015848931924611142,1094913.2374107842,Ejected,716
0.00015848931924611142,1095913.158175543,Ejected,92
7.943282347242821e-05,2422903.77286702,Ejected,308
0.00015848931924611142,1096913.0789403017,Ejected,522
0.00015848931924611142,1097912.9997050604,Ejected,111
0.00015848931924611142,1098912.920469819,Ejected,117
7.943282347242821e-05,2445902.8594439668,Ejected,641
0.00015848931924611142,1107912.2073526476,Ejected,228
0.00015848931924611142,1107912.2073526476,Ejected,398
7.943282347242821e-05,2457902.382875417,Ejected,375
0.00015848931924611142,1112911.8111764411,Ejected,236
0.00015848931924611142,1119911.256529752,Ejected,760
0.00015848931924611142,1120911.1772945106,Ejected,727
0.00015848931924611142,1125910.7811183042,Ejected,618
0.00015848931924611142,1128910.5434125804,Ejected,455
0.00015848931924611142,1129910.464177339,Ejected,332
7.943282347242821e-05,2501900.6354574016,Ejected,424
7.943282347242821e-05,2503900.55602931,Ejected,245
0.00015848931924611142,1132910.2264716153,Ejected,523
0.00015848931924611142,1134910.0680011327,Ejected,533
0.00015848931924611142,1135909.9887658914,Ejected,527
3.9810717055349695e-05,2056959.0559000147,Ejected,739
7.943282347242821e-05,2512900.1986028976,Ejected,400
7.943282347242821e-05,2513900.1588888518,Ejected,584
0.00015848931924611142,1137909.8302954088,Ejected,797
7.943282347242821e-05,2519899.9206045773,Ejected,509
0.00015848931924611142,1141909.5133544435,Ejected,214
7.943282347242821e-05,2529899.523464119,Ejected,66
0.00015848931924611142,1144909.2756487196,Ejected,262
0.00015848931924611142,1146909.117178237,Ejected,577
7.943282347242821e-05,2536899.2454657983,Ejected,788
7.943282347242821e-05,2540899.0866096155,Ejected,406
0.00015848931924611142,1153908.562531548,Ejected,501
7.943282347242821e-05,2555898.490898928,Ejected,119
0.00015848931924611142,1160908.007884859,Ejected,388
0.00015848931924611142,1164907.6909438937,Ejected,389
0.00015848931924611142,1166907.5324734112,Ejected,229
0.00015848931924611142,1170907.215532446,Ejected,3
0.00015848931924611142,1171907.1362972048,Ejected,290
0.00015848931924611142,1173906.9778267222,Ejected,765
7.943282347242821e-05,2594896.942051142,Ejected,580
0.00015848931924611142,1175906.8193562396,Ejected,314
0.00015848931924611142,1176906.7401209984,Ejected,405
7.943282347242821e-05,2610896.3066264093,Ejected,83
7.943282347242821e-05,2616896.0683421344,Ejected,666
0.00015848931924611142,1185906.0270038266,Ejected,449
0.00015848931924611142,1186905.9477685853,Ejected,429
0.00015848931924611142,1191905.5515923789,Ejected,85
0.00015848931924611142,1191905.5515923789,Ejected,130
7.943282347242821e-05,2637895.2343471725,Ejected,373
7.943282347242821e-05,2654894.5592083936,Ejected,684
0.00015848931924611142,1203904.6007694835,Ejected,310
0.00015848931924611142,1207904.2838285184,Ejected,54
0.00015848931924611142,1210904.0461227943,Ejected,787
7.943282347242821e-05,2676893.685499386,Ejected,763
0.00015848931924611142,1213903.8084170704,Ejected,380
0.00015848931924611142,1218903.412240864,Ejected,21
0.00015848931924611142,1221903.1745351402,Ejected,741
7.943282347242821e-05,2702892.652934195,Ejected,444
7.943282347242821e-05,2705892.533792058,Ejected,189
0.00015848931924611142,1229902.54065321,Ejected,317
0.00015848931924611142,1232902.3029474858,Ejected,150
0.00015848931924611142,1233902.2237122445,Ejected,560
7.943282347242821e-05,2730891.540940913,Ejected,549
7.943282347242821e-05,2738891.2232285463,Ejected,452
3.9810717055349695e-05,2217955.8512329767,Ejected,553
0.00015848931924611142,1244901.3521245904,Ejected,694
7.943282347242821e-05,2756890.508375722,Ejected,25
7.943282347242821e-05,2760890.3495195387,Ejected,324
7.943282347242821e-05,2764890.1906633554,Ejected,146
7.943282347242821e-05,2772889.872950989,Ejected,358
0.00015848931924611142,1253900.6390074189,Ejected,606
0.00015848931924611142,1254900.5597721774,Ejected,408
0.00015848931924611142,1254900.5597721774,Ejected,703
0.00015848931924611142,1256900.4013016948,Ejected,773
3.9810717055349695e-05,2239955.413328164,Ejected,199
3.9810717055349695e-05,2244955.313804343,Ejected,380
7.943282347242821e-05,2790889.1580981645,Ejected,473
0.00015848931924611142,1263899.8466550058,Ejected,528
7.943282347242821e-05,2804888.6021015234,Ejected,181
7.943282347242821e-05,2811888.3241032027,Ejected,213
7.943282347242821e-05,2818888.046104882,Ejected,692
0.00015848931924611142,1274898.9750673517,Ejected,524
7.943282347242821e-05,2821887.926962745,Ejected,454
7.943282347242821e-05,2831887.5298222867,Ejected,587
7.943282347242821e-05,2837887.2915380117,Ejected,225
7.943282347242821e-05,2838887.251823966,Ejected,67
7.943282347242821e-05,2841887.1326818285,Ejected,510
0.00015848931924611142,1288897.8657739735,Ejected,792
7.943282347242821e-05,2854886.616399233,Ejected,138
0.00015848931924611142,1289897.7865387322,Ejected,497
7.943282347242821e-05,2865886.179544729,Ejected,636
0.00015848931924611142,1295897.3111272845,Ejected,653
7.943282347242821e-05,2881885.5441199965,Ejected,495
0.00015848931924611142,1305896.5187748715,Ejected,737
0.00015848931924611142,1306896.4395396302,Ejected,251
0.00015848931924611142,1310896.122598665,Ejected,607
0.00015848931924611142,1313895.8848929412,Ejected,435
7.943282347242821e-05,2909884.432126714,Ejected,314
0.00015848931924611142,1328894.6963643217,Ejected,624
0.00015848931924611142,1330894.5378938392,Ejected,667
7.943282347242821e-05,2946882.9627070194,Ejected,227
0.00015848931924611142,1331894.458658598,Ejected,140
7.943282347242821e-05,2959882.4464244237,Ejected,669
7.943282347242821e-05,2973881.8904277827,Ejected,238
0.00015848931924611142,1343893.5078357025,Ejected,171
7.943282347242821e-05,2977881.7315715994,Ejected,56
0.00015848931924611142,1345893.34936522,Ejected,463
0.00015848931924611142,1346893.2701299784,Ejected,534
0.00015848931924611142,1348893.1116594959,Ejected,502
0.00015848931924611142,1351892.873953772,Ejected,600
7.943282347242821e-05,2996880.977004729,Ejected,316
0.00015848931924611142,1353892.7154832894,Ejected,118
7.943282347242821e-05,2998880.8975766376,Ejected,567
7.943282347242821e-05,3001880.7784345,Ejected,433
7.943282347242821e-05,3020880.02386763,Ejected,682
0.00015848931924611142,1370891.3684841874,Ejected,232
7.943282347242821e-05,3039879.26930076,Ejected,17
0.00015848931924611142,1372891.2100137048,Ejected,375
0.00015848931924611142,1372891.2100137048,Ejected,714
7.943282347242821e-05,3044879.0707305307,Ejected,539
7.943282347242821e-05,3048878.9118743474,Ejected,711
0.00015848931924611142,1381890.4968965333,Ejected,104
0.00015848931924611142,1383890.3384260507,Ejected,619
7.943282347242821e-05,3072877.958737248,Ejected,208
7.943282347242821e-05,3074877.8793091564,Ejected,347
7.943282347242821e-05,3094877.0850282405,Ejected,5
7.943282347242821e-05,3094877.0850282405,Ejected,182
7.943282347242821e-05,3095877.0453141946,Ejected,216
0.00015848931924611142,1401888.9121917074,Ejected,691
7.943282347242821e-05,3106876.608459691,Ejected,183
0.00015848931924611142,1418887.5651926054,Ejected,31
0.00015848931924611142,1420887.4067221228,Ejected,127
0.00015848931924611142,1421887.3274868815,Ejected,294
7.943282347242821e-05,3142875.178754042,Ejected,256
0.00015848931924611142,1422887.2482516402,Ejected,234
7.943282347242821e-05,3149874.9007557216,Ejected,381
0.00015848931924611142,1427886.8520754338,Ejected,86
9.999999999999999e-06,1113994.4300417746,Ejected,498
0.00015848931924611142,1428886.7728401925,Ejected,47
0.00015848931924611142,1428886.7728401925,Ejected,705
0.00015848931924611142,1430886.61436971,Ejected,62
0.00015848931924611142,1430886.61436971,Ejected,582
0.00015848931924611142,1433886.3766639861,Ejected,680
7.943282347242821e-05,3169874.106474805,Ejected,645
0.00015848931924611142,1436886.1389582623,Ejected,675
0.00015848931924611142,1441885.7427820556,Ejected,39
0.00015848931924611142,1445885.4258410905,Ejected,758
3.9810717055349695e-05,2539949.4418989,Ejected,720
7.943282347242821e-05,3214872.319342744,Ejected,675
7.943282347242821e-05,3216872.2399146524,Ejected,484
7.943282347242821e-05,3224871.9222022863,Ejected,683
7.943282347242821e-05,3234871.525061828,Ejected,155
3.9810717055349695e-05,2554949.143327437,Ejected,175
0.00015848931924611142,1465883.8411362646,Ejected,378
0.00015848931924611142,1466883.7619010233,Ejected,103
0.00015848931924611142,1467883.682665782,Ejected,55
0.00015848931924611142,1468883.6034305408,Ejected,494
0.00015848931924611142,1469883.5241952995,Ejected,568
0.00015848931924611142,1477882.8903133692,Ejected,791
0.00015848931924611142,1479882.7318428867,Ejected,499
7.943282347242821e-05,3295869.1025050343,Ejected,616
7.943282347242821e-05,3299868.943648851,Ejected,159
7.943282347242821e-05,3313868.38765221,Ejected,172
7.943282347242821e-05,3322868.0302257976,Ejected,325
0.00015848931924611142,1504880.7509618544,Ejected,219
7.943282347242821e-05,3328867.7919415226,Ejected,236
0.00015848931924611142,1506880.5924913718,Ejected,489
0.00015848931924611142,1506880.5924913718,Ejected,402
0.00015848931924611142,1507880.5132561303,Ejected,525
7.943282347242821e-05,3340867.315372973,Ejected,288
7.943282347242821e-05,3343867.1962308357,Ejected,388
7.943282347242821e-05,3343867.1962308357,Ejected,431
0.00015848931924611142,1516879.8001389587,Ejected,244
0.00015848931924611142,1517879.7209037174,Ejected,208
0.00015848931924611142,1525879.0870217872,Ejected,590
0.00015848931924611142,1526879.007786546,Ejected,753
7.943282347242821e-05,3382865.6473830496,Ejected,775
0.00015848931924611142,1531878.6116103393,Ejected,222
0.00015848931924611142,1532878.532375098,Ejected,203
0.00015848931924611142,1532878.532375098,Ejected,748
0.00015848931924611142,1532878.532375098,Ejected,115
0.00015848931924611142,1533878.4531398567,Ejected,138
0.00015848931924611142,1534878.3739046154,Ejected,371
0.00015848931924611142,1538878.0569636503,Ejected,283
0.00015848931924611142,1540877.8984931677,Ejected,275
7.943282347242821e-05,3422864.058821217,Ejected,726
7.943282347242821e-05,3439863.3836824386,Ejected,602
7.943282347242821e-05,3440863.343968393,Ejected,184
7.943282347242821e-05,3445863.1453981637,Ejected,568
7.943282347242821e-05,3451862.9071138888,Ejected,699
0.00015848931924611142,1565875.9176121354,Ejected,75
7.943282347242821e-05,3466862.311403202,Ejected,33
0.00015848931924611142,1567875.7591416528,Ejected,532
7.943282347242821e-05,3471862.112832973,Ejected,529
7.943282347242821e-05,3475861.95397679,Ejected,588
0.00015848931924611142,1573875.2837302051,Ejected,149
0.00015848931924611142,1574875.2044949639,Ejected,692
7.943282347242821e-05,3481861.715692515,Ejected,82
0.00015848931924611142,1579874.8083187572,Ejected,231
7.943282347242821e-05,3489861.3979801484,Ejected,235
0.00015848931924611142,1584874.4121425508,Ejected,41
3.9810717055349695e-05,2722945.799327049,Ejected,560
0.00015848931924611142,1588874.0952015857,Ejected,781
0.00015848931924611142,1592873.7782606205,Ejected,664
7.943282347242821e-05,3528859.8491323623,Ejected,188
0.00015848931924611142,1600873.14437869,Ejected,496
7.943282347242821e-05,3540859.3725638124,Ejected,296
7.943282347242821e-05,3544859.213707629,Ejected,209
0.00015848931924611142,1607872.589732001,Ejected,517
7.943282347242821e-05,3560858.5782828964,Ejected,491
0.00015848931924611142,1615871.9558500708,Ejected,168
7.943282347242821e-05,3574858.0222862554,Ejected,793
3.9810717055349695e-05,2765944.943422188,Ejected,423
0.00015848931924611142,1618871.718144347,Ejected,754
7.943282347242821e-05,3595857.1882912936,Ejected,664
0.00015848931924611142,1627871.0050271752,Ejected,592
7.943282347242821e-05,3602856.910292973,Ejected,648
0.00015848931924611142,1639870.0542042798,Ejected,196
7.943282347242821e-05,3626855.9571558735,Ejected,608
7.943282347242821e-05,3629855.838013736,Ejected,368
0.00015848931924611142,1644869.6580280734,Ejected,328
7.943282347242821e-05,3634855.639443507,Ejected,341
3.9810717055349695e-05,2804944.1671363837,Ejected,682
0.00015848931924611142,1649869.2618518667,Ejected,479
7.943282347242821e-05,3649855.04373282,Ejected,786
0.00015848931924611142,1654868.8656756603,Ejected,233
0.00015848931924611142,1654868.8656756603,Ejected,636
0.00015848931924611142,1656868.7072051778,Ejected,784
3.9810717055349695e-05,2815943.9481839775,Ejected,283
7.943282347242821e-05,3665854.4083080874,Ejected,605
0.00015848931924611142,1662868.23179373,Ejected,270
0.00015848931924611142,1669867.6771470408,Ejected,475
3.9810717055349695e-05,2835943.550088693,Ejected,477
0.00015848931924611142,1674867.2809708344,Ejected,366
0.00015848931924611142,1675867.2017355931,Ejected,172
0.00015848931924611142,1677867.0432651106,Ejected,500
0.00015848931924611142,1679866.884794628,Ejected,625
0.00015848931924611142,1680866.8055593867,Ejected,410
0.00015848931924611142,1681866.7263241454,Ejected,191
7.943282347242821e-05,3726851.985751293,Ejected,109
3.9810717055349695e-05,2857943.1121838805,Ejected,525
7.943282347242821e-05,3739851.469468698,Ejected,759
0.00015848931924611142,1693865.7755012498,Ejected,193
0.00015848931924611142,1694865.6962660085,Ejected,181
0.00015848931924611142,1699865.3000898021,Ejected,133
0.00015848931924611142,1699865.3000898021,Ejected,76
7.943282347242821e-05,3763850.5163315986,Ejected,747
7.943282347242821e-05,3769850.2780473237,Ejected,627
7.943282347242821e-05,3771850.198619232,Ejected,705
7.943282347242821e-05,3774850.0794770946,Ejected,386
7.943282347242821e-05,3779849.8809068655,Ejected,332
0.00015848931924611142,1710864.428502148,Ejected,147
0.00015848931924611142,1712864.2700316655,Ejected,224
7.943282347242821e-05,3790849.444052362,Ejected,7
7.943282347242821e-05,3791849.404338316,Ejected,403
3.9810717055349695e-05,2892942.415517133,Ejected,471
7.943282347242821e-05,3805848.848341675,Ejected,252
0.00015848931924611142,1720863.636149735,Ejected,238
7.943282347242821e-05,3808848.7291995375,Ejected,135
7.943282347242821e-05,3822848.173202896,Ejected,527
0.00015848931924611142,1728863.0022678047,Ejected,585
0.00015848931924611142,1733862.6060915983,Ejected,646
7.943282347242821e-05,3838847.5377781633,Ejected,552
0.00015848931924611142,1737862.289150633,Ejected,424
0.00015848931924611142,1737862.289150633,Ejected,377
7.943282347242821e-05,3845847.2597798426,Ejected,148
0.00015848931924611142,1745861.6552687027,Ejected,340
0.00015848931924611142,1745861.6552687027,Ejected,373
0.00015848931924611142,1745861.6552687027,Ejected,467
0.00015848931924611142,1747861.49679822,Ejected,281
7.943282347242821e-05,3870846.2669286975,Ejected,333
7.943282347242821e-05,3872846.187500606,Ejected,642
7.943282347242821e-05,3881845.830074194,Ejected,291
7.943282347242821e-05,3884845.7109320564,Ejected,204
7.943282347242821e-05,3891845.4329337357,Ejected,732
7.943282347242821e-05,3893845.353505644,Ejected,239
7.943282347242821e-05,3895845.2740775524,Ejected,50
7.943282347242821e-05,3900845.0755073237,Ejected,512
7.943282347242821e-05,3908844.757794957,Ejected,389
0.00015848931924611142,1770859.6743876704,Ejected,370
7.943282347242821e-05,3919844.320940453,Ejected,330
7.943282347242821e-05,3919844.320940453,Ejected,776
0.00015848931924611142,1773859.4366819465,Ejected,264
7.943282347242821e-05,3925844.0826561786,Ejected,241
0.00015848931924611142,1775859.278211464,Ejected,137
0.00015848931924611142,1776859.1989762227,Ejected,630
7.943282347242821e-05,3940843.4869454913,Ejected,796
0.00015848931924611142,1781858.8028000162,Ejected,177
0.00015848931924611142,1784858.5650942922,Ejected,520
0.00015848931924611142,1787858.3273885683,Ejected,415
0.00015848931924611142,1793857.8519771206,Ejected,562
0.00015848931924611142,1794857.7727418793,Ejected,485
0.00015848931924611142,1800857.2973304316,Ejected,632
7.943282347242821e-05,3989841.540957247,Ejected,319
0.00015848931924611142,1801857.2180951904,Ejected,170
7.943282347242821e-05,3992841.42181511,Ejected,485
7.943282347242821e-05,3999841.143816789,Ejected,421
7.943282347242821e-05,4007840.8261044226,Ejected,396
0.00015848931924611142,1809856.5842132599,Ejected,210
0.00015848931924611142,1809856.5842132599,Ejected,474
7.943282347242821e-05,4027840.0318235066,Ejected,745
0.00015848931924611142,1818855.8710960883,Ejected,633
0.00015848931924611142,1819855.791860847,Ejected,450
7.943282347242821e-05,4040839.5155409114,Ejected,777
7.943282347242821e-05,4052839.0389723615,Ejected,54
7.943282347242821e-05,4062838.6418319037,Ejected,84
7.943282347242821e-05,4063838.602117858,Ejected,785
7.943282347242821e-05,4068838.403547629,Ejected,617
7.943282347242821e-05,4069838.363833583,Ejected,193
7.943282347242821e-05,4071838.2844054913,Ejected,498
7.943282347242821e-05,4077838.0461212164,Ejected,496
7.943282347242821e-05,4081837.887265033,Ejected,104
7.943282347242821e-05,4084837.768122896,Ejected,767
0.00015848931924611142,1845853.7317445735,Ejected,28
7.943282347242821e-05,4089837.569552667,Ejected,698
0.00015848931924611142,1845853.7317445735,Ejected,194
0.00015848931924611142,1846853.6525093322,Ejected,674
0.00015848931924611142,1853853.097862643,Ejected,647
7.943282347242821e-05,4136835.7029925142,Ejected,598
0.00015848931924611142,1866852.0678045063,Ejected,683
0.00015848931924611142,1866852.0678045063,Ejected,616
0.00015848931924611142,1870851.7508635412,Ejected,300
7.943282347242821e-05,4151835.107281827,Ejected,665
0.00015848931924611142,1872851.5923930586,Ejected,487
7.943282347242821e-05,4153835.0278537353,Ejected,250
0.00015848931924611142,1873851.5131578173,Ejected,505
0.00015848931924611142,1875851.3546873345,Ejected,101
0.00015848931924611142,1875851.3546873345,Ejected,105
7.943282347242821e-05,4173834.2335728193,Ejected,211
0.00015848931924611142,1882850.8000406455,Ejected,121
0.00015848931924611142,1885850.5623349217,Ejected,144
7.943282347242821e-05,4186833.717290224,Ejected,448
7.943282347242821e-05,4209832.803867171,Ejected,724
7.943282347242821e-05,4217832.486154804,Ejected,131
0.00015848931924611142,1902849.2153358196,Ejected,80
7.943282347242821e-05,4235831.771301979,Ejected,125
7.943282347242821e-05,4247831.29473343,Ejected,701
7.943282347242821e-05,4249831.215305339,Ejected,561
0.00015848931924611142,1920847.7891014765,Ejected,246
7.943282347242821e-05,4264830.619594651,Ejected,49
0.00015848931924611142,1933846.7590433396,Ejected,350
0.00015848931924611142,1933846.7590433396,Ejected,639
0.00015848931924611142,1934846.6798080984,Ejected,197
0.00015848931924611142,1937846.4421023745,Ejected,82
7.943282347242821e-05,4301829.150174957,Ejected,60
7.943282347242821e-05,4312828.713320453,Ejected,735
0.00015848931924611142,1946845.7289852027,Ejected,513
0.00015848931924611142,1946845.7289852027,Ejected,38
7.943282347242821e-05,4323828.276465949,Ejected,393
7.943282347242821e-05,4339827.641041216,Ejected,281
0.00015848931924611142,1960844.6196918248,Ejected,477
7.943282347242821e-05,4355827.005616483,Ejected,334
7.943282347242821e-05,4365826.608476025,Ejected,57
0.00015848931924611142,1974843.5103984466,Ejected,394
7.943282347242821e-05,4412824.741915872,Ejected,4
7.943282347242821e-05,4419824.463917552,Ejected,210
7.943282347242821e-05,4419824.463917552,Ejected,770
7.943282347242821e-05,4436823.7887787735,Ejected,15
0.00015848931924611142,1998841.6087526556,Ejected,708
0.00015848931924611142,1998841.6087526556,Ejected,766
7.943282347242821e-05,4441823.590208544,Ejected,32
7.943282347242821e-05,4447823.351924269,Ejected,596
7.943282347242821e-05,4456822.994497857,Ejected,260
0.00015848931924611142,2008840.8164002427,Ejected,136
7.943282347242821e-05,4471822.398787171,Ejected,778
7.943282347242821e-05,4474822.279645033,Ejected,9
0.00015848931924611142,2016840.1825183122,Ejected,767
7.943282347242821e-05,4487821.7633624375,Ejected,106
0.00015848931924611142,2019839.9448125884,Ejected,299
7.943282347242821e-05,4492821.564792208,Ejected,790
0.00015848931924611142,2022839.7071068645,Ejected,471
7.943282347242821e-05,4494821.485364117,Ejected,537
7.943282347242821e-05,4502821.16765175,Ejected,243
7.943282347242821e-05,4502821.16765175,Ejected,677
7.943282347242821e-05,4503821.127937704,Ejected,720
7.943282347242821e-05,4504821.0882236585,Ejected,190
3.9810717055349695e-05,3345933.3986589448,Ejected,505
0.00015848931924611142,2039838.3601077625,Ejected,360
0.00015848931924611142,2043838.0431667974,Ejected,595
0.00015848931924611142,2055837.092343902,Ejected,29
7.943282347242821e-05,4565818.665666865,Ejected,374
0.00015848931924611142,2057836.9338734194,Ejected,553
7.943282347242821e-05,4569818.506810682,Ejected,494
7.943282347242821e-05,4570818.467096636,Ejected,394
0.00015848931924611142,2060836.6961676953,Ejected,453
7.943282347242821e-05,4577818.189098315,Ejected,575
7.943282347242821e-05,4586817.831671903,Ejected,502
0.00015848931924611142,2067836.1415210064,Ejected,458
0.00015848931924611142,2068836.062285765,Ejected,412
7.943282347242821e-05,4637815.806255567,Ejected,526
7.943282347242821e-05,4641815.647399384,Ejected,242
7.943282347242821e-05,4671814.45597801,Ejected,409
0.00015848931924611142,2108832.8928761133,Ejected,100
0.00015848931924611142,2108832.8928761133,Ejected,343
0.00015848931924611142,2108832.8928761133,Ejected,195
0.00015848931924611142,2110832.7344056307,Ejected,650
7.943282347242821e-05,4692813.621983048,Ejected,303
7.943282347242821e-05,4714812.74827404,Ejected,142
0.00015848931924611142,2127831.387406529,Ejected,518
7.943282347242821e-05,4727812.231991445,Ejected,594
7.943282347242821e-05,4728812.192277399,Ejected,557
7.943282347242821e-05,4731812.073135261,Ejected,415
0.00015848931924611142,2131831.070465564,Ejected,558
0.00015848931924611142,2137830.595054116,Ejected,161
7.943282347242821e-05,4747811.437710528,Ejected,773
7.943282347242821e-05,4748811.397996482,Ejected,477
0.00015848931924611142,2143830.119642668,Ejected,278
0.00015848931924611142,2147829.802701703,Ejected,13
0.00015848931924611142,2150829.564995979,Ejected,709
7.943282347242821e-05,4779810.166861063,Ejected,753
7.943282347242821e-05,4789809.769720605,Ejected,532
7.943282347242821e-05,4796809.491722284,Ejected,163
7.943282347242821e-05,4801809.293152056,Ejected,194
7.943282347242821e-05,4819808.578299231,Ejected,297
7.943282347242821e-05,4820808.538585185,Ejected,352
7.943282347242821e-05,4830808.141444727,Ejected,640
0.00015848931924611142,2173827.7425854295,Ejected,68
7.943282347242821e-05,4842807.664876177,Ejected,349
7.943282347242821e-05,4851807.3074497655,Ejected,80
0.00015848931924611142,2181827.108703499,Ejected,139
9.999999999999999e-06,1571992.1400589494,Ejected,399
7.943282347242821e-05,4872806.473454803,Ejected,764
7.943282347242821e-05,4888805.83803007,Ejected,475
7.943282347242821e-05,4903805.242319384,Ejected,240
0.00015848931924611142,2204825.286292949,Ejected,173
7.943282347242821e-05,4911804.924607017,Ejected,521
7.943282347242821e-05,4940803.772899689,Ejected,226
7.943282347242821e-05,4945803.57432946,Ejected,356
0.00015848931924611142,2222823.860058606,Ejected,192
7.943282347242821e-05,4950803.375759231,Ejected,762
3.9810717055349695e-05,3610928.1238964284,Ejected,602
7.943282347242821e-05,4952803.296331139,Ejected,137
0.00015848931924611142,2228823.3846471584,Ejected,472
0.00015848931924611142,2228823.3846471584,Ejected,504
0.00015848931924611142,2229823.305411917,Ejected,433
7.943282347242821e-05,4971802.541764269,Ejected,647
0.00015848931924611142,2236822.7507652277,Ejected,230
0.00015848931924611142,2240822.4338242626,Ejected,255
7.943282347242821e-05,5005801.191486712,Ejected,338
3.9810717055349695e-05,3630927.7258011443,Ejected,388
0.00015848931924611142,2252821.483001367,Ejected,438
0.00015848931924611142,2256821.166060402,Ejected,676
0.00015848931924611142,2258821.0075899195,Ejected,109
3.9810717055349695e-05,3647927.3874201523,Ejected,60
7.943282347242821e-05,5053799.285212513,Ejected,224
7.943282347242821e-05,5053799.285212513,Ejected,402
7.943282347242821e-05,5061798.9675001465,Ejected,679
0.00015848931924611142,2269820.1360022654,Ejected,52
0.00015848931924611142,2269820.1360022654,Ejected,249
7.943282347242821e-05,5070798.610073734,Ejected,582
7.943282347242821e-05,5072798.530645642,Ejected,322
7.943282347242821e-05,5073798.490931597,Ejected,476
3.9810717055349695e-05,3657927.1883725105,Ejected,716
3.9810717055349695e-05,3659927.1485629817,Ejected,411
7.943282347242821e-05,5080798.212933277,Ejected,571
0.00015848931924611142,2277819.502120335,Ejected,681
0.00015848931924611142,2278819.4228850934,Ejected,70
0.00015848931924611142,2278819.4228850934,Ejected,143
3.9810717055349695e-05,3665927.0291343965,Ejected,504
7.943282347242821e-05,5094797.656936635,Ejected,487
7.943282347242821e-05,5100797.41865236,Ejected,113
0.00015848931924611142,2286818.789003163,Ejected,738
7.943282347242821e-05,5134796.068374803,Ejected,300
0.00015848931924611142,2300817.679709785,Ejected,634
3.9810717055349695e-05,3697926.392181942,Ejected,790
0.00015848931924611142,2309816.9665926136,Ejected,397
0.00015848931924611142,2310816.8873573723,Ejected,407
7.943282347242821e-05,5170794.638669154,Ejected,553
0.00015848931924611142,2320816.0950049595,Ejected,588
7.943282347242821e-05,5193793.725246101,Ejected,722
0.00015848931924611142,2324815.778063994,Ejected,459
0.00015848931924611142,2330815.302652546,Ejected,427
7.943282347242821e-05,5221792.613252819,Ejected,463
7.943282347242821e-05,5231792.21611236,Ejected,212
0.00015848931924611142,2344814.1933591682,Ejected,698
0.00015848931924611142,2346814.0348886857,Ejected,215
7.943282347242821e-05,5261791.024690986,Ejected,11
0.00015848931924611142,2355813.321771514,Ejected,417
7.943282347242821e-05,5279790.309838162,Ejected,798
0.00015848931924611142,2358813.0840657903,Ejected,79
7.943282347242821e-05,5287789.992125795,Ejected,336
0.00015848931924611142,2360812.9255953077,Ejected,711
7.943282347242821e-05,5293789.75384152,Ejected,614
7.943282347242821e-05,5297789.594985337,Ejected,331
7.943282347242821e-05,5327788.403563963,Ejected,294
7.943282347242821e-05,5348787.569569001,Ejected,673
7.943282347242821e-05,5348787.569569001,Ejected,632
7.943282347242821e-05,5379786.338433581,Ejected,79
7.943282347242821e-05,5391785.8618650315,Ejected,384
7.943282347242821e-05,5418784.789585795,Ejected,151
0.00015848931924611142,2415808.5676570367,Ejected,576
7.943282347242821e-05,5427784.432159383,Ejected,734
0.00015848931924611142,2425807.7753046234,Ejected,190
7.943282347242821e-05,5447783.637878466,Ejected,156
7.943282347242821e-05,5448783.598164421,Ejected,176
0.00015848931924611142,2431807.2998931757,Ejected,514
7.943282347242821e-05,5472782.645027322,Ejected,289
7.943282347242821e-05,5477782.446457093,Ejected,53
7.943282347242821e-05,5479782.367029001,Ejected,100
0.00015848931924611142,2449805.8736588326,Ejected,93
7.943282347242821e-05,5512781.05646549,Ejected,787
3.9810717055349695e-05,3897922.411229099,Ejected,617
0.00015848931924611142,2454805.477482626,Ejected,652
0.00015848931924611142,2458805.160541661,Ejected,40
0.00015848931924611142,2459805.08130642,Ejected,422
7.943282347242821e-05,5529780.381326711,Ejected,572
0.00015848931924611142,2461804.9228359372,Ejected,312
7.943282347242821e-05,5544779.7856160235,Ejected,782
7.943282347242821e-05,5551779.507617704,Ejected,136
7.943282347242821e-05,5554779.388475566,Ejected,140
0.00015848931924611142,2474803.8927778,Ejected,112
7.943282347242821e-05,5569778.792764879,Ejected,623
0.00015848931924611142,2482803.25889587,Ejected,704
0.00015848931924611142,2484803.1004253873,Ejected,135
0.00015848931924611142,2485803.021190146,Ejected,295
7.943282347242821e-05,5592777.879341825,Ejected,108
0.00015848931924611142,2486802.9419549047,Ejected,456
7.943282347242821e-05,5597777.680771597,Ejected,359
7.943282347242821e-05,5607777.2836311385,Ejected,111
7.943282347242821e-05,5611777.124774955,Ejected,710
0.00015848931924611142,2496802.149602492,Ejected,95
7.943282347242821e-05,5624776.6084923595,Ejected,523
0.00015848931924611142,2509801.1195443547,Ejected,274
7.943282347242821e-05,5651775.536213123,Ejected,117
0.00015848931924611142,2511800.961073872,Ejected,492
7.943282347242821e-05,5672774.702218161,Ejected,592
0.00015848931924611142,2522800.089486218,Ejected,387
7.943282347242821e-05,5679774.42421984,Ejected,123
3.9810717055349695e-05,3998920.4008479137,Ejected,687
0.00015848931924611142,2536798.98019284,Ejected,750
0.00015848931924611142,2538798.8217223575,Ejected,446
0.00015848931924611142,2538798.8217223575,Ejected,723
0.00015848931924611142,2544798.34631091,Ejected,721
0.00015848931924611142,2545798.2670756686,Ejected,658
7.943282347242821e-05,5740772.001663047,Ejected,261
7.943282347242821e-05,5748771.68395068,Ejected,453
7.943282347242821e-05,5771770.770527626,Ejected,158
7.943282347242821e-05,5779770.45281526,Ejected,98
0.00015848931924611142,2567796.52390036,Ejected,319
7.943282347242821e-05,5789770.0556748025,Ejected,694
7.943282347242821e-05,5792769.936532665,Ejected,460
0.00015848931924611142,2579795.5730774645,Ejected,782
7.943282347242821e-05,5819768.864253428,Ejected,715
7.943282347242821e-05,5829768.467112971,Ejected,105
0.00015848931924611142,2583795.2561364993,Ejected,175
7.943282347242821e-05,5852767.553689917,Ejected,525
7.943282347242821e-05,5872766.759409,Ejected,440
0.00015848931924611142,2603793.671431673,Ejected,638
9.999999999999999e-06,1819990.9000682493,Ejected,468
7.943282347242821e-05,5923764.733992665,Ejected,43
0.00015848931924611142,2621792.24519733,Ejected,610
0.00015848931924611142,2627791.7697858824,Ejected,151
7.943282347242821e-05,5941764.01913984,Ejected,101
7.943282347242821e-05,5953763.54257129,Ejected,639
7.943282347242821e-05,5966763.026288695,Ejected,714
0.00015848931924611142,2646790.2643162976,Ejected,719
7.943282347242821e-05,5995761.874581367,Ejected,149
0.00015848931924611142,2651789.868140091,Ejected,6
0.00015848931924611142,2651789.868140091,Ejected,26
0.00015848931924611142,2656789.471963885,Ejected,529
7.943282347242821e-05,6011761.239156634,Ejected,312
0.00015848931924611142,2674788.0457295417,Ejected,697
7.943282347242821e-05,6067759.015170069,Ejected,266
7.943282347242821e-05,6100757.704606557,Ejected,441
0.00015848931924611142,2697786.2233189917,Ejected,432
0.00015848931924611142,2698786.1440837504,Ejected,19
0.00015848931924611142,2701785.9063780266,Ejected,421
3.9810717055349695e-05,4209916.200942665,Ejected,556
0.00015848931924611142,2707785.430966579,Ejected,56
3.9810717055349695e-05,4233915.723228324,Ejected,498
0.00015848931924611142,2724784.083967477,Ejected,106
7.943282347242821e-05,6184754.36862671,Ejected,311
0.00015848931924611142,2734783.2916150643,Ejected,11
7.943282347242821e-05,6201753.693487931,Ejected,422
7.943282347242821e-05,6206753.494917703,Ejected,38
7.943282347242821e-05,6215753.13749129,Ejected,676
0.00015848931924611142,2748782.182321686,Ejected,451
0.00015848931924611142,2761781.152263549,Ejected,10
7.943282347242821e-05,6331748.530661977,Ejected,273
0.00015848931924611142,2790778.8544415515,Ejected,345
7.943282347242821e-05,6342748.093807474,Ejected,69
7.943282347242821e-05,6352747.696667016,Ejected,652
3.9810717055349695e-05,4344913.513799496,Ejected,718
3.9810717055349695e-05,4354913.314751854,Ejected,638
7.943282347242821e-05,6383746.465531595,Ejected,27
7.943282347242821e-05,6384746.425817549,Ejected,653
0.00015848931924611142,2810777.269736726,Ejected,710
7.943282347242821e-05,6392746.108105184,Ejected,548
7.943282347242821e-05,6407745.512394496,Ejected,737
0.00015848931924611142,2820776.477384313,Ejected,211
3.9810717055349695e-05,4374912.91665657,Ejected,541
7.943282347242821e-05,6421744.956397855,Ejected,585
7.943282347242821e-05,6439744.241545031,Ejected,783
7.943282347242821e-05,6481742.573555106,Ejected,499
7.943282347242821e-05,6517741.143849458,Ejected,595
0.00015848931924611142,2871772.436387007,Ejected,483
0.00015848931924611142,2878771.8817403177,Ejected,152
7.943282347242821e-05,6562739.3567173965,Ejected,746
7.943282347242821e-05,6570739.03900503,Ejected,121
7.943282347242821e-05,6583738.522722435,Ejected,323
7.943282347242821e-05,6590738.244724114,Ejected,150
7.943282347242821e-05,6592738.165296023,Ejected,248
7.943282347242821e-05,6608737.52987129,Ejected,569
7.943282347242821e-05,6608737.52987129,Ejected,586
7.943282347242821e-05,6612737.371015106,Ejected,784
3.9810717055349695e-05,4496910.488275336,Ejected,86
7.943282347242821e-05,6620737.05330274,Ejected,794
0.00015848931924611142,2914769.0292716315,Ejected,637
3.9810717055349695e-05,4529909.831418117,Ejected,439
0.00015848931924611142,2933767.5238020467,Ejected,509
0.00015848931924611142,2939767.048390599,Ejected,125
0.00015848931924611142,2940766.9691553577,Ejected,565
0.00015848931924611142,2950766.176802945,Ejected,629
0.00015848931924611142,2954765.8598619797,Ejected,768
7.943282347242821e-05,6765731.294766099,Ejected,317
7.943282347242821e-05,6766731.255052053,Ejected,130
0.00015848931924611142,2962765.2259800495,Ejected,623
7.943282347242821e-05,6794730.14305877,Ejected,198
0.00015848931924611142,2974764.2751571536,Ejected,159
3.9810717055349695e-05,4598908.457989386,Ejected,263
7.943282347242821e-05,6825728.911923351,Ejected,797
0.00015848931924611142,2987763.245099017,Ejected,569
3.9810717055349695e-05,4623907.960370281,Ejected,233
3.9810717055349695e-05,4628907.86084646,Ejected,653
0.00015848931924611142,3009761.5019237087,Ejected,205
7.943282347242821e-05,6888726.409938465,Ejected,321
0.00015848931924611142,3015761.0265122605,Ejected,178
7.943282347242821e-05,6903725.8142277775,Ejected,621
3.9810717055349695e-05,4655907.323417827,Ejected,206
7.943282347242821e-05,6914725.377373274,Ejected,716
7.943282347242821e-05,6927724.861090679,Ejected,195
7.943282347242821e-05,6948724.027095716,Ejected,660
7.943282347242821e-05,6953723.828525488,Ejected,417
7.943282347242821e-05,6986722.517961976,Ejected,437
7.943282347242821e-05,7066719.340838312,Ejected,719
7.943282347242821e-05,7072719.102554037,Ejected,709
7.943282347242821e-05,7092718.308273122,Ejected,688
7.943282347242821e-05,7111717.553706251,Ejected,19
3.9810717055349695e-05,4781904.815417536,Ejected,98
7.943282347242821e-05,7160715.607718007,Ejected,51
7.943282347242821e-05,7164715.448861823,Ejected,199
0.00015848931924611142,3126752.2314004772,Ejected,627
7.943282347242821e-05,7210713.6220157165,Ejected,738
0.00015848931924611142,3144750.805166134,Ejected,635
0.00015848931924611142,3149750.4089899277,Ejected,64
7.943282347242821e-05,7251711.993739839,Ejected,376
7.943282347242821e-05,7273711.120030831,Ejected,744
0.00015848931924611142,3169748.8242851016,Ejected,174
7.943282347242821e-05,7305709.849181365,Ejected,727
7.943282347242821e-05,7315709.452040907,Ejected,342
0.00015848931924611142,3180747.9526974475,Ejected,273
7.943282347242821e-05,7343708.340047625,Ejected,276
0.00015848931924611142,3191747.0811097934,Ejected,526
7.943282347242821e-05,7369707.3074824335,Ejected,544
7.943282347242821e-05,7373707.148626251,Ejected,385
7.943282347242821e-05,7394706.314631289,Ejected,132
7.943282347242821e-05,7409705.7189206015,Ejected,201
0.00015848931924611142,3219744.862523037,Ejected,690
0.00015848931924611142,3220744.7832877957,Ejected,176
7.943282347242821e-05,7439704.527499228,Ejected,761
3.9810717055349695e-05,4948901.491321912,Ejected,228
3.9810717055349695e-05,4953901.391798091,Ejected,736
7.943282347242821e-05,7468703.3757919,Ejected,428
3.9810717055349695e-05,4965901.152940921,Ejected,616
0.00015848931924611142,3248742.5647010393,Ejected,73
7.943282347242821e-05,7503701.985800296,Ejected,13
7.943282347242821e-05,7512701.628373884,Ejected,350
7.943282347242821e-05,7549700.158954189,Ejected,423
0.00015848931924611142,3277740.266879042,Ejected,72
0.00015848931924611142,3287739.4745266293,Ejected,247
7.943282347242821e-05,7595698.332108082,Ejected,740
7.943282347242821e-05,7601698.093823807,Ejected,674
0.00015848931924611142,3307737.889821803,Ejected,216
3.9810717055349695e-05,5066899.142559735,Ejected,636
3.9810717055349695e-05,5066899.142559735,Ejected,694
7.943282347242821e-05,7668695.432982739,Ejected,192
7.943282347242821e-05,7774691.223293884,Ejected,134
0.00015848931924611142,3360733.6903540147,Ejected,298
3.9810717055349695e-05,5140897.669607183,Ejected,92
0.00015848931924611142,3364733.3734130496,Ejected,542
7.943282347242821e-05,7793690.468727013,Ejected,399
0.00015848931924611142,3368733.0564720845,Ejected,146
7.943282347242821e-05,7843688.483024724,Ejected,133
0.00015848931924611142,3404730.204003398,Ejected,227
7.943282347242821e-05,7913685.703041517,Ejected,170
0.00015848931924611142,3431728.0646518827,Ejected,15
7.943282347242821e-05,7983682.923058311,Ejected,12
7.943282347242821e-05,7988682.724488082,Ejected,107
7.943282347242821e-05,7988682.724488082,Ejected,407
3.9810717055349695e-05,5262895.2412259495,Ejected,295
7.943282347242821e-05,8073679.348794188,Ejected,367
0.00015848931924611142,3484723.8651840943,Ejected,183
7.943282347242821e-05,8115677.680804265,Ejected,85
0.00015848931924611142,3492723.231302164,Ejected,567
7.943282347242821e-05,8132677.005665487,Ejected,16
7.943282347242821e-05,8134676.926237395,Ejected,501
7.943282347242821e-05,8147676.409954799,Ejected,363
3.9810717055349695e-05,5337893.748368633,Ejected,272
7.943282347242821e-05,8155676.092242433,Ejected,565
7.943282347242821e-05,8220673.510829456,Ejected,76
7.943282347242821e-05,8235672.915118769,Ejected,29
0.00015848931924611142,3543719.190304858,Ejected,53
0.00015848931924611142,3554718.318717204,Ejected,285
7.943282347242821e-05,8274671.366270983,Ejected,538
0.00015848931924611142,3558718.001776239,Ejected,226
0.00015848931924611142,3597714.9116018284,Ejected,289
3.9810717055349695e-05,5453891.439415985,Ejected,563
7.943282347242821e-05,8423665.448878158,Ejected,650
3.9810717055349695e-05,5502890.464082538,Ejected,587
7.943282347242821e-05,8512661.914328082,Ejected,362
3.9810717055349695e-05,5521890.085892018,Ejected,410
3.9810717055349695e-05,5523890.04608249,Ejected,572
7.943282347242821e-05,8557660.12719602,Ejected,177
0.00015848931924611142,3679708.4143120423,Ejected,566
0.00015848931924611142,3679708.4143120423,Ejected,686
7.943282347242821e-05,8624657.466354951,Ejected,743
7.943282347242821e-05,8627657.347212814,Ejected,272
0.00015848931924611142,3692707.3842539056,Ejected,656
7.943282347242821e-05,8636656.989786401,Ejected,774
7.943282347242821e-05,8684655.083512204,Ejected,591
0.00015848931924611142,3721705.086431908,Ejected,423
0.00015848931924611142,3739703.660197565,Ejected,454
3.9810717055349695e-05,5639887.737129841,Ejected,371
3.9810717055349695e-05,5640887.717225077,Ejected,433
0.00015848931924611142,3759702.0754927387,Ejected,341
0.00015848931924611142,3765701.600081291,Ejected,735
7.943282347242821e-05,8848648.570408693,Ejected,457
7.943282347242821e-05,8849648.530694647,Ejected,560
7.943282347242821e-05,8928645.393285027,Ejected,500
7.943282347242821e-05,8954644.360719837,Ejected,658
3.9810717055349695e-05,5741885.706843891,Ejected,536
7.943282347242821e-05,8982643.248726554,Ejected,729
7.943282347242821e-05,8984643.169298463,Ejected,755
7.943282347242821e-05,9041640.905597853,Ejected,635
0.00015848931924611142,3850694.865085781,Ejected,46
0.00015848931924611142,3852694.7066152985,Ejected,740
3.9810717055349695e-05,5823884.074653226,Ejected,513
7.943282347242821e-05,9113638.046186553,Ejected,717
3.9810717055349695e-05,5834883.85570082,Ejected,588
7.943282347242821e-05,9138637.05333541,Ejected,185
7.943282347242821e-05,9141636.934193272,Ejected,662
0.00015848931924611142,3883692.2503228188,Ejected,239
3.9810717055349695e-05,5863883.278462658,Ejected,171
3.9810717055349695e-05,5865883.238653129,Ejected,134
7.943282347242821e-05,9217633.91592579,Ejected,780
0.00015848931924611142,3914689.7940303385,Ejected,269
3.9810717055349695e-05,5938881.785605341,Ejected,359
7.943282347242821e-05,9297630.738802126,Ejected,168
7.943282347242821e-05,9308630.301947622,Ejected,354
7.943282347242821e-05,9308630.301947622,Ejected,458
0.00015848931924611142,3942687.575443582,Ejected,521
7.943282347242821e-05,9314630.063663347,Ejected,313
3.9810717055349695e-05,5976881.029224302,Ejected,269
3.9810717055349695e-05,5979880.969510009,Ejected,501
0.00015848931924611142,3978684.722974896,Ejected,288
0.00015848931924611142,3988683.9306224827,Ejected,351
7.943282347242821e-05,9443624.94055144,Ejected,285
7.943282347242821e-05,9455624.46398289,Ejected,72
0.00015848931924611142,3999683.0590348286,Ejected,579
3.9810717055349695e-05,6049879.576176514,Ejected,652
3.9810717055349695e-05,6052879.516462221,Ejected,510
7.943282347242821e-05,9498622.756278919,Ejected,686
3.9810717055349695e-05,6076879.03874788,Ejected,162
3.9810717055349695e-05,6092878.720271653,Ejected,418
7.943282347242821e-05,9542621.008860905,Ejected,318
7.943282347242821e-05,9556620.452864263,Ejected,550
0.00015848931924611142,4034680.285801383,Ejected,793
0.00015848931924611142,4042679.651919453,Ejected,337
7.943282347242821e-05,9615618.109735562,Ejected,290
0.00015848931924611142,4062678.0672146273,Ejected,594
7.943282347242821e-05,9679615.568036629,Ejected,23
3.9810717055349695e-05,6195876.670080938,Ejected,216
7.943282347242821e-05,9713614.217759073,Ejected,574
0.00015848931924611142,4096675.373216423,Ejected,266
0.00015848931924611142,4147671.3322191173,Ejected,331
7.943282347242821e-05,9876607.744369606,Ejected,439
7.943282347242821e-05,9891607.14865892,Ejected,704
7.943282347242821e-05,9901606.751518462,Ejected,503
3.9810717055349695e-05,6355873.485318664,Ejected,427
7.943282347242821e-05,9940605.202670675,Ejected,78
3.9810717055349695e-05,6364873.306175787,Ejected,118
7.943282347242821e-05,9962604.328961667,Ejected,687
0.00015848931924611142,4201667.053516087,Ejected,87
7.943282347242821e-05,10042601.151838003,Ejected,97
7.943282347242821e-05,10043601.112123957,Ejected,757
3.9810717055349695e-05,6444871.71379465,Ejected,344
7.943282347242821e-05,10081599.602990218,Ejected,21
7.943282347242821e-05,10142597.180433422,Ejected,513
3.9810717055349695e-05,6485870.897699317,Ejected,456
7.943282347242821e-05,10198594.956446858,Ejected,2
0.00015848931924611142,4277661.03163775,Ejected,243
7.943282347242821e-05,10226593.844453575,Ejected,474
0.00015848931924611142,4288660.160050095,Ejected,591
7.943282347242821e-05,10251592.851602431,Ejected,270
7.943282347242821e-05,10278591.779323194,Ejected,122
3.9810717055349695e-05,6593868.747984782,Ejected,601
7.943282347242821e-05,10331589.674478766,Ejected,490
7.943282347242821e-05,10350588.919911897,Ejected,401
3.9810717055349695e-05,6629868.03141327,Ejected,728
7.943282347242821e-05,10379587.768204568,Ejected,625
0.00015848931924611142,4352655.088994652,Ejected,571
0.00015848931924611142,4369653.741995551,Ejected,2
7.943282347242821e-05,10493583.240803346,Ejected,564
0.00015848931924611142,4397651.523408794,Ejected,730
7.943282347242821e-05,10561580.540248232,Ejected,24
7.943282347242821e-05,10593579.269398766,Ejected,280
7.943282347242821e-05,10634577.641122889,Ejected,205
3.9810717055349695e-05,6797864.687412883,Ejected,159
7.943282347242821e-05,10692575.337708231,Ejected,343
7.943282347242821e-05,10725574.02714472,Ejected,579
3.9810717055349695e-05,6884862.955698396,Ejected,208
3.9810717055349695e-05,6885862.935793632,Ejected,309
3.9810717055349695e-05,6914862.35855547,Ejected,267
0.00015848931924611142,4507642.807532252,Ejected,539
3.9810717055349695e-05,6958861.482745845,Ejected,417
3.9810717055349695e-05,6973861.184174381,Ejected,63
3.9810717055349695e-05,6977861.104555325,Ejected,405
3.9810717055349695e-05,6981861.024936268,Ejected,667
7.943282347242821e-05,10954564.932628231,Ejected,430
3.9810717055349695e-05,7038859.890364707,Ejected,426
3.9810717055349695e-05,7050859.651507537,Ejected,428
3.9810717055349695e-05,7058859.492269424,Ejected,298
3.9810717055349695e-05,7082859.014555083,Ejected,186
3.9810717055349695e-05,7100858.656269327,Ejected,236
3.9810717055349695e-05,7101858.636364562,Ejected,451
0.00015848931924611142,4636632.586186125,Ejected,325
3.9810717055349695e-05,7160857.461983474,Ejected,160
3.9810717055349695e-05,7163857.402269181,Ejected,73
7.943282347242821e-05,11252553.097842582,Ejected,257
0.00015848931924611142,4697627.752836406,Ejected,628
3.9810717055349695e-05,7259855.491411816,Ejected,312
3.9810717055349695e-05,7294854.794745069,Ejected,554
3.9810717055349695e-05,7318854.317030728,Ejected,250
7.943282347242821e-05,11507542.970760902,Ejected,469
0.00015848931924611142,4743624.108015306,Ejected,167
7.943282347242821e-05,11579540.111349605,Ejected,630
3.9810717055349695e-05,7377853.142649639,Ejected,79
3.9810717055349695e-05,7383853.023221054,Ejected,122
9.999999999999999e-06,3037984.8101139236,Ejected,575
0.00015848931924611142,4797619.829312277,Ejected,770
7.943282347242821e-05,11692535.623662429,Ejected,173
3.9810717055349695e-05,7449851.709506616,Ejected,314
7.943282347242821e-05,11745533.518818,Ejected,86
3.9810717055349695e-05,7481851.072554162,Ejected,230
3.9810717055349695e-05,7486850.97303034,Ejected,597
7.943282347242821e-05,11774532.367110673,Ejected,207
7.943282347242821e-05,11894527.601425176,Ejected,215
7.943282347242821e-05,11942525.695150979,Ejected,361
0.00015848931924611142,4907611.113435735,Ejected,493
7.943282347242821e-05,11998523.471164413,Ejected,603
7.943282347242821e-05,12041521.763460444,Ejected,663
3.9810717055349695e-05,7690846.912458441,Ejected,255
3.9810717055349695e-05,7704846.633791742,Ejected,533
0.00015848931924611142,4959606.993203187,Ejected,9
3.9810717055349695e-05,7748845.757982117,Ejected,472
3.9810717055349695e-05,7772845.280267776,Ejected,61
3.9810717055349695e-05,7788844.961791548,Ejected,374
3.9810717055349695e-05,7823844.265124801,Ejected,106
3.9810717055349695e-05,7831844.105886687,Ejected,133
3.9810717055349695e-05,7856843.608267582,Ejected,215
0.00015848931924611142,5037600.812854366,Ejected,384
3.9810717055349695e-05,7867843.389315176,Ejected,444
3.9810717055349695e-05,7869843.349505647,Ejected,691
3.9810717055349695e-05,7871843.309696118,Ejected,178
0.00015848931924611142,5056599.3073847825,Ejected,326
3.9810717055349695e-05,7915842.433886494,Ejected,765
3.9810717055349695e-05,7935842.035791209,Ejected,622
0.00015848931924611142,5109595.107916993,Ejected,696
3.9810717055349695e-05,7971841.319219697,Ejected,393
0.00015848931924611142,5113594.790976028,Ejected,431
0.00015848931924611142,5116594.553270305,Ejected,392
0.00015848931924611142,5119594.31556458,Ejected,401
0.00015848931924611142,5121594.157094098,Ejected,267
7.943282347242821e-05,12677496.505327312,Ejected,18
3.9810717055349695e-05,8061839.527790918,Ejected,795
7.943282347242821e-05,12688496.06847281,Ejected,731
3.9810717055349695e-05,8086839.0301718125,Ejected,778
3.9810717055349695e-05,8092838.910743227,Ejected,548
7.943282347242821e-05,12774492.65306487,Ejected,191
0.00015848931924611142,5213586.867451899,Ejected,786
7.943282347242821e-05,12864489.078800747,Ejected,542
7.943282347242821e-05,12938486.139961358,Ejected,593
3.9810717055349695e-05,8209836.581885815,Ejected,212
3.9810717055349695e-05,8221836.343028644,Ejected,74
3.9810717055349695e-05,8235836.064361945,Ejected,362
3.9810717055349695e-05,8241835.9449333595,Ejected,386
3.9810717055349695e-05,8363833.516552126,Ejected,245
7.943282347242821e-05,13242474.066891434,Ejected,455
3.9810717055349695e-05,8394832.899504436,Ejected,18
7.943282347242821e-05,13270472.954898153,Ejected,244
7.943282347242821e-05,13270472.954898153,Ejected,283
3.9810717055349695e-05,8438832.02369481,Ejected,335
7.943282347242821e-05,13324470.810339678,Ejected,35
3.9810717055349695e-05,8463831.526075704,Ejected,570
0.00015848931924611142,5431569.594169297,Ejected,252
3.9810717055349695e-05,8487831.048361363,Ejected,287
7.943282347242821e-05,13440466.203510366,Ejected,643
3.9810717055349695e-05,8516830.471123202,Ejected,222
0.00015848931924611142,5466566.820935852,Ejected,430
3.9810717055349695e-05,8533830.13274221,Ejected,384
3.9810717055349695e-05,8561829.575408813,Ejected,782
3.9810717055349695e-05,8575829.296742113,Ejected,320
3.9810717055349695e-05,8612828.560265837,Ejected,65
3.9810717055349695e-05,8718826.45036083,Ejected,229
3.9810717055349695e-05,8723826.350837009,Ejected,685
0.00015848931924611142,5581557.708883103,Ejected,593
0.00015848931924611142,5594556.678824967,Ejected,280
9.999999999999999e-06,3510982.445131661,Ejected,366
3.9810717055349695e-05,8800824.818170166,Ejected,148
7.943282347242821e-05,13883448.610188074,Ejected,351
7.943282347242821e-05,13900447.935049295,Ejected,62
3.9810717055349695e-05,8837824.08169389,Ejected,770
3.9810717055349695e-05,8871823.404931907,Ejected,644
0.00015848931924611142,5660551.449299041,Ejected,671
0.00015848931924611142,5666550.9738875935,Ejected,444
3.9810717055349695e-05,8909822.648550866,Ejected,379
3.9810717055349695e-05,8994820.956645908,Ejected,529
3.9810717055349695e-05,9070819.443883827,Ejected,108
3.9810717055349695e-05,9161817.632550284,Ejected,508
3.9810717055349695e-05,9180817.254359765,Ejected,565
3.9810717055349695e-05,9186817.134931179,Ejected,372
3.9810717055349695e-05,9212816.617407309,Ejected,112
3.9810717055349695e-05,9256815.741597684,Ejected,406
3.9810717055349695e-05,9265815.562454807,Captured,578
3.9810717055349695e-05,9267815.522645278,Ejected,277
7.943282347242821e-05,14623419.22179418,Ejected,221
3.9810717055349695e-05,9324814.388073718,Ejected,81
0.00015848931924611142,5923530.6104305815,Ejected,798
3.9810717055349695e-05,9348813.910359377,Ejected,281
3.9810717055349695e-05,9349813.890454613,Ejected,126
3.9810717055349695e-05,9406812.755883053,Ejected,292
3.9810717055349695e-05,9423812.41750206,Ejected,760
0.00015848931924611142,5974526.569433276,Ejected,762
3.9810717055349695e-05,9441812.059216306,Ejected,53
3.9810717055349695e-05,9491811.063978095,Ejected,75
3.9810717055349695e-05,9572809.451692194,Ejected,608
3.9810717055349695e-05,9645807.998644406,Ejected,469
7.943282347242821e-05,15085400.87390502,Ejected,118
3.9810717055349695e-05,9661807.680168178,Ejected,598
0.00015848931924611142,6083517.932791974,Ejected,282
7.943282347242821e-05,15142398.61020441,Ejected,309
3.9810717055349695e-05,9746805.98826322,Ejected,117
3.9810717055349695e-05,9747805.968358455,Ejected,113
3.9810717055349695e-05,9751805.8887394,Ejected,317
9.999999999999999e-06,3804980.975142686,Ejected,240
3.9810717055349695e-05,9839804.137120148,Ejected,511
3.9810717055349695e-05,9844804.037596326,Ejected,557
3.9810717055349695e-05,9852803.878358213,Ejected,723
3.9810717055349695e-05,9875803.420548636,Ejected,402
0.00015848931924611142,6180510.246973569,Ejected,466
3.9810717055349695e-05,9917802.58454854,Ejected,663
3.9810717055349695e-05,9975801.430072214,Ejected,564
3.9810717055349695e-05,9976801.410167452,Ejected,256
3.9810717055349695e-05,9985801.231024573,Ejected,67
3.9810717055349695e-05,9994801.051881695,Ejected,619
3.9810717055349695e-05,10063799.678452965,Ejected,677
0.00015848931924611142,6266503.432742817,Ejected,355
7.943282347242821e-05,15635379.031179829,Ejected,531
7.943282347242821e-05,15637378.951751737,Ejected,77
3.9810717055349695e-05,10121798.52397664,Ejected,509
3.9810717055349695e-05,10123798.484167112,Ejected,522
0.00015848931924611142,6302500.580274131,Ejected,668
7.943282347242821e-05,15729375.298059523,Ejected,298
3.9810717055349695e-05,10157797.80740513,Ejected,741
3.9810717055349695e-05,10176797.429214608,Ejected,54
3.9810717055349695e-05,10219796.573309748,Ejected,473
3.9810717055349695e-05,10248795.996071585,Ejected,232
3.9810717055349695e-05,10301794.941119082,Ejected,675
3.9810717055349695e-05,10315794.662452383,Ejected,624
3.9810717055349695e-05,10325794.463404741,Ejected,354
3.9810717055349695e-05,10368793.607499879,Ejected,176
3.9810717055349695e-05,10368793.607499879,Ejected,308
3.9810717055349695e-05,10368793.607499879,Ejected,413
3.9810717055349695e-05,10430792.3734045,Ejected,550
3.9810717055349695e-05,10441792.154452093,Ejected,383
3.9810717055349695e-05,10468791.617023459,Ejected,20
3.9810717055349695e-05,10536790.263499493,Ejected,627
3.9810717055349695e-05,10610788.79054694,Ejected,779
3.9810717055349695e-05,10619788.611404063,Ejected,629
3.9810717055349695e-05,10649788.014261136,Ejected,293
0.00015848931924611142,6529482.593874358,Ejected,702
7.943282347242821e-05,16384349.285359522,Ejected,153
3.9810717055349695e-05,10696787.078737218,Ejected,350
3.9810717055349695e-05,10701786.979213396,Ejected,476
3.9810717055349695e-05,10774785.52616561,Ejected,537
3.9810717055349695e-05,10789785.227594147,Ejected,376
0.00015848931924611142,6588477.9189951215,Ejected,441
3.9810717055349695e-05,10802784.968832212,Ejected,169
3.9810717055349695e-05,10808784.849403625,Ejected,401
3.9810717055349695e-05,10822784.570736928,Ejected,611
0.00015848931924611142,6608476.334290296,Ejected,780
3.9810717055349695e-05,10849784.033308294,Ejected,396
3.9810717055349695e-05,10864783.73473683,Ejected,356
7.943282347242821e-05,16611340.270271124,Ejected,139
7.943282347242821e-05,16668338.006570514,Ejected,165
9.999999999999999e-06,4124979.3751546857,Ejected,46
3.9810717055349695e-05,10955781.923403287,Ejected,80
3.9810717055349695e-05,10956781.903498523,Ejected,399
3.9810717055349695e-05,10958781.863688994,Ejected,151
3.9810717055349695e-05,10970781.624831824,Ejected,87
7.943282347242821e-05,16766334.114594026,Ejected,429
3.9810717055349695e-05,11020780.629593613,Ejected,357
3.9810717055349695e-05,11021780.609688848,Ejected,235
7.943282347242821e-05,16823331.850893416,Ejected,779
3.9810717055349695e-05,11034780.350926913,Ejected,514
3.9810717055349695e-05,11040780.231498329,Ejected,346
3.9810717055349695e-05,11043780.171784036,Ejected,637
3.9810717055349695e-05,11057779.893117337,Ejected,757
3.9810717055349695e-05,11060779.833403045,Ejected,730
7.943282347242821e-05,16919328.038345017,Ejected,739
0.00015848931924611142,6739465.954473686,Ejected,654
3.9810717055349695e-05,11153777.982259972,Ejected,163
3.9810717055349695e-05,11174777.564259924,Ejected,591
0.00015848931924611142,6781462.626593552,Ejected,123
3.9810717055349695e-05,11226776.529212186,Ejected,142
3.9810717055349695e-05,11290775.255307276,Ejected,12
3.9810717055349695e-05,11292775.215497747,Ejected,304
3.9810717055349695e-05,11303774.99654534,Ejected,259
3.9810717055349695e-05,11313774.797497699,Ejected,714
3.9810717055349695e-05,11357773.921688074,Ejected,762
3.9810717055349695e-05,11375773.563402317,Ejected,470
3.9810717055349695e-05,11449772.090449765,Ejected,328
3.9810717055349695e-05,11466771.752068775,Ejected,706
3.9810717055349695e-05,11492771.234544905,Ejected,8
3.9810717055349695e-05,11524770.59759245,Ejected,316
7.943282347242821e-05,17423308.022465933,Ejected,543
3.9810717055349695e-05,11534770.398544807,Ejected,407
3.9810717055349695e-05,11540770.279116223,Ejected,748
3.9810717055349695e-05,11556769.960639995,Ejected,37
7.943282347242821e-05,17456306.71190242,Ejected,39
3.9810717055349695e-05,11663767.830830224,Ejected,301
3.9810717055349695e-05,11704767.014734892,Ejected,182
3.9810717055349695e-05,11740766.29816338,Ejected,571
9.999999999999999e-06,4351978.240163199,Ejected,667
7.943282347242821e-05,17758294.71826059,Ejected,378
3.9810717055349695e-05,11930762.51625818,Ejected,735
3.9810717055349695e-05,11977761.580734262,Ejected,461
3.9810717055349695e-05,12012760.884067515,Ejected,242
7.943282347242821e-05,18029283.955754176,Ejected,432
3.9810717055349695e-05,12077759.59025784,Ejected,22
3.9810717055349695e-05,12083759.470829256,Ejected,758
3.9810717055349695e-05,12113758.873686329,Ejected,66
3.9810717055349695e-05,12156758.017781468,Ejected,369
0.00015848931924611142,7196429.743968415,Ejected,555
0.00015848931924611142,7206428.951616002,Ejected,363
3.9810717055349695e-05,12211756.923019435,Ejected,574
3.9810717055349695e-05,12248756.18654316,Ejected,647
3.9810717055349695e-05,12255756.04720981,Ejected,351
7.943282347242821e-05,18285273.788958453,Ejected,264
3.9810717055349695e-05,12261755.927781226,Ejected,768
7.943282347242821e-05,18318272.47839494,Ejected,519
3.9810717055349695e-05,12291755.330638299,Ejected,645
7.943282347242821e-05,18356270.9692612,Ejected,721
3.9810717055349695e-05,12333754.494638203,Ejected,440
3.9810717055349695e-05,12430752.563876074,Ejected,635
3.9810717055349695e-05,12642748.344066061,Ejected,752
3.9810717055349695e-05,12651748.164923182,Ejected,499
3.9810717055349695e-05,12687747.44835167,Ejected,780
3.9810717055349695e-05,12689747.408542143,Ejected,279
3.9810717055349695e-05,12795745.298637135,Ejected,673
3.9810717055349695e-05,12808745.039875202,Ejected,633
7.943282347242821e-05,18930248.17339891,Ejected,94
3.9810717055349695e-05,12823744.741303738,Ejected,573
3.9810717055349695e-05,12873743.746065527,Ejected,577
0.00015848931924611142,7531403.200162582,Ejected,700
3.9810717055349695e-05,13006741.098731887,Ejected,796
3.9810717055349695e-05,13129738.65044589,Ejected,502
3.9810717055349695e-05,13203737.177493338,Ejected,489
3.9810717055349695e-05,13246736.321588475,Ejected,152
3.9810717055349695e-05,13291735.425874086,Ejected,680
3.9810717055349695e-05,13300735.246731209,Ejected,111
3.9810717055349695e-05,13349734.271397762,Ejected,783
0.00015848931924611142,7705389.413230597,Ejected,530
3.9810717055349695e-05,13418732.897969032,Ejected,480
3.9810717055349695e-05,13470731.862921292,Ejected,201
3.9810717055349695e-05,13491731.444921244,Ejected,125
3.9810717055349695e-05,13501731.245873602,Ejected,400
3.9810717055349695e-05,13516730.947302138,Ejected,665
3.9810717055349695e-05,13541730.449683033,Ejected,158
3.9810717055349695e-05,13613729.01654001,Ejected,586
3.9810717055349695e-05,13659728.100920856,Ejected,483
3.9810717055349695e-05,13826724.776825232,Ejected,593
3.9810717055349695e-05,13831724.677301412,Ejected,52
3.9810717055349695e-05,13849724.319015656,Ejected,785
3.9810717055349695e-05,13888723.54272985,Ejected,310
3.9810717055349695e-05,14122718.885015026,Ejected,575
3.9810717055349695e-05,14123718.865110261,Ejected,458
3.9810717055349695e-05,14130718.725776913,Ejected,621
3.9810717055349695e-05,14215717.033871954,Ejected,590
3.9810717055349695e-05,14218716.974157661,Ejected,197
3.9810717055349695e-05,14218716.974157661,Ejected,300
3.9810717055349695e-05,14236716.615871906,Ejected,305
3.9810717055349695e-05,14271715.919205157,Ejected,523
3.9810717055349695e-05,14348714.386538314,Ejected,618
3.9810717055349695e-05,14378713.789395386,Ejected,491
3.9810717055349695e-05,14413713.092728639,Ejected,662
3.9810717055349695e-05,14426712.833966706,Ejected,446
3.9810717055349695e-05,14439712.575204771,Ejected,521
3.9810717055349695e-05,14510711.161966512,Ejected,189
3.9810717055349695e-05,14552710.325966414,Ejected,500
3.9810717055349695e-05,14556710.246347357,Ejected,671
3.9810717055349695e-05,14565710.06720448,Ejected,205
3.9810717055349695e-05,14596709.45015679,Ejected,196
3.9810717055349695e-05,14699707.399966074,Ejected,211
3.9810717055349695e-05,14730706.782918384,Ejected,234
3.9810717055349695e-05,14741706.563965978,Ejected,486
3.9810717055349695e-05,14752706.345013572,Ejected,660
3.9810717055349695e-05,14799705.409489654,Ejected,246
3.9810717055349695e-05,14832704.752632435,Ejected,715
3.9810717055349695e-05,14921702.98110842,Ejected,139
3.9810717055349695e-05,14963702.145108324,Ejected,447
3.9810717055349695e-05,14970702.005774973,Ejected,294
3.9810717055349695e-05,15086699.696822325,Ejected,32
3.9810717055349695e-05,15110699.219107984,Ejected,670
3.9810717055349695e-05,15263696.17367906,Ejected,562
3.9810717055349695e-05,15546690.540630788,Ejected,421
3.9810717055349695e-05,15619689.087583,Ejected,463
3.9810717055349695e-05,15641688.649678187,Ejected,437
3.9810717055349695e-05,15641688.649678187,Ejected,676
3.9810717055349695e-05,15670688.072440024,Ejected,45
3.9810717055349695e-05,15744686.599487472,Ejected,21
3.9810717055349695e-05,15800685.484820677,Ejected,248
3.9810717055349695e-05,15850684.489582466,Ejected,710
3.9810717055349695e-05,15921683.076344207,Ejected,165
3.9810717055349695e-05,15939682.718058452,Ejected,28
9.999999999999999e-06,5368973.155201335,Ejected,477
3.9810717055349695e-05,16050680.508629624,Ejected,394
3.9810717055349695e-05,16078679.951296225,Ejected,732
3.9810717055349695e-05,16085679.811962876,Ejected,90
3.9810717055349695e-05,16089679.732343819,Ejected,270
3.9810717055349695e-05,16135678.816724665,Ejected,646
3.9810717055349695e-05,16243676.66701013,Ejected,793
3.9810717055349695e-05,16268676.169391025,Ejected,145
3.9810717055349695e-05,16283675.870819563,Ejected,262
3.9810717055349695e-05,16355674.43767654,Ejected,370
0.00015848931924611142,8911293.855529599,Ejected,334
3.9810717055349695e-05,16420673.143866865,Ejected,493
3.9810717055349695e-05,16515671.252914265,Ejected,517
3.9810717055349695e-05,16558670.397009404,Ejected,686
3.9810717055349695e-05,16572670.118342705,Ejected,613
0.00015848931924611142,9018285.37735878,Ejected,611
3.9810717055349695e-05,16697667.630247178,Ejected,661
3.9810717055349695e-05,16858664.42558014,Ejected,791
9.999999999999999e-06,5578972.10520921,Ejected,358
3.9810717055349695e-05,16913663.33081811,Ejected,56
3.9810717055349695e-05,17081659.98681772,Ejected,397
7.943282347242821e-05,23609062.351378597,Ejected,344
7.943282347242821e-05,23622061.835096,Ejected,505
3.9810717055349695e-05,17134658.93186522,Ejected,516
3.9810717055349695e-05,17152658.57357946,Ejected,303
3.9810717055349695e-05,17166658.294912763,Ejected,105
