0.01,0.0,Captured,51
0.01,0.0,Captured,633
0.01,0.0,Captured,222
0.01,0.0,Captured,491
0.01,0.0,Captured,635
0.01,0.0,Captured,703
0.01,0.0,Captured,450
0.01,163501.2943903709,Ejected,24
0.01,163501.2943903709,Ejected,41
0.01,163501.2943903709,Ejected,65
0.01,163501.2943903709,Ejected,129
0.01,163501.2943903709,Ejected,90
0.005011872336272725,0.0,Captured,799
0.005011872336272725,0.0,Captured,352
0.005011872336272725,0.0,Captured,329
0.01,163501.2943903709,Ejected,261
0.01,163501.2943903709,Ejected,289
0.01,163501.2943903709,Ejected,232
0.01,163501.2943903709,Ejected,317
0.01,163501.2943903709,Ejected,325
0.01,163501.2943903709,Ejected,226
0.01,163501.2943903709,Ejected,223
0.0012589254117941675,0.0,Captured,178
0.0012589254117941675,0.0,Captured,382
0.01,163501.2943903709,Ejected,393
0.01,163501.2943903709,Ejected,319
0.01,163501.2943903709,Ejected,323
0.01,163501.2943903709,Ejected,347
0.01,163501.2943903709,Ejected,355
0.01,163501.2943903709,Ejected,342
0.01,163501.2943903709,Ejected,370
0.01,163501.2943903709,Ejected,312
0.01,163501.2943903709,Ejected,462
0.01,163501.2943903709,Ejected,340
0.01,163501.2943903709,Ejected,471
0.01,163501.2943903709,Ejected,388
0.01,163501.2943903709,Ejected,709
0.01,163501.2943903709,Ejected,428
0.01,163501.2943903709,Ejected,741
0.01,163501.2943903709,Ejected,615
0.01,163501.2943903709,Ejected,753
0.01,163501.2943903709,Ejected,769
0.01,163501.2943903709,Ejected,773
0.01,163501.2943903709,Ejected,777
0.01,163501.2943903709,Ejected,556
0.01,163501.2943903709,Ejected,719
0.01,163501.2943903709,Ejected,564
0.01,163501.2943903709,Ejected,672
0.01,163501.2943903709,Ejected,744
0.01,327002.5887807418,Ejected,3
0.01,327002.5887807418,Ejected,20
0.01,327002.5887807418,Ejected,32
0.01,327002.5887807418,Ejected,18
0.01,327002.5887807418,Ejected,30
0.01,327002.5887807418,Ejected,34
0.01,327002.5887807418,Ejected,38
0.01,327002.5887807418,Ejected,49
0.01,327002.5887807418,Ejected,72
0.01,327002.5887807418,Ejected,73
0.01,327002.5887807418,Ejected,97
0.01,327002.5887807418,Ejected,105
0.01,327002.5887807418,Ejected,109
0.01,327002.5887807418,Ejected,74
0.01,327002.5887807418,Ejected,117
0.01,327002.5887807418,Ejected,141
0.01,327002.5887807418,Ejected,98
0.01,327002.5887807418,Ejected,153
0.01,327002.5887807418,Ejected,165
0.01,327002.5887807418,Ejected,79
0.01,327002.5887807418,Ejected,177
0.01,327002.5887807418,Ejected,185
0.01,327002.5887807418,Ejected,128
0.01,327002.5887807418,Ejected,197
0.01,327002.5887807418,Ejected,217
0.01,327002.5887807418,Ejected,122
0.01,327002.5887807418,Ejected,130
0.01,327002.5887807418,Ejected,134
0.01,327002.5887807418,Ejected,138
0.01,327002.5887807418,Ejected,142
0.01,327002.5887807418,Ejected,160
0.01,327002.5887807418,Ejected,245
0.01,327002.5887807418,Ejected,176
0.01,327002.5887807418,Ejected,180
0.01,327002.5887807418,Ejected,188
0.01,327002.5887807418,Ejected,192
0.01,327002.5887807418,Ejected,265
0.01,327002.5887807418,Ejected,269
0.01,327002.5887807418,Ejected,224
0.01,327002.5887807418,Ejected,147
0.01,327002.5887807418,Ejected,321
0.01,327002.5887807418,Ejected,329
0.01,327002.5887807418,Ejected,337
0.01,327002.5887807418,Ejected,341
0.01,327002.5887807418,Ejected,186
0.01,327002.5887807418,Ejected,198
0.01,327002.5887807418,Ejected,365
0.01,327002.5887807418,Ejected,373
0.01,327002.5887807418,Ejected,377
0.01,327002.5887807418,Ejected,385
0.005011872336272725,163906.54127919796,Ejected,747
0.01,327002.5887807418,Ejected,199
0.01,327002.5887807418,Ejected,227
0.01,327002.5887807418,Ejected,218
0.01,327002.5887807418,Ejected,291
0.01,327002.5887807418,Ejected,417
0.01,327002.5887807418,Ejected,315
0.01,327002.5887807418,Ejected,246
0.01,327002.5887807418,Ejected,250
0.005011872336272725,327813.0825583959,Ejected,2
0.01,327002.5887807418,Ejected,437
0.01,327002.5887807418,Ejected,284
0.01,327002.5887807418,Ejected,453
0.01,327002.5887807418,Ejected,457
0.01,327002.5887807418,Ejected,270
0.01,327002.5887807418,Ejected,473
0.01,327002.5887807418,Ejected,477
0.005011872336272725,327813.0825583959,Ejected,27
0.005011872336272725,327813.0825583959,Ejected,28
0.01,327002.5887807418,Ejected,302
0.01,327002.5887807418,Ejected,505
0.005011872336272725,327813.0825583959,Ejected,9
0.005011872336272725,327813.0825583959,Ejected,64
0.01,327002.5887807418,Ejected,533
0.01,327002.5887807418,Ejected,326
0.01,327002.5887807418,Ejected,581
0.01,327002.5887807418,Ejected,585
0.01,327002.5887807418,Ejected,350
0.005011872336272725,327813.0825583959,Ejected,53
0.01,327002.5887807418,Ejected,395
0.01,327002.5887807418,Ejected,374
0.01,327002.5887807418,Ejected,613
0.01,327002.5887807418,Ejected,415
0.01,327002.5887807418,Ejected,423
0.005011872336272725,327813.0825583959,Ejected,89
0.01,327002.5887807418,Ejected,669
0.01,327002.5887807418,Ejected,689
0.01,327002.5887807418,Ejected,693
0.01,327002.5887807418,Ejected,336
0.005011872336272725,327813.0825583959,Ejected,145
0.01,327002.5887807418,Ejected,459
0.005011872336272725,327813.0825583959,Ejected,123
0.01,327002.5887807418,Ejected,466
0.01,327002.5887807418,Ejected,474
0.01,327002.5887807418,Ejected,515
0.01,327002.5887807418,Ejected,372
0.01,327002.5887807418,Ejected,384
0.01,327002.5887807418,Ejected,392
0.005011872336272725,327813.0825583959,Ejected,208
0.005011872336272725,327813.0825583959,Ejected,220
0.005011872336272725,327813.0825583959,Ejected,237
0.01,327002.5887807418,Ejected,502
0.01,327002.5887807418,Ejected,567
0.005011872336272725,327813.0825583959,Ejected,265
0.01,327002.5887807418,Ejected,785
0.01,327002.5887807418,Ejected,789
0.01,327002.5887807418,Ejected,464
0.01,327002.5887807418,Ejected,468
0.01,327002.5887807418,Ejected,522
0.01,327002.5887807418,Ejected,492
0.005011872336272725,327813.0825583959,Ejected,297
0.01,327002.5887807418,Ejected,631
0.01,327002.5887807418,Ejected,520
0.01,327002.5887807418,Ejected,647
0.01,327002.5887807418,Ejected,659
0.01,327002.5887807418,Ejected,671
0.005011872336272725,327813.0825583959,Ejected,349
0.005011872336272725,327813.0825583959,Ejected,247
0.005011872336272725,327813.0825583959,Ejected,251
0.01,327002.5887807418,Ejected,528
0.01,327002.5887807418,Ejected,532
0.01,327002.5887807418,Ejected,546
0.01,327002.5887807418,Ejected,550
0.01,327002.5887807418,Ejected,554
0.01,327002.5887807418,Ejected,562
0.01,327002.5887807418,Ejected,570
0.01,327002.5887807418,Ejected,574
0.01,327002.5887807418,Ejected,572
0.01,327002.5887807418,Ejected,582
0.01,327002.5887807418,Ejected,699
0.005011872336272725,327813.0825583959,Ejected,316
0.01,327002.5887807418,Ejected,723
0.005011872336272725,327813.0825583959,Ejected,306
0.01,327002.5887807418,Ejected,731
0.005011872336272725,327813.0825583959,Ejected,291
0.01,327002.5887807418,Ejected,747
0.01,327002.5887807418,Ejected,759
0.01,327002.5887807418,Ejected,767
0.01,327002.5887807418,Ejected,592
0.01,327002.5887807418,Ejected,610
0.01,327002.5887807418,Ejected,618
0.01,327002.5887807418,Ejected,604
0.005011872336272725,327813.0825583959,Ejected,334
0.01,327002.5887807418,Ejected,612
0.01,327002.5887807418,Ejected,634
0.01,327002.5887807418,Ejected,642
0.01,327002.5887807418,Ejected,654
0.005011872336272725,327813.0825583959,Ejected,477
0.005011872336272725,327813.0825583959,Ejected,485
0.01,327002.5887807418,Ejected,648
0.01,327002.5887807418,Ejected,678
0.01,327002.5887807418,Ejected,694
0.01,327002.5887807418,Ejected,664
0.01,327002.5887807418,Ejected,668
0.005011872336272725,327813.0825583959,Ejected,505
0.01,327002.5887807418,Ejected,702
0.01,327002.5887807418,Ejected,706
0.01,327002.5887807418,Ejected,684
0.01,327002.5887807418,Ejected,722
0.01,327002.5887807418,Ejected,712
0.01,327002.5887807418,Ejected,742
0.01,327002.5887807418,Ejected,732
0.01,327002.5887807418,Ejected,762
0.01,327002.5887807418,Ejected,770
0.01,327002.5887807418,Ejected,774
0.01,327002.5887807418,Ejected,786
0.01,327002.5887807418,Ejected,756
0.005011872336272725,327813.0825583959,Ejected,430
0.005011872336272725,327813.0825583959,Ejected,541
0.005011872336272725,327813.0825583959,Ejected,545
0.01,490503.8831711127,Ejected,13
0.01,490503.8831711127,Ejected,28
0.005011872336272725,327813.0825583959,Ejected,454
0.01,490503.8831711127,Ejected,56
0.01,490503.8831711127,Ejected,45
0.01,490503.8831711127,Ejected,69
0.01,490503.8831711127,Ejected,58
0.005011872336272725,327813.0825583959,Ejected,482
0.01,490503.8831711127,Ejected,62
0.01,490503.8831711127,Ejected,93
0.005011872336272725,327813.0825583959,Ejected,490
0.005011872336272725,327813.0825583959,Ejected,460
0.01,490503.8831711127,Ejected,121
0.01,490503.8831711127,Ejected,59
0.005011872336272725,327813.0825583959,Ejected,506
0.005011872336272725,327813.0825583959,Ejected,526
0.01,490503.8831711127,Ejected,104
0.01,490503.8831711127,Ejected,157
0.01,490503.8831711127,Ejected,116
0.005011872336272725,327813.0825583959,Ejected,472
0.01,490503.8831711127,Ejected,205
0.01,490503.8831711127,Ejected,209
0.005011872336272725,327813.0825583959,Ejected,669
0.005011872336272725,327813.0825583959,Ejected,578
0.01,490503.8831711127,Ejected,241
0.005011872336272725,327813.0825583959,Ejected,701
0.01,490503.8831711127,Ejected,184
0.01,490503.8831711127,Ejected,196
0.01,490503.8831711127,Ejected,162
0.01,490503.8831711127,Ejected,119
0.01,490503.8831711127,Ejected,208
0.01,490503.8831711127,Ejected,212
0.005011872336272725,327813.0825583959,Ejected,532
0.01,490503.8831711127,Ejected,143
0.005011872336272725,327813.0825583959,Ejected,559
0.01,490503.8831711127,Ejected,159
0.01,490503.8831711127,Ejected,313
0.005011872336272725,327813.0825583959,Ejected,654
0.005011872336272725,327813.0825583959,Ejected,674
0.005011872336272725,327813.0825583959,Ejected,678
0.005011872336272725,327813.0825583959,Ejected,682
0.01,490503.8831711127,Ejected,357
0.01,490503.8831711127,Ejected,361
0.005011872336272725,327813.0825583959,Ejected,690
0.01,490503.8831711127,Ejected,191
0.01,490503.8831711127,Ejected,215
0.005011872336272725,327813.0825583959,Ejected,718
0.01,490503.8831711127,Ejected,260
0.005011872336272725,327813.0825583959,Ejected,612
0.01,490503.8831711127,Ejected,275
0.01,490503.8831711127,Ejected,279
0.005011872336272725,327813.0825583959,Ejected,623
0.005011872336272725,327813.0825583959,Ejected,757
0.01,490503.8831711127,Ejected,339
0.005011872336272725,327813.0825583959,Ejected,655
0.01,490503.8831711127,Ejected,469
0.005011872336272725,327813.0825583959,Ejected,781
0.01,490503.8831711127,Ejected,493
0.01,490503.8831711127,Ejected,334
0.01,490503.8831711127,Ejected,387
0.005011872336272725,327813.0825583959,Ejected,696
0.005011872336272725,327813.0825583959,Ejected,700
0.005011872336272725,327813.0825583959,Ejected,712
0.01,490503.8831711127,Ejected,573
0.005011872336272725,327813.0825583959,Ejected,740
0.01,490503.8831711127,Ejected,410
0.005011872336272725,327813.0825583959,Ejected,727
0.01,490503.8831711127,Ejected,427
0.005011872336272725,327813.0825583959,Ejected,764
0.005011872336272725,327813.0825583959,Ejected,780
0.01,490503.8831711127,Ejected,657
0.005011872336272725,327813.0825583959,Ejected,755
0.01,490503.8831711127,Ejected,677
0.01,490503.8831711127,Ejected,685
0.01,490503.8831711127,Ejected,447
0.01,490503.8831711127,Ejected,467
0.01,490503.8831711127,Ejected,495
0.005011872336272725,491719.6238375939,Ejected,0
0.005011872336272725,491719.6238375939,Ejected,7
0.005011872336272725,491719.6238375939,Ejected,16
0.01,490503.8831711127,Ejected,511
0.01,490503.8831711127,Ejected,364
0.005011872336272725,491719.6238375939,Ejected,52
0.005011872336272725,491719.6238375939,Ejected,34
0.01,490503.8831711127,Ejected,559
0.005011872336272725,491719.6238375939,Ejected,41
0.005011872336272725,491719.6238375939,Ejected,58
0.01,490503.8831711127,Ejected,444
0.01,490503.8831711127,Ejected,452
0.01,490503.8831711127,Ejected,607
0.01,490503.8831711127,Ejected,765
0.01,490503.8831711127,Ejected,623
0.01,490503.8831711127,Ejected,558
0.01,490503.8831711127,Ejected,566
0.01,490503.8831711127,Ejected,472
0.01,490503.8831711127,Ejected,643
0.01,490503.8831711127,Ejected,586
0.005011872336272725,491719.6238375939,Ejected,137
0.005011872336272725,491719.6238375939,Ejected,134
0.01,490503.8831711127,Ejected,711
0.005011872336272725,491719.6238375939,Ejected,150
0.005011872336272725,491719.6238375939,Ejected,172
0.01,490503.8831711127,Ejected,743
0.005011872336272725,491719.6238375939,Ejected,177
0.005011872336272725,491719.6238375939,Ejected,181
0.0025118864315095794,328221.56539742043,Ejected,544
0.01,490503.8831711127,Ejected,666
0.005011872336272725,491719.6238375939,Ejected,143
0.005011872336272725,491719.6238375939,Ejected,196
0.01,490503.8831711127,Ejected,714
0.01,490503.8831711127,Ejected,580
0.01,490503.8831711127,Ejected,791
0.01,490503.8831711127,Ejected,738
0.005011872336272725,491719.6238375939,Ejected,245
0.005011872336272725,491719.6238375939,Ejected,187
0.005011872336272725,491719.6238375939,Ejected,211
0.005011872336272725,491719.6238375939,Ejected,285
0.005011872336272725,491719.6238375939,Ejected,289
0.01,490503.8831711127,Ejected,660
0.005011872336272725,491719.6238375939,Ejected,321
0.01,490503.8831711127,Ejected,692
0.01,490503.8831711127,Ejected,696
0.01,490503.8831711127,Ejected,720
0.005011872336272725,491719.6238375939,Ejected,280
0.005011872336272725,491719.6238375939,Ejected,288
0.01,490503.8831711127,Ejected,748
0.005011872336272725,491719.6238375939,Ejected,385
0.01,490503.8831711127,Ejected,768
0.005011872336272725,491719.6238375939,Ejected,274
0.005011872336272725,491719.6238375939,Ejected,401
0.005011872336272725,491719.6238375939,Ejected,312
0.01,654005.1775614836,Ejected,6
0.005011872336272725,491719.6238375939,Ejected,320
0.005011872336272725,491719.6238375939,Ejected,275
0.005011872336272725,491719.6238375939,Ejected,344
0.01,654005.1775614836,Ejected,22
0.01,654005.1775614836,Ejected,60
0.01,654005.1775614836,Ejected,15
0.005011872336272725,491719.6238375939,Ejected,319
0.005011872336272725,491719.6238375939,Ejected,453
0.005011872336272725,491719.6238375939,Ejected,343
0.01,654005.1775614836,Ejected,78
0.005011872336272725,491719.6238375939,Ejected,362
0.01,654005.1775614836,Ejected,102
0.005011872336272725,491719.6238375939,Ejected,419
0.005011872336272725,491719.6238375939,Ejected,438
0.005011872336272725,491719.6238375939,Ejected,537
0.0025118864315095794,328221.56539742043,Ejected,730
0.01,654005.1775614836,Ejected,168
0.01,654005.1775614836,Ejected,170
0.01,654005.1775614836,Ejected,182
0.005011872336272725,491719.6238375939,Ejected,593
0.005011872336272725,491719.6238375939,Ejected,605
0.01,654005.1775614836,Ejected,220
0.005011872336272725,491719.6238375939,Ejected,470
0.005011872336272725,491719.6238375939,Ejected,478
0.01,654005.1775614836,Ejected,214
0.005011872336272725,491719.6238375939,Ejected,621
0.005011872336272725,491719.6238375939,Ejected,530
0.01,654005.1775614836,Ejected,381
0.01,654005.1775614836,Ejected,195
0.01,654005.1775614836,Ejected,203
0.005011872336272725,491719.6238375939,Ejected,677
0.01,654005.1775614836,Ejected,235
0.01,654005.1775614836,Ejected,255
0.01,654005.1775614836,Ejected,259
0.01,654005.1775614836,Ejected,274
0.01,654005.1775614836,Ejected,283
0.01,654005.1775614836,Ejected,311
0.005011872336272725,491719.6238375939,Ejected,693
0.005011872336272725,491719.6238375939,Ejected,488
0.01,654005.1775614836,Ejected,441
0.005011872336272725,491719.6238375939,Ejected,504
0.005011872336272725,491719.6238375939,Ejected,610
0.005011872336272725,491719.6238375939,Ejected,516
0.005011872336272725,491719.6238375939,Ejected,626
0.005011872336272725,491719.6238375939,Ejected,713
0.005011872336272725,491719.6238375939,Ejected,634
0.005011872336272725,491719.6238375939,Ejected,528
0.005011872336272725,491719.6238375939,Ejected,536
0.005011872336272725,491719.6238375939,Ejected,552
0.005011872336272725,491719.6238375939,Ejected,698
0.005011872336272725,491719.6238375939,Ejected,710
0.005011872336272725,491719.6238375939,Ejected,730
0.005011872336272725,491719.6238375939,Ejected,734
0.005011872336272725,491719.6238375939,Ejected,587
0.01,654005.1775614836,Ejected,589
0.01,654005.1775614836,Ejected,430
0.005011872336272725,491719.6238375939,Ejected,773
0.005011872336272725,491719.6238375939,Ejected,647
0.01,654005.1775614836,Ejected,649
0.01,654005.1775614836,Ejected,352
0.005011872336272725,491719.6238375939,Ejected,652
0.0025118864315095794,492332.34809613065,Ejected,107
0.0025118864315095794,492332.34809613065,Ejected,115
0.01,654005.1775614836,Ejected,396
0.01,654005.1775614836,Ejected,400
0.005011872336272725,491719.6238375939,Ejected,732
0.0025118864315095794,492332.34809613065,Ejected,116
0.01,654005.1775614836,Ejected,440
0.005011872336272725,491719.6238375939,Ejected,784
0.0025118864315095794,492332.34809613065,Ejected,187
0.01,654005.1775614836,Ejected,591
0.005011872336272725,491719.6238375939,Ejected,743
0.01,654005.1775614836,Ejected,599
0.01,654005.1775614836,Ejected,603
0.005011872336272725,491719.6238375939,Ejected,775
0.005011872336272725,491719.6238375939,Ejected,779
0.005011872336272725,655626.1651167918,Ejected,8
0.005011872336272725,655626.1651167918,Ejected,12
0.005011872336272725,655626.1651167918,Ejected,23
0.005011872336272725,655626.1651167918,Ejected,68
0.01,654005.1775614836,Ejected,552
0.01,654005.1775614836,Ejected,695
0.005011872336272725,655626.1651167918,Ejected,42
0.0025118864315095794,492332.34809613065,Ejected,242
0.01,654005.1775614836,Ejected,735
0.005011872336272725,655626.1651167918,Ejected,54
0.005011872336272725,655626.1651167918,Ejected,70
0.01,654005.1775614836,Ejected,638
0.01,654005.1775614836,Ejected,662
0.005011872336272725,655626.1651167918,Ejected,86
0.01,654005.1775614836,Ejected,686
0.01,654005.1775614836,Ejected,690
0.005011872336272725,655626.1651167918,Ejected,136
0.01,654005.1775614836,Ejected,746
0.01,654005.1775614836,Ejected,632
0.0025118864315095794,492332.34809613065,Ejected,301
0.01,654005.1775614836,Ejected,688
0.005011872336272725,655626.1651167918,Ejected,138
0.005011872336272725,655626.1651167918,Ejected,146
0.005011872336272725,655626.1651167918,Ejected,168
0.005011872336272725,655626.1651167918,Ejected,176
0.005011872336272725,655626.1651167918,Ejected,162
0.01,654005.1775614836,Ejected,764
0.01,654005.1775614836,Ejected,784
0.005011872336272725,655626.1651167918,Ejected,174
0.01,817506.4719518544,Ejected,1
0.01,817506.4719518544,Ejected,8
0.005011872336272725,655626.1651167918,Ejected,198
0.005011872336272725,655626.1651167918,Ejected,202
0.01,817506.4719518544,Ejected,64
0.01,817506.4719518544,Ejected,68
0.005011872336272725,655626.1651167918,Ejected,147
0.01,817506.4719518544,Ejected,57
0.005011872336272725,655626.1651167918,Ejected,171
0.005011872336272725,655626.1651167918,Ejected,225
0.005011872336272725,655626.1651167918,Ejected,229
0.005011872336272725,655626.1651167918,Ejected,233
0.005011872336272725,655626.1651167918,Ejected,249
0.005011872336272725,655626.1651167918,Ejected,253
0.005011872336272725,655626.1651167918,Ejected,261
0.005011872336272725,655626.1651167918,Ejected,277
0.005011872336272725,655626.1651167918,Ejected,183
0.005011872336272725,655626.1651167918,Ejected,260
0.01,817506.4719518544,Ejected,161
0.01,817506.4719518544,Ejected,103
0.005011872336272725,655626.1651167918,Ejected,278
0.01,817506.4719518544,Ejected,236
0.005011872336272725,655626.1651167918,Ejected,299
0.005011872336272725,655626.1651167918,Ejected,433
0.005011872336272725,655626.1651167918,Ejected,336
0.01,817506.4719518544,Ejected,155
0.01,817506.4719518544,Ejected,163
0.005011872336272725,655626.1651167918,Ejected,342
0.005011872336272725,655626.1651167918,Ejected,347
0.005011872336272725,655626.1651167918,Ejected,366
0.0025118864315095794,492332.34809613065,Ejected,490
0.0025118864315095794,492332.34809613065,Ejected,436
0.005011872336272725,655626.1651167918,Ejected,386
0.01,817506.4719518544,Ejected,303
0.01,817506.4719518544,Ejected,335
0.005011872336272725,655626.1651167918,Ejected,426
0.01,817506.4719518544,Ejected,461
0.005011872336272725,655626.1651167918,Ejected,396
0.005011872336272725,655626.1651167918,Ejected,411
0.005011872336272725,655626.1651167918,Ejected,415
0.005011872336272725,655626.1651167918,Ejected,423
0.005011872336272725,655626.1651167918,Ejected,581
0.01,817506.4719518544,Ejected,367
0.01,817506.4719518544,Ejected,382
0.01,817506.4719518544,Ejected,375
0.01,817506.4719518544,Ejected,545
0.005011872336272725,655626.1651167918,Ejected,428
0.01,817506.4719518544,Ejected,577
0.005011872336272725,655626.1651167918,Ejected,456
0.005011872336272725,655626.1651167918,Ejected,681
0.005011872336272725,655626.1651167918,Ejected,586
0.005011872336272725,655626.1651167918,Ejected,590
0.005011872336272725,655626.1651167918,Ejected,507
0.005011872336272725,655626.1651167918,Ejected,531
0.01,817506.4719518544,Ejected,360
0.005011872336272725,655626.1651167918,Ejected,618
0.0025118864315095794,492332.34809613065,Ejected,685
0.01,817506.4719518544,Ejected,487
0.005011872336272725,655626.1651167918,Ejected,543
0.005011872336272725,655626.1651167918,Ejected,722
0.005011872336272725,655626.1651167918,Ejected,738
0.005011872336272725,655626.1651167918,Ejected,579
0.01,817506.4719518544,Ejected,518
0.0025118864315095794,492332.34809613065,Ejected,576
0.0025118864315095794,492332.34809613065,Ejected,584
0.005011872336272725,655626.1651167918,Ejected,615
0.005011872336272725,655626.1651167918,Ejected,794
0.005011872336272725,655626.1651167918,Ejected,628
0.01,817506.4719518544,Ejected,568
0.005011872336272725,655626.1651167918,Ejected,687
0.005011872336272725,655626.1651167918,Ejected,656
0.01,817506.4719518544,Ejected,646
0.005011872336272725,655626.1651167918,Ejected,716
0.01,817506.4719518544,Ejected,620
0.0025118864315095794,492332.34809613065,Ejected,767
0.005011872336272725,655626.1651167918,Ejected,735
0.01,817506.4719518544,Ejected,708
0.005011872336272725,819532.7063959897,Ejected,36
0.005011872336272725,819532.7063959897,Ejected,56
0.01,981007.7663422254,Ejected,27
0.005011872336272725,819532.7063959897,Ejected,43
0.01,981007.7663422254,Ejected,94
0.005011872336272725,819532.7063959897,Ejected,102
0.005011872336272725,819532.7063959897,Ejected,108
0.005011872336272725,819532.7063959897,Ejected,110
0.01,981007.7663422254,Ejected,221
0.01,981007.7663422254,Ejected,229
0.01,981007.7663422254,Ejected,233
0.01,981007.7663422254,Ejected,111
0.01,981007.7663422254,Ejected,166
0.01,981007.7663422254,Ejected,174
0.01,981007.7663422254,Ejected,281
0.0025118864315095794,656443.1307948409,Ejected,62
0.01,981007.7663422254,Ejected,175
0.0025118864315095794,656443.1307948409,Captured,90
0.005011872336272725,819532.7063959897,Ejected,205
0.005011872336272725,819532.7063959897,Ejected,212
0.01,981007.7663422254,Ejected,211
0.01,981007.7663422254,Ejected,219
0.005011872336272725,819532.7063959897,Ejected,175
0.01,981007.7663422254,Ejected,397
0.005011872336272725,819532.7063959897,Ejected,238
0.01,981007.7663422254,Ejected,298
0.01,981007.7663422254,Ejected,314
0.0025118864315095794,656443.1307948409,Ejected,95
0.005011872336272725,819532.7063959897,Ejected,325
0.005011872336272725,819532.7063959897,Ejected,341
0.01,981007.7663422254,Ejected,280
0.005011872336272725,819532.7063959897,Ejected,357
0.01,981007.7663422254,Ejected,354
0.01,981007.7663422254,Ejected,513
0.0025118864315095794,656443.1307948409,Ejected,104
0.0025118864315095794,656443.1307948409,Ejected,177
0.005011872336272725,819532.7063959897,Ejected,457
0.01,981007.7663422254,Ejected,324
0.0025118864315095794,656443.1307948409,Ejected,205
0.005011872336272725,819532.7063959897,Ejected,338
0.005011872336272725,819532.7063959897,Ejected,331
0.005011872336272725,819532.7063959897,Ejected,493
0.01,981007.7663422254,Ejected,653
0.0025118864315095794,656443.1307948409,Ejected,235
0.005011872336272725,819532.7063959897,Ejected,367
0.005011872336272725,819532.7063959897,Ejected,422
0.01,981007.7663422254,Ejected,503
0.0025118864315095794,656443.1307948409,Ejected,208
0.01,981007.7663422254,Ejected,412
0.005011872336272725,819532.7063959897,Ejected,549
0.005011872336272725,819532.7063959897,Ejected,565
0.005011872336272725,819532.7063959897,Ejected,601
0.01,981007.7663422254,Ejected,555
0.005011872336272725,819532.7063959897,Ejected,436
0.005011872336272725,819532.7063959897,Ejected,629
0.005011872336272725,819532.7063959897,Ejected,566
0.0025118864315095794,656443.1307948409,Ejected,330
0.0025118864315095794,656443.1307948409,Ejected,311
0.0025118864315095794,656443.1307948409,Ejected,369
0.01,981007.7663422254,Ejected,751
0.0025118864315095794,656443.1307948409,Ejected,385
0.0025118864315095794,656443.1307948409,Ejected,389
0.005011872336272725,819532.7063959897,Ejected,666
0.005011872336272725,819532.7063959897,Ejected,694
0.005011872336272725,819532.7063959897,Ejected,564
0.01,981007.7663422254,Ejected,718
0.0025118864315095794,656443.1307948409,Ejected,398
0.01,981007.7663422254,Ejected,750
0.005011872336272725,819532.7063959897,Ejected,749
0.005011872336272725,819532.7063959897,Ejected,600
0.01,981007.7663422254,Ejected,788
0.0025118864315095794,656443.1307948409,Ejected,415
0.01,1144509.0607325963,Ejected,0
0.01,1144509.0607325963,Ejected,31
0.0025118864315095794,656443.1307948409,Ejected,458
0.005011872336272725,819532.7063959897,Ejected,664
0.0025118864315095794,656443.1307948409,Ejected,507
0.005011872336272725,819532.7063959897,Ejected,724
0.0025118864315095794,656443.1307948409,Ejected,537
0.01,1144509.0607325963,Ejected,132
0.005011872336272725,819532.7063959897,Ejected,760
0.01,1144509.0607325963,Ejected,156
0.005011872336272725,819532.7063959897,Ejected,759
0.01,1144509.0607325963,Ejected,277
0.005011872336272725,819532.7063959897,Ejected,791
0.005011872336272725,819532.7063959897,Ejected,795
0.0025118864315095794,656443.1307948409,Ejected,566
0.0025118864315095794,656443.1307948409,Ejected,570
0.005011872336272725,983439.2476751878,Ejected,31
0.01,1144509.0607325963,Ejected,267
0.01,1144509.0607325963,Ejected,421
0.0025118864315095794,656443.1307948409,Ejected,552
0.005011872336272725,983439.2476751878,Ejected,140
0.01,1144509.0607325963,Ejected,641
0.005011872336272725,983439.2476751878,Ejected,230
0.005011872336272725,983439.2476751878,Ejected,248
0.01,1144509.0607325963,Ejected,721
0.01,1144509.0607325963,Ejected,527
0.005011872336272725,983439.2476751878,Ejected,361
0.005011872336272725,983439.2476751878,Ejected,350
0.0012589254117941675,492640.3005943998,Ejected,797
0.005011872336272725,983439.2476751878,Ejected,489
0.01,1144509.0607325963,Ejected,667
0.005011872336272725,983439.2476751878,Ejected,501
0.01,1144509.0607325963,Ejected,540
0.005011872336272725,983439.2476751878,Ejected,355
0.01,1144509.0607325963,Ejected,691
0.005011872336272725,983439.2476751878,Ejected,462
0.005011872336272725,983439.2476751878,Ejected,431
0.005011872336272725,983439.2476751878,Ejected,494
0.01,1144509.0607325963,Ejected,636
0.01,1144509.0607325963,Ejected,754
0.005011872336272725,983439.2476751878,Ejected,570
0.0025118864315095794,820553.9134935511,Ejected,94
0.01,1308010.3551229672,Ejected,43
0.01,1308010.3551229672,Ejected,67
0.0025118864315095794,820553.9134935511,Ejected,79
0.0025118864315095794,820553.9134935511,Ejected,93
0.0025118864315095794,820553.9134935511,Ejected,101
0.005011872336272725,983439.2476751878,Ejected,595
0.005011872336272725,983439.2476751878,Ejected,572
0.01,1308010.3551229672,Ejected,253
0.0025118864315095794,820553.9134935511,Ejected,158
0.005011872336272725,983439.2476751878,Ejected,608
0.005011872336272725,983439.2476751878,Ejected,651
0.005011872336272725,983439.2476751878,Ejected,659
0.005011872336272725,983439.2476751878,Ejected,672
0.005011872336272725,983439.2476751878,Ejected,708
0.0025118864315095794,820553.9134935511,Ejected,248
0.01,1308010.3551229672,Ejected,399
0.0025118864315095794,820553.9134935511,Ejected,401
0.0025118864315095794,820553.9134935511,Ejected,332
0.005011872336272725,1147345.7889543858,Ejected,55
0.005011872336272725,1147345.7889543858,Ejected,148
0.005011872336272725,1147345.7889543858,Ejected,109
0.005011872336272725,1147345.7889543858,Ejected,125
0.0025118864315095794,820553.9134935511,Ejected,434
0.005011872336272725,1147345.7889543858,Ejected,157
0.005011872336272725,1147345.7889543858,Ejected,161
0.0025118864315095794,820553.9134935511,Ejected,380
0.0025118864315095794,820553.9134935511,Ejected,419
0.01,1308010.3551229672,Ejected,594
0.0025118864315095794,820553.9134935511,Ejected,451
0.0025118864315095794,820553.9134935511,Ejected,487
0.01,1308010.3551229672,Ejected,600
0.0025118864315095794,820553.9134935511,Ejected,542
0.005011872336272725,1147345.7889543858,Ejected,282
0.01,1308010.3551229672,Ejected,704
0.005011872336272725,1147345.7889543858,Ejected,332
0.005011872336272725,1147345.7889543858,Ejected,314
0.0025118864315095794,820553.9134935511,Ejected,558
0.01,1471511.649513338,Ejected,36
0.005011872336272725,1147345.7889543858,Ejected,372
0.0025118864315095794,820553.9134935511,Ejected,653
0.01,1471511.649513338,Ejected,11
0.005011872336272725,1147345.7889543858,Ejected,418
0.005011872336272725,1147345.7889543858,Ejected,434
0.005011872336272725,1147345.7889543858,Ejected,435
0.005011872336272725,1147345.7889543858,Ejected,486
0.01,1471511.649513338,Ejected,193
0.01,1471511.649513338,Ejected,240
0.005011872336272725,1147345.7889543858,Ejected,646
0.01,1471511.649513338,Ejected,278
0.005011872336272725,1147345.7889543858,Ejected,662
0.0012589254117941675,656853.7341258664,Ejected,541
0.005011872336272725,1147345.7889543858,Ejected,560
0.005011872336272725,1147345.7889543858,Ejected,750
0.0025118864315095794,820553.9134935511,Ejected,795
0.01,1471511.649513338,Ejected,557
0.005011872336272725,1147345.7889543858,Ejected,660
0.01,1471511.649513338,Ejected,348
0.0025118864315095794,820553.9134935511,Ejected,756
0.01,1471511.649513338,Ejected,583
0.0025118864315095794,984664.6961922613,Ejected,14
0.0025118864315095794,984664.6961922613,Ejected,30
0.01,1471511.649513338,Ejected,655
0.0025118864315095794,984664.6961922613,Ejected,63
0.005011872336272725,1311252.3302335837,Ejected,112
0.005011872336272725,1311252.3302335837,Ejected,77
0.005011872336272725,1311252.3302335837,Ejected,79
0.005011872336272725,1311252.3302335837,Ejected,97
0.005011872336272725,1311252.3302335837,Ejected,129
0.0025118864315095794,984664.6961922613,Ejected,167
0.005011872336272725,1311252.3302335837,Ejected,231
0.0025118864315095794,984664.6961922613,Ejected,222
0.0025118864315095794,984664.6961922613,Ejected,226
0.005011872336272725,1311252.3302335837,Ejected,254
0.01,1635012.9439037088,Ejected,124
0.005011872336272725,1311252.3302335837,Ejected,286
0.0025118864315095794,984664.6961922613,Ejected,271
0.0012589254117941675,821067.1676573331,Ejected,25
0.0025118864315095794,984664.6961922613,Ejected,329
0.005011872336272725,1311252.3302335837,Ejected,414
0.0025118864315095794,984664.6961922613,Ejected,323
0.0025118864315095794,984664.6961922613,Ejected,327
0.0025118864315095794,984664.6961922613,Ejected,421
0.005011872336272725,1311252.3302335837,Ejected,597
0.005011872336272725,1311252.3302335837,Ejected,432
0.0025118864315095794,984664.6961922613,Ejected,379
0.0025118864315095794,984664.6961922613,Ejected,391
0.01,1635012.9439037088,Ejected,378
0.01,1635012.9439037088,Ejected,386
0.0025118864315095794,984664.6961922613,Ejected,469
0.01,1635012.9439037088,Ejected,549
0.01,1635012.9439037088,Ejected,479
0.0025118864315095794,984664.6961922613,Ejected,456
0.01,1635012.9439037088,Ejected,376
0.01,1635012.9439037088,Ejected,539
0.0025118864315095794,984664.6961922613,Ejected,567
0.0025118864315095794,984664.6961922613,Ejected,575
0.0012589254117941675,821067.1676573331,Ejected,231
0.0025118864315095794,984664.6961922613,Ejected,673
0.0025118864315095794,984664.6961922613,Ejected,524
0.0025118864315095794,984664.6961922613,Ejected,733
0.0025118864315095794,984664.6961922613,Ejected,618
0.005011872336272725,1311252.3302335837,Ejected,776
0.01,1635012.9439037088,Ejected,670
0.0025118864315095794,984664.6961922613,Ejected,757
0.0025118864315095794,984664.6961922613,Ejected,761
0.0025118864315095794,984664.6961922613,Ejected,797
0.01,1635012.9439037088,Ejected,716
0.005011872336272725,1475158.8715127816,Ejected,38
0.005011872336272725,1475158.8715127816,Ejected,51
0.01,1798514.23829408,Ejected,33
0.01,1798514.23829408,Ejected,23
0.0025118864315095794,984664.6961922613,Ejected,763
0.01,1798514.23829408,Ejected,158
0.01,1798514.23829408,Ejected,172
0.005011872336272725,1475158.8715127816,Ejected,213
0.01,1798514.23829408,Ejected,286
0.01,1798514.23829408,Ejected,327
0.005011872336272725,1475158.8715127816,Ejected,397
0.01,1798514.23829408,Ejected,445
0.005011872336272725,1475158.8715127816,Ejected,437
0.005011872336272725,1475158.8715127816,Ejected,328
0.005011872336272725,1475158.8715127816,Ejected,340
0.0025118864315095794,1148775.4788909715,Ejected,27
0.005011872336272725,1475158.8715127816,Ejected,388
0.005011872336272725,1475158.8715127816,Ejected,577
0.0025118864315095794,1148775.4788909715,Ejected,81
0.005011872336272725,1475158.8715127816,Ejected,498
0.005011872336272725,1475158.8715127816,Ejected,424
0.0025118864315095794,1148775.4788909715,Ejected,138
0.005011872336272725,1475158.8715127816,Ejected,661
0.0025118864315095794,1148775.4788909715,Ejected,175
0.0025118864315095794,1148775.4788909715,Ejected,181
0.0025118864315095794,1148775.4788909715,Ejected,207
0.0025118864315095794,1148775.4788909715,Ejected,245
0.0025118864315095794,1148775.4788909715,Ejected,259
0.0025118864315095794,1148775.4788909715,Ejected,274
0.005011872336272725,1475158.8715127816,Ejected,777
0.005011872336272725,1475158.8715127816,Ejected,680
0.01,1962015.5326844507,Ejected,44
0.005011872336272725,1475158.8715127816,Ejected,792
0.0025118864315095794,1148775.4788909715,Ejected,433
0.0025118864315095794,1148775.4788909715,Ejected,406
0.0025118864315095794,1148775.4788909715,Ejected,364
0.01,1962015.5326844507,Ejected,110
0.0025118864315095794,1148775.4788909715,Ejected,501
0.005011872336272725,1639065.4127919795,Ejected,30
0.0025118864315095794,1148775.4788909715,Ejected,565
0.0025118864315095794,1148775.4788909715,Ejected,522
0.01,1962015.5326844507,Ejected,307
0.0025118864315095794,1148775.4788909715,Ejected,583
0.01,1962015.5326844507,Ejected,304
0.005011872336272725,1639065.4127919795,Ejected,257
0.0025118864315095794,1148775.4788909715,Ejected,540
0.005011872336272725,1639065.4127919795,Ejected,195
0.0025118864315095794,1148775.4788909715,Ejected,667
0.0025118864315095794,1148775.4788909715,Ejected,596
0.005011872336272725,1639065.4127919795,Ejected,445
0.0025118864315095794,1148775.4788909715,Ejected,678
0.005011872336272725,1639065.4127919795,Ejected,371
0.005011872336272725,1639065.4127919795,Ejected,511
0.005011872336272725,1639065.4127919795,Ejected,556
0.005011872336272725,1639065.4127919795,Ejected,706
0.005011872336272725,1639065.4127919795,Ejected,551
0.01,2125516.8270748216,Ejected,66
0.01,2125516.8270748216,Ejected,201
0.005011872336272725,1639065.4127919795,Ejected,768
0.01,2125516.8270748216,Ejected,256
0.01,2125516.8270748216,Ejected,401
0.0025118864315095794,1312886.2615896817,Ejected,142
0.01,2125516.8270748216,Ejected,429
0.005011872336272725,1802971.9540711776,Ejected,19
0.005011872336272725,1802971.9540711776,Ejected,116
0.005011872336272725,1802971.9540711776,Ejected,141
0.005011872336272725,1802971.9540711776,Ejected,153
0.0025118864315095794,1312886.2615896817,Ejected,322
0.01,2125516.8270748216,Ejected,514
0.0025118864315095794,1312886.2615896817,Ejected,307
0.005011872336272725,1802971.9540711776,Ejected,236
0.005011872336272725,1802971.9540711776,Ejected,264
0.005011872336272725,1802971.9540711776,Ejected,333
0.0025118864315095794,1312886.2615896817,Ejected,437
0.005011872336272725,1802971.9540711776,Ejected,283
0.0012589254117941675,985280.6011887996,Ejected,634
0.005011872336272725,1802971.9540711776,Ejected,327
0.005011872336272725,1802971.9540711776,Ejected,379
0.0025118864315095794,1312886.2615896817,Ejected,573
0.0025118864315095794,1312886.2615896817,Ejected,629
0.0025118864315095794,1312886.2615896817,Ejected,657
0.0025118864315095794,1312886.2615896817,Ejected,697
0.0025118864315095794,1312886.2615896817,Ejected,614
0.01,2289018.1214651926,Ejected,287
0.005011872336272725,1802971.9540711776,Ejected,790
0.01,2289018.1214651926,Ejected,525
0.0025118864315095794,1312886.2615896817,Ejected,746
0.005011872336272725,1802971.9540711776,Ejected,723
0.005011872336272725,1966878.4953503755,Ejected,76
0.0025118864315095794,1312886.2615896817,Ejected,792
0.0025118864315095794,1476997.044288392,Ejected,43
0.01,2289018.1214651926,Ejected,776
0.0025118864315095794,1476997.044288392,Ejected,185
0.005011872336272725,1966878.4953503755,Captured,179
0.0025118864315095794,1476997.044288392,Ejected,132
0.0025118864315095794,1476997.044288392,Ejected,160
0.0025118864315095794,1476997.044288392,Ejected,227
0.005011872336272725,1966878.4953503755,Ejected,378
0.0025118864315095794,1476997.044288392,Ejected,310
0.0025118864315095794,1476997.044288392,Ejected,276
0.0025118864315095794,1476997.044288392,Ejected,280
0.0025118864315095794,1476997.044288392,Ejected,373
0.005011872336272725,1966878.4953503755,Ejected,538
0.005011872336272725,1966878.4953503755,Ejected,550
0.0012589254117941675,1149494.0347202662,Ejected,268
0.0025118864315095794,1476997.044288392,Ejected,414
0.0025118864315095794,1476997.044288392,Ejected,427
0.0025118864315095794,1476997.044288392,Ejected,513
0.005011872336272725,1966878.4953503755,Ejected,753
0.0025118864315095794,1476997.044288392,Captured,470
0.0025118864315095794,1476997.044288392,Ejected,502
0.0012589254117941675,1149494.0347202662,Ejected,361
0.0025118864315095794,1476997.044288392,Ejected,609
0.01,2452519.4158555632,Ejected,544
0.0025118864315095794,1476997.044288392,Ejected,516
0.0025118864315095794,1476997.044288392,Ejected,713
0.0012589254117941675,1149494.0347202662,Ejected,534
0.01,2452519.4158555632,Ejected,640
0.0025118864315095794,1476997.044288392,Ejected,699
0.0025118864315095794,1476997.044288392,Ejected,698
0.0025118864315095794,1476997.044288392,Ejected,612
0.0025118864315095794,1476997.044288392,Ejected,652
0.0025118864315095794,1476997.044288392,Ejected,660
0.0025118864315095794,1476997.044288392,Ejected,726
0.0025118864315095794,1476997.044288392,Ejected,783
0.0012589254117941675,1149494.0347202662,Ejected,603
0.005011872336272725,2130785.0366295734,Ejected,185
0.005011872336272725,2130785.0366295734,Ejected,461
0.0025118864315095794,1641107.8269871022,Ejected,33
0.005011872336272725,2130785.0366295734,Ejected,440
0.005011872336272725,2130785.0366295734,Ejected,653
0.0025118864315095794,1641107.8269871022,Ejected,152
0.005011872336272725,2130785.0366295734,Ejected,603
0.0025118864315095794,1641107.8269871022,Ejected,224
0.0025118864315095794,1641107.8269871022,Ejected,244
0.0025118864315095794,1641107.8269871022,Ejected,342
0.01,2779522.0046363054,Ejected,12
0.0025118864315095794,1641107.8269871022,Ejected,349
0.01,2779522.0046363054,Ejected,190
0.005011872336272725,2294691.5779087716,Ejected,128
0.01,2779522.0046363054,Ejected,239
0.005011872336272725,2294691.5779087716,Ejected,191
0.0025118864315095794,1641107.8269871022,Ejected,611
0.0025118864315095794,1641107.8269871022,Ejected,598
0.01,2779522.0046363054,Ejected,478
0.0025118864315095794,1641107.8269871022,Ejected,642
0.01,2779522.0046363054,Ejected,757
0.0012589254117941675,1313707.4682517329,Ejected,419
0.005011872336272725,2294691.5779087716,Ejected,637
0.005011872336272725,2294691.5779087716,Ejected,707
0.01,2943023.299026676,Ejected,254
0.0025118864315095794,1805218.6096858124,Ejected,84
0.0025118864315095794,1805218.6096858124,Ejected,122
0.0025118864315095794,1805218.6096858124,Ejected,161
0.0025118864315095794,1805218.6096858124,Ejected,281
0.01,2943023.299026676,Ejected,404
0.005011872336272725,2458598.1191879692,Ejected,216
0.0025118864315095794,1805218.6096858124,Ejected,355
0.0025118864315095794,1805218.6096858124,Ejected,461
0.0012589254117941675,1477920.9017831995,Ejected,73
0.0025118864315095794,1805218.6096858124,Ejected,494
0.0025118864315095794,1805218.6096858124,Ejected,517
0.01,3106524.593417047,Ejected,146
0.005011872336272725,2458598.1191879692,Ejected,733
0.0025118864315095794,1805218.6096858124,Ejected,623
0.0025118864315095794,1805218.6096858124,Ejected,679
0.0025118864315095794,1805218.6096858124,Ejected,754
0.0025118864315095794,1805218.6096858124,Ejected,775
0.0012589254117941675,1477920.9017831995,Ejected,380
0.005011872336272725,2622504.6604671674,Ejected,132
0.0012589254117941675,1477920.9017831995,Ejected,381
0.005011872336272725,2622504.6604671674,Ejected,199
0.0025118864315095794,1969329.3923845226,Ejected,114
0.0025118864315095794,1969329.3923845226,Ejected,135
0.0025118864315095794,1969329.3923845226,Ejected,153
0.0025118864315095794,1969329.3923845226,Ejected,239
0.0025118864315095794,1969329.3923845226,Ejected,261
0.0025118864315095794,1969329.3923845226,Ejected,282
0.01,3270025.8878074177,Ejected,171
0.005011872336272725,2622504.6604671674,Ejected,495
0.0025118864315095794,1969329.3923845226,Ejected,240
0.0025118864315095794,1969329.3923845226,Ejected,284
0.005011872336272725,2622504.6604671674,Ejected,540
0.0025118864315095794,1969329.3923845226,Ejected,361
0.0025118864315095794,1969329.3923845226,Ejected,526
0.0025118864315095794,1969329.3923845226,Ejected,553
0.01,3270025.8878074177,Ejected,771
0.0025118864315095794,1969329.3923845226,Ejected,651
0.0025118864315095794,1969329.3923845226,Ejected,663
0.0012589254117941675,1642134.3353146662,Ejected,244
0.01,3433527.1821977887,Ejected,609
0.0025118864315095794,2133440.175083233,Ejected,8
0.0025118864315095794,2133440.175083233,Ejected,103
0.0025118864315095794,2133440.175083233,Ejected,176
0.0012589254117941675,1642134.3353146662,Ejected,425
0.0025118864315095794,2133440.175083233,Ejected,220
0.0025118864315095794,2133440.175083233,Ejected,357
0.005011872336272725,2950317.743025563,Ejected,217
0.005011872336272725,2950317.743025563,Ejected,226
0.0025118864315095794,2133440.175083233,Ejected,444
0.0025118864315095794,2133440.175083233,Ejected,495
0.0025118864315095794,2133440.175083233,Ejected,515
0.0025118864315095794,2133440.175083233,Ejected,504
0.0025118864315095794,2133440.175083233,Ejected,645
0.0025118864315095794,2133440.175083233,Ejected,729
0.0025118864315095794,2133440.175083233,Ejected,777
0.01,3597028.47658816,Ejected,780
0.0012589254117941675,1806347.7688461328,Ejected,162
0.0025118864315095794,2297550.957781943,Ejected,121
0.0025118864315095794,2297550.957781943,Ejected,154
0.0025118864315095794,2297550.957781943,Ejected,180
0.0025118864315095794,2297550.957781943,Ejected,219
0.0025118864315095794,2297550.957781943,Ejected,214
0.0025118864315095794,2297550.957781943,Ejected,196
0.0012589254117941675,1806347.7688461328,Ejected,333
0.0012589254117941675,1806347.7688461328,Ejected,466
0.0025118864315095794,2297550.957781943,Ejected,368
0.0012589254117941675,1806347.7688461328,Ejected,453
0.0012589254117941675,1806347.7688461328,Ejected,479
0.0025118864315095794,2297550.957781943,Ejected,467
0.0012589254117941675,1806347.7688461328,Ejected,682
0.0025118864315095794,2297550.957781943,Ejected,734
0.0012589254117941675,1806347.7688461328,Ejected,699
0.005011872336272725,3278130.825583959,Ejected,37
0.0025118864315095794,2297550.957781943,Ejected,747
0.01,3924031.0653689015,Ejected,587
0.0025118864315095794,2297550.957781943,Ejected,728
0.0025118864315095794,2297550.957781943,Ejected,732
0.0012589254117941675,1970561.2023775992,Ejected,6
0.0012589254117941675,1970561.2023775992,Ejected,46
0.0012589254117941675,1970561.2023775992,Ejected,121
0.0025118864315095794,2461661.740480653,Ejected,105
0.0012589254117941675,1970561.2023775992,Ejected,163
0.005011872336272725,3278130.825583959,Ejected,514
0.0025118864315095794,2461661.740480653,Ejected,229
0.0012589254117941675,1970561.2023775992,Ejected,152
0.0012589254117941675,1970561.2023775992,Ejected,164
0.0025118864315095794,2461661.740480653,Ejected,250
0.0012589254117941675,1970561.2023775992,Ejected,255
0.0012589254117941675,1970561.2023775992,Ejected,290
0.0025118864315095794,2461661.740480653,Ejected,256
0.0012589254117941675,1970561.2023775992,Ejected,334
0.0025118864315095794,2461661.740480653,Ejected,539
0.005011872336272725,3442037.366863157,Ejected,443
0.01,4251033.654149643,Ejected,299
0.0012589254117941675,1970561.2023775992,Ejected,768
0.0025118864315095794,2625772.5231793635,Ejected,87
0.005011872336272725,3442037.366863157,Ejected,676
0.005011872336272725,3442037.366863157,Ejected,720
0.0025118864315095794,2625772.5231793635,Ejected,260
0.0025118864315095794,2625772.5231793635,Ejected,325
0.0025118864315095794,2625772.5231793635,Ejected,449
0.0025118864315095794,2625772.5231793635,Ejected,477
0.0025118864315095794,2625772.5231793635,Ejected,468
0.0012589254117941675,2134774.635909066,Ejected,362
0.0025118864315095794,2625772.5231793635,Ejected,546
0.0012589254117941675,2134774.635909066,Ejected,276
0.0012589254117941675,2134774.635909066,Ejected,308
0.0025118864315095794,2625772.5231793635,Ejected,528
0.0012589254117941675,2134774.635909066,Ejected,431
0.0025118864315095794,2789883.305878074,Ejected,117
0.0025118864315095794,2789883.305878074,Ejected,190
0.005011872336272725,3769850.449421553,Ejected,446
0.0012589254117941675,2298988.0694405325,Ejected,104
0.0025118864315095794,2789883.305878074,Ejected,781
0.0025118864315095794,2789883.305878074,Ejected,662
0.0025118864315095794,2789883.305878074,Ejected,668
0.0025118864315095794,2789883.305878074,Ejected,676
0.0012589254117941675,2298988.0694405325,Ejected,472
0.01,4905038.8317111265,Captured,7
0.0025118864315095794,2953994.088576784,Ejected,246
0.0025118864315095794,2953994.088576784,Ejected,292
0.0025118864315095794,2953994.088576784,Ejected,633
0.005011872336272725,4097663.531979949,Ejected,269
0.0025118864315095794,2953994.088576784,Ejected,564
0.005011872336272725,4097663.531979949,Ejected,497
0.0012589254117941675,2463201.5029719993,Ejected,374
0.005011872336272725,4097663.531979949,Ejected,742
0.0025118864315095794,3118104.871275494,Ejected,24
0.0012589254117941675,2463201.5029719993,Ejected,497
0.0025118864315095794,3118104.871275494,Ejected,124
0.0012589254117941675,2463201.5029719993,Ejected,551
0.0025118864315095794,3118104.871275494,Ejected,350
0.0025118864315095794,3118104.871275494,Ejected,374
0.0025118864315095794,3118104.871275494,Ejected,445
0.0025118864315095794,3118104.871275494,Ejected,440
0.0025118864315095794,3118104.871275494,Ejected,483
0.0025118864315095794,3118104.871275494,Ejected,591
0.0012589254117941675,2627414.9365034658,Ejected,61
0.0025118864315095794,3118104.871275494,Ejected,702
0.0012589254117941675,2627414.9365034658,Ejected,123
0.0012589254117941675,2627414.9365034658,Ejected,205
0.0012589254117941675,2627414.9365034658,Ejected,418
0.0012589254117941675,2627414.9365034658,Ejected,312
0.005011872336272725,4425476.614538345,Ejected,228
0.0012589254117941675,2627414.9365034658,Ejected,353
0.0012589254117941675,2627414.9365034658,Ejected,369
0.0012589254117941675,2627414.9365034658,Ejected,522
0.005011872336272725,4425476.614538345,Ejected,508
0.0012589254117941675,2627414.9365034658,Ejected,661
0.0025118864315095794,3282215.6539742043,Ejected,443
0.0025118864315095794,3282215.6539742043,Ejected,447
0.0012589254117941675,2627414.9365034658,Ejected,757
0.0012589254117941675,2791628.370034932,Ejected,14
0.0012589254117941675,2791628.370034932,Ejected,60
0.01,5559044.009272611,Captured,435
0.0012589254117941675,2791628.370034932,Ejected,174
0.0012589254117941675,2791628.370034932,Ejected,165
0.0012589254117941675,2791628.370034932,Ejected,214
0.0025118864315095794,3446326.436672915,Ejected,15
0.0012589254117941675,2791628.370034932,Ejected,410
0.01,5722545.303662981,Ejected,349
0.0012589254117941675,2791628.370034932,Ejected,483
0.0012589254117941675,2791628.370034932,Ejected,575
0.0025118864315095794,3446326.436672915,Ejected,599
0.0025118864315095794,3446326.436672915,Captured,622
0.0012589254117941675,2955841.803566399,Ejected,3
0.005011872336272725,4753289.697096741,Ejected,729
0.000630957344480193,2628239.2533436897,Ejected,199
0.0012589254117941675,2955841.803566399,Ejected,226
0.0012589254117941675,2955841.803566399,Ejected,197
0.0025118864315095794,3610437.2193716248,Ejected,126
0.0012589254117941675,2955841.803566399,Ejected,400
0.0025118864315095794,3610437.2193716248,Ejected,410
0.0012589254117941675,2955841.803566399,Ejected,417
0.0012589254117941675,2955841.803566399,Ejected,605
0.0012589254117941675,2955841.803566399,Ejected,628
0.0025118864315095794,3610437.2193716248,Ejected,628
0.0012589254117941675,3120055.2370978654,Ejected,21
0.01,6213049.186834094,Ejected,338
0.005011872336272725,5081102.779655137,Ejected,589
0.0025118864315095794,3774548.0020703347,Ejected,362
0.0012589254117941675,3120055.2370978654,Ejected,350
0.005011872336272725,5245009.320934335,Ejected,88
0.0012589254117941675,3120055.2370978654,Ejected,469
0.0025118864315095794,3774548.0020703347,Ejected,635
0.0012589254117941675,3120055.2370978654,Ejected,546
0.0012589254117941675,3120055.2370978654,Ejected,576
0.0025118864315095794,3938658.784769045,Ejected,78
0.0025118864315095794,3938658.784769045,Ejected,129
0.0025118864315095794,3938658.784769045,Ejected,150
0.0012589254117941675,3284268.6706293323,Ejected,17
0.0025118864315095794,3938658.784769045,Ejected,206
0.0012589254117941675,3284268.6706293323,Ejected,47
0.0012589254117941675,3284268.6706293323,Ejected,81
0.0012589254117941675,3284268.6706293323,Ejected,63
0.005011872336272725,5408915.862213532,Ejected,62
0.0012589254117941675,3284268.6706293323,Ejected,179
0.005011872336272725,5408915.862213532,Ejected,223
0.0012589254117941675,3284268.6706293323,Ejected,277
0.0012589254117941675,3284268.6706293323,Ejected,559
0.0012589254117941675,3284268.6706293323,Ejected,595
0.0012589254117941675,3284268.6706293323,Ejected,653
0.0025118864315095794,4102769.5674677556,Ejected,89
0.0025118864315095794,4102769.5674677556,Ejected,318
0.0025118864315095794,4102769.5674677556,Ejected,770
0.0012589254117941675,3448482.1041607987,Ejected,316
0.0012589254117941675,3448482.1041607987,Ejected,367
0.0012589254117941675,3448482.1041607987,Ejected,490
0.0012589254117941675,3448482.1041607987,Ejected,550
0.0012589254117941675,3448482.1041607987,Ejected,610
0.0025118864315095794,4266880.350166466,Ejected,221
0.005011872336272725,5736728.944771929,Ejected,553
0.0012589254117941675,3448482.1041607987,Ejected,775
0.0012589254117941675,3612695.5376922656,Ejected,51
0.0012589254117941675,3612695.5376922656,Ejected,77
0.0012589254117941675,3612695.5376922656,Ejected,274
0.0012589254117941675,3612695.5376922656,Ejected,207
0.0012589254117941675,3612695.5376922656,Ejected,279
0.0012589254117941675,3612695.5376922656,Ejected,285
0.0012589254117941675,3612695.5376922656,Ejected,406
0.0025118864315095794,4430991.132865176,Ejected,131
0.0012589254117941675,3612695.5376922656,Ejected,481
0.000630957344480193,3285299.0666796123,Ejected,10
0.0012589254117941675,3612695.5376922656,Ejected,578
0.0012589254117941675,3612695.5376922656,Ejected,525
0.0012589254117941675,3612695.5376922656,Ejected,663
0.0025118864315095794,4430991.132865176,Ejected,695
0.0012589254117941675,3776908.971223732,Ejected,514
0.0012589254117941675,3776908.971223732,Ejected,488
0.005011872336272725,6228448.568609523,Ejected,389
0.0012589254117941675,3776908.971223732,Ejected,635
0.0012589254117941675,3776908.971223732,Ejected,726
0.0012589254117941675,3776908.971223732,Ejected,683
0.0025118864315095794,4595101.915563886,Ejected,674
0.0012589254117941675,3941122.4047551984,Ejected,28
0.0012589254117941675,3941122.4047551984,Ejected,75
0.0012589254117941675,3941122.4047551984,Ejected,306
0.0025118864315095794,4759212.6982625965,Ejected,140
0.0025118864315095794,4759212.6982625965,Ejected,297
0.0012589254117941675,3941122.4047551984,Ejected,395
0.0012589254117941675,3941122.4047551984,Ejected,602
0.0012589254117941675,3941122.4047551984,Ejected,505
0.0012589254117941675,3941122.4047551984,Ejected,723
0.000630957344480193,3613828.9733475735,Ejected,78
0.0012589254117941675,4105335.8382866653,Ejected,142
0.0012589254117941675,4105335.8382866653,Ejected,428
0.000630957344480193,3613828.9733475735,Ejected,578
0.0012589254117941675,4105335.8382866653,Ejected,710
0.0012589254117941675,4105335.8382866653,Ejected,615
0.0012589254117941675,4105335.8382866653,Ejected,734
0.005011872336272725,6720168.192447117,Captured,709
0.0012589254117941675,4105335.8382866653,Ejected,688
0.0025118864315095794,4923323.480961306,Ejected,771
0.0012589254117941675,4269549.271818132,Ejected,203
0.0012589254117941675,4269549.271818132,Ejected,235
0.0012589254117941675,4269549.271818132,Ejected,251
0.0025118864315095794,5087434.2636600165,Ejected,489
0.0012589254117941675,4269549.271818132,Ejected,384
0.01,8502067.308299286,Ejected,542
0.0012589254117941675,4269549.271818132,Ejected,776
0.0012589254117941675,4269549.271818132,Ejected,785
0.0012589254117941675,4433762.705349598,Ejected,8
0.0012589254117941675,4433762.705349598,Ejected,250
0.0012589254117941675,4433762.705349598,Ejected,253
0.000630957344480193,3942358.8800155343,Ejected,179
0.000630957344480193,3942358.8800155343,Ejected,174
0.000630957344480193,3942358.8800155343,Ejected,186
0.000630957344480193,3942358.8800155343,Ejected,221
0.01,8665568.602689657,Ejected,727
0.0025118864315095794,5251545.046358727,Ejected,717
0.0012589254117941675,4433762.705349598,Ejected,608
0.0012589254117941675,4433762.705349598,Ejected,611
0.000630957344480193,3942358.8800155343,Ejected,502
0.000630957344480193,3942358.8800155343,Ejected,658
0.0012589254117941675,4597976.138881065,Ejected,83
0.0012589254117941675,4597976.138881065,Ejected,177
0.0012589254117941675,4597976.138881065,Ejected,211
0.0012589254117941675,4597976.138881065,Ejected,224
0.0012589254117941675,4597976.138881065,Ejected,349
0.0012589254117941675,4597976.138881065,Ejected,373
0.0012589254117941675,4597976.138881065,Ejected,459
0.0012589254117941675,4597976.138881065,Ejected,471
0.0012589254117941675,4597976.138881065,Ejected,652
0.0012589254117941675,4597976.138881065,Ejected,672
0.0012589254117941675,4762189.572412532,Ejected,55
0.0025118864315095794,5579766.611756148,Ejected,365
0.000630957344480193,4106623.833349515,Ejected,493
0.0012589254117941675,4762189.572412532,Ejected,573
0.0012589254117941675,4762189.572412532,Ejected,625
0.0012589254117941675,4762189.572412532,Ejected,740
0.0012589254117941675,4926403.005943999,Ejected,82
0.005011872336272725,7867513.981401502,Ejected,21
0.000630957344480193,4270888.786683496,Ejected,515
0.0012589254117941675,4926403.005943999,Ejected,115
0.0012589254117941675,4926403.005943999,Ejected,189
0.000630957344480193,4270888.786683496,Ejected,605
0.0012589254117941675,4926403.005943999,Ejected,465
0.0012589254117941675,4926403.005943999,Ejected,487
0.0025118864315095794,5907988.177153568,Ejected,45
0.0012589254117941675,4926403.005943999,Ejected,580
0.0012589254117941675,4926403.005943999,Ejected,561
0.0012589254117941675,4926403.005943999,Ejected,577
0.000630957344480193,4435153.7400174765,Ejected,37
0.0025118864315095794,5907988.177153568,Ejected,170
0.000630957344480193,4435153.7400174765,Ejected,189
0.000630957344480193,4435153.7400174765,Ejected,172
0.0012589254117941675,5090616.439475465,Ejected,37
0.0012589254117941675,5090616.439475465,Ejected,74
0.000630957344480193,4435153.7400174765,Ejected,352
0.000630957344480193,4435153.7400174765,Ejected,556
0.0012589254117941675,5090616.439475465,Ejected,558
0.0012589254117941675,5090616.439475465,Ejected,707
0.000630957344480193,4599418.693351457,Ejected,36
0.01,10137080.252202995,Ejected,204
0.0012589254117941675,5254829.8730069315,Ejected,390
0.000630957344480193,4599418.693351457,Ejected,574
0.0012589254117941675,5254829.8730069315,Ejected,461
0.0012589254117941675,5254829.8730069315,Ejected,622
0.000630957344480193,4763683.646685437,Ejected,253
0.0012589254117941675,5419043.306538398,Ejected,257
0.0012589254117941675,5419043.306538398,Ejected,544
0.0025118864315095794,6400320.525249698,Ejected,737
0.0012589254117941675,5419043.306538398,Ejected,765
0.0012589254117941675,5583256.740069864,Ejected,327
0.0012589254117941675,5583256.740069864,Ejected,401
0.0025118864315095794,6564431.307948409,Ejected,378
0.0012589254117941675,5583256.740069864,Ejected,493
0.0012589254117941675,5583256.740069864,Ejected,547
0.005011872336272725,9014859.770355888,Ejected,155
0.0012589254117941675,5583256.740069864,Ejected,779
0.0012589254117941675,5747470.173601331,Ejected,258
0.000630957344480193,5092213.553353399,Ejected,155
0.01,11118088.018545222,Ejected,391
0.0012589254117941675,5747470.173601331,Ejected,553
0.0012589254117941675,5747470.173601331,Ejected,738
0.0012589254117941675,5747470.173601331,Ejected,778
0.0025118864315095794,6892652.87334583,Ejected,199
0.0012589254117941675,5911683.607132798,Ejected,612
0.000630957344480193,5256478.506687379,Ejected,376
0.000630957344480193,5256478.506687379,Ejected,795
0.01,11608591.901716333,Ejected,616
0.0012589254117941675,6075897.040664265,Ejected,523
0.0025118864315095794,7056763.656044539,Ejected,680
0.0012589254117941675,6075897.040664265,Ejected,583
0.0012589254117941675,6075897.040664265,Ejected,585
0.000630957344480193,5420743.46002136,Ejected,72
0.0012589254117941675,6075897.040664265,Ejected,656
0.000630957344480193,5420743.46002136,Ejected,243
0.005011872336272725,9670485.93547268,Ejected,711
0.000630957344480193,5420743.46002136,Ejected,694
0.0012589254117941675,6240110.474195731,Ejected,496
0.0012589254117941675,6404323.907727198,Ejected,93
0.0012589254117941675,6404323.907727198,Ejected,252
0.000630957344480193,5585008.41335534,Ejected,430
0.0012589254117941675,6404323.907727198,Ejected,484
0.0025118864315095794,7549096.0041406695,Captured,333
0.0012589254117941675,6568537.341258665,Ejected,103
0.0012589254117941675,6568537.341258665,Ejected,246
0.0012589254117941675,6568537.341258665,Ejected,385
0.0012589254117941675,6568537.341258665,Ejected,507
0.000630957344480193,5749273.366689322,Ejected,565
0.0012589254117941675,6732750.774790131,Ejected,120
0.0012589254117941675,6732750.774790131,Ejected,144
0.005011872336272725,10490018.64186867,Ejected,523
0.0012589254117941675,6732750.774790131,Ejected,323
0.01,12753100.96244893,Ejected,560
0.0012589254117941675,6732750.774790131,Ejected,770
0.0025118864315095794,7877317.56953809,Ejected,480
0.0012589254117941675,6896964.208321597,Ejected,108
0.000630957344480193,6077803.273357282,Ejected,33
0.000630957344480193,6077803.273357282,Ejected,53
0.000630957344480193,6077803.273357282,Ejected,102
0.0025118864315095794,8041428.352236801,Ejected,141
0.0012589254117941675,6896964.208321597,Ejected,750
0.01,13243604.845620042,Ejected,85
0.0012589254117941675,6896964.208321597,Ejected,659
0.000630957344480193,6077803.273357282,Ejected,469
0.000630957344480193,6077803.273357282,Ejected,597
0.000630957344480193,6077803.273357282,Ejected,596
0.01,13243604.845620042,Ejected,650
0.000630957344480193,6242068.226691263,Ejected,82
0.000630957344480193,6242068.226691263,Ejected,187
0.0012589254117941675,7061177.641853064,Ejected,590
0.000630957344480193,6242068.226691263,Ejected,193
0.0012589254117941675,7061177.641853064,Ejected,629
0.000630957344480193,6242068.226691263,Ejected,252
0.01,13570607.434400784,Ejected,309
0.0012589254117941675,7225391.075384531,Ejected,100
0.000630957344480193,6242068.226691263,Ejected,573
0.0012589254117941675,7225391.075384531,Ejected,293
0.0012589254117941675,7225391.075384531,Ejected,596
0.0025118864315095794,8533760.700332932,Ejected,83
0.0025118864315095794,8533760.700332932,Ejected,435
0.000630957344480193,6406333.180025244,Ejected,774
0.0012589254117941675,7389604.508915997,Ejected,506
0.000630957344480193,6406333.180025244,Ejected,656
0.005011872336272725,11637364.430823056,Ejected,14
0.0012589254117941675,7389604.508915997,Ejected,664
0.000630957344480193,6570598.133359225,Ejected,171
0.0025118864315095794,8697871.483031642,Ejected,304
0.0012589254117941675,7553817.942447464,Ejected,513
0.0025118864315095794,8861982.265730351,Ejected,659
0.0012589254117941675,7718031.375978931,Ejected,570
0.000630957344480193,6734863.086693205,Ejected,618
0.0012589254117941675,7718031.375978931,Ejected,665
0.0012589254117941675,7882244.809510397,Ejected,16
0.000630957344480193,6899128.040027185,Ejected,241
0.0012589254117941675,7882244.809510397,Ejected,364
0.01,14878617.78952375,Ejected,273
0.000630957344480193,6899128.040027185,Ejected,433
0.000630957344480193,6899128.040027185,Ejected,516
0.0012589254117941675,7882244.809510397,Ejected,752
0.0012589254117941675,8046458.243041864,Ejected,117
0.0025118864315095794,9190203.831127772,Ejected,619
0.000630957344480193,7063392.993361166,Ejected,68
0.000630957344480193,7063392.993361166,Ejected,289
0.0012589254117941675,8046458.243041864,Ejected,594
0.000630957344480193,7063392.993361166,Ejected,410
0.000630957344480193,7063392.993361166,Ejected,614
0.0012589254117941675,8210671.676573331,Captured,185
0.000630957344480193,7227657.946695147,Ejected,84
0.000630957344480193,7227657.946695147,Ejected,403
0.0012589254117941675,8374885.110104797,Ejected,34
0.0012589254117941675,8374885.110104797,Ejected,462
0.01,15859625.555865977,Ejected,42
0.005011872336272725,13112523.302335836,Ejected,96
0.0012589254117941675,8374885.110104797,Ejected,696
0.0012589254117941675,8374885.110104797,Ejected,724
0.000630957344480193,7556187.853363108,Ejected,28
0.0012589254117941675,8539098.543636264,Ejected,542
0.000630957344480193,7556187.853363108,Ejected,446
0.000630957344480193,7556187.853363108,Ejected,580
0.0012589254117941675,8867525.410699196,Ejected,388
0.000630957344480193,7720452.806697088,Ejected,710
0.0012589254117941675,9031738.844230663,Ejected,510
0.000630957344480193,8048982.71336505,Ejected,24
0.000630957344480193,8048982.71336505,Ejected,119
0.000630957344480193,8048982.71336505,Ejected,239
0.0012589254117941675,9195952.27776213,Ejected,445
0.000630957344480193,8048982.71336505,Ejected,601
0.0012589254117941675,9195952.27776213,Ejected,638
0.0025118864315095794,10667200.875416163,Ejected,555
0.005011872336272725,14423775.632569421,Ejected,193
0.000630957344480193,8213247.66669903,Ejected,242
0.0012589254117941675,9360165.711293597,Ejected,209
0.000630957344480193,8213247.66669903,Ejected,392
0.000630957344480193,8213247.66669903,Ejected,617
0.005011872336272725,14587682.173848618,Captured,326
0.0025118864315095794,10831311.658114875,Ejected,682
0.000630957344480193,8377512.620033011,Ejected,246
0.000630957344480193,8377512.620033011,Ejected,276
0.0012589254117941675,9524379.144825064,Ejected,348
0.000630957344480193,8377512.620033011,Ejected,425
0.0012589254117941675,9524379.144825064,Ejected,670
0.0012589254117941675,9524379.144825064,Ejected,671
0.000630957344480193,8541777.573366992,Ejected,19
0.000630957344480193,8541777.573366992,Ejected,55
0.000630957344480193,8541777.573366992,Ejected,109
0.00031622776601683794,8050248.839834894,Ejected,487
0.0012589254117941675,9688592.57835653,Ejected,321
0.000630957344480193,8706042.526700972,Ejected,26
0.000630957344480193,8706042.526700972,Ejected,184
0.0012589254117941675,9852806.011887997,Ejected,455
0.000630957344480193,8706042.526700972,Ejected,677
0.000630957344480193,8870307.480034953,Ejected,94
0.0025118864315095794,11487754.788909715,Captured,403
0.0012589254117941675,10017019.445419462,Ejected,650
0.0012589254117941675,10017019.445419462,Ejected,698
0.00031622776601683794,8378830.425134278,Ejected,766
0.000630957344480193,9034572.433368934,Ejected,73
0.000630957344480193,9034572.433368934,Ejected,600
0.0012589254117941675,10345446.312482396,Ejected,604
0.000630957344480193,9198837.386702914,Ejected,212
0.000630957344480193,9363102.340036895,Ejected,151
0.0012589254117941675,10509659.746013863,Ejected,759
0.000630957344480193,9363102.340036895,Ejected,439
0.000630957344480193,9363102.340036895,Ejected,783
0.0012589254117941675,10673873.17954533,Ejected,500
0.000630957344480193,9527367.293370875,Ejected,114
0.000630957344480193,9527367.293370875,Ejected,249
0.000630957344480193,9527367.293370875,Ejected,554
0.000630957344480193,9527367.293370875,Ejected,670
0.000630957344480193,9527367.293370875,Ejected,790
0.0012589254117941675,11002300.046608264,Ejected,44
0.000630957344480193,9691632.246704856,Ejected,624
0.000630957344480193,9691632.246704856,Ejected,649
0.0012589254117941675,11166513.480139729,Ejected,715
0.000630957344480193,10020162.153372817,Ejected,299
0.000630957344480193,10020162.153372817,Ejected,337
0.000630957344480193,10020162.153372817,Ejected,688
0.00031622776601683794,9528865.97368212,Ejected,421
0.000630957344480193,10184427.106706798,Ejected,747
0.000630957344480193,10348692.060040778,Ejected,343
0.000630957344480193,10348692.060040778,Ejected,727
0.0012589254117941675,11823367.214265596,Ejected,202
0.0012589254117941675,11823367.214265596,Ejected,238
0.000630957344480193,10512957.013374759,Ejected,682
0.000630957344480193,10677221.96670874,Ejected,81
0.0012589254117941675,11987580.647797063,Ejected,415
0.000630957344480193,10677221.96670874,Ejected,264
0.000630957344480193,10677221.96670874,Ejected,588
0.000630957344480193,10677221.96670874,Ejected,781
0.0012589254117941675,12151794.08132853,Ejected,700
0.000630957344480193,10841486.92004272,Ejected,553
0.0012589254117941675,12316007.514859995,Ejected,394
0.000630957344480193,10841486.92004272,Ejected,772
0.000630957344480193,11005751.873376701,Ejected,684
0.0012589254117941675,12480220.948391462,Ejected,538
0.000630957344480193,11005751.873376701,Ejected,796
0.000630957344480193,11170016.82671068,Ejected,194
0.005011872336272725,19177065.32966616,Captured,513
0.000630957344480193,11170016.82671068,Ejected,470
0.000630957344480193,11170016.82671068,Ejected,625
0.0012589254117941675,12808647.815454395,Ejected,94
0.0012589254117941675,12972861.248985862,Ejected,763
0.000630957344480193,11662811.686712623,Ejected,11
0.000630957344480193,11662811.686712623,Ejected,497
0.000630957344480193,11827076.640046604,Ejected,275
0.0012589254117941675,13301288.116048796,Ejected,429
0.000630957344480193,11827076.640046604,Ejected,759
0.000630957344480193,11991341.593380583,Ejected,680
0.0012589254117941675,13958141.850174662,Ejected,562
0.000630957344480193,12484136.453382526,Ejected,517
0.000630957344480193,12484136.453382526,Ejected,642
0.00031622776601683794,11664646.278128112,Ejected,754
0.0012589254117941675,14122355.283706129,Ejected,709
0.00031622776601683794,11828937.070777804,Ejected,447
0.000630957344480193,12648401.406716507,Ejected,586
0.000630957344480193,12648401.406716507,Ejected,590
0.000630957344480193,12812666.360050488,Ejected,154
0.000630957344480193,12812666.360050488,Ejected,282
0.000630957344480193,12812666.360050488,Ejected,486
0.000630957344480193,12812666.360050488,Ejected,612
0.000630957344480193,12976931.313384468,Ejected,627
0.000630957344480193,13141196.26671845,Ejected,62
0.000630957344480193,13141196.26671845,Ejected,112
0.00031622776601683794,12321809.44872688,Ejected,483
0.00031622776601683794,12650391.034026263,Ejected,668
0.000630957344480193,13633991.126720391,Ejected,310
0.000630957344480193,13798256.08005437,Ejected,80
0.000630957344480193,13798256.08005437,Ejected,418
0.000630957344480193,13798256.08005437,Ejected,489
0.000630957344480193,13962521.033388352,Ejected,164
0.000630957344480193,13962521.033388352,Ejected,389
0.00031622776601683794,13143263.411975337,Ejected,82
0.00031622776601683794,13143263.411975337,Ejected,252
0.000630957344480193,14126785.986722331,Ejected,219
0.0012589254117941675,15928703.05255226,Ejected,748
0.00031622776601683794,13307554.20462503,Ejected,793
0.000630957344480193,14455315.893390294,Ejected,198
0.0012589254117941675,16257129.919615194,Ejected,36
0.000630957344480193,14455315.893390294,Ejected,483
0.000630957344480193,14455315.893390294,Ejected,513
0.000630957344480193,14455315.893390294,Ejected,741
0.000630957344480193,14455315.893390294,Ejected,780
0.000630957344480193,14619580.846724274,Ejected,333
0.00031622776601683794,13636135.789924413,Ejected,491
0.000630957344480193,14783845.800058255,Ejected,213
0.0025118864315095794,18708629.227652963,Ejected,518
0.0012589254117941675,16585556.786678128,Ejected,721
0.000630957344480193,14948110.753392234,Ejected,201
0.00031622776601683794,13964717.375223797,Ejected,553
0.000630957344480193,15112375.706726216,Ejected,132
0.000630957344480193,15112375.706726216,Ejected,331
0.000630957344480193,15112375.706726216,Ejected,514
0.0012589254117941675,16913983.65374106,Ejected,691
0.000630957344480193,15112375.706726216,Ejected,541
0.000630957344480193,15112375.706726216,Ejected,676
0.000630957344480193,15112375.706726216,Ejected,785
0.000630957344480193,15276640.660060197,Ejected,129
0.0012589254117941675,17406623.954335462,Ejected,24
0.000630957344480193,15440905.613394177,Ejected,752
0.000630957344480193,15769435.520062137,Ejected,411
0.00031622776601683794,14786171.338472255,Ejected,49
0.000630957344480193,15933700.473396119,Ejected,105
0.0025118864315095794,20021515.489242647,Captured,579
0.00031622776601683794,14950462.131121946,Ejected,356
0.0012589254117941675,18063477.688461326,Ejected,735
0.0012589254117941675,18227691.121992793,Ejected,799
0.000630957344480193,16426495.33339806,Ejected,594
0.00031622776601683794,15279043.71642133,Ejected,616
0.00031622776601683794,15279043.71642133,Ejected,635
0.00031622776601683794,15443334.509071022,Ejected,756
0.00031622776601683794,15607625.301720714,Ejected,112
0.000630957344480193,16755025.240066022,Ejected,491
0.000630957344480193,16755025.240066022,Ejected,788
0.00031622776601683794,15771916.094370406,Ejected,420
0.0012589254117941675,19048758.289650127,Ejected,66
0.00031622776601683794,16100497.679669788,Ejected,259
0.000630957344480193,17412085.053401943,Ejected,616
0.000630957344480193,17740614.960069906,Ejected,77
0.000630957344480193,17740614.960069906,Ejected,563
0.000630957344480193,17740614.960069906,Ejected,441
0.000630957344480193,17740614.960069906,Ejected,508
0.00031622776601683794,16593370.057618864,Ejected,160
0.000630957344480193,18069144.86673787,Ejected,67
0.000630957344480193,18069144.86673787,Ejected,340
0.00031622776601683794,16921951.642918248,Ejected,19
0.00031622776601683794,16921951.642918248,Ejected,649
0.0012589254117941675,20526679.191433325,Ejected,184
0.000630957344480193,18397674.773405828,Ejected,718
0.00031622776601683794,17250533.22821763,Ejected,331
0.000630957344480193,18561939.72673981,Ejected,413
0.000630957344480193,18726204.68007379,Ejected,512
0.00031622776601683794,17414824.02086732,Ejected,529
0.000630957344480193,18726204.68007379,Ejected,736
0.000630957344480193,18890469.63340777,Ejected,131
0.000630957344480193,18890469.63340777,Ejected,220
0.000630957344480193,18890469.63340777,Ejected,653
0.000630957344480193,19054734.58674175,Ejected,374
0.000630957344480193,19054734.58674175,Ejected,432
0.000630957344480193,19218999.54007573,Ejected,422
0.000630957344480193,19383264.493409712,Ejected,373
0.000630957344480193,19383264.493409712,Ejected,472
0.000630957344480193,19383264.493409712,Ejected,731
0.000630957344480193,19547529.446743693,Ejected,166
0.00031622776601683794,18236277.98411578,Ejected,68
0.000630957344480193,19711794.400077675,Ejected,263
0.000630957344480193,19876059.353411652,Ejected,583
0.000630957344480193,20040324.306745633,Ejected,769
0.00031622776601683794,18729150.362064857,Ejected,718
0.000630957344480193,20204589.260079615,Ejected,702
0.000630957344480193,20368854.213413596,Ejected,18
0.0012589254117941675,22497240.393810924,Ejected,749
0.000630957344480193,20533119.166747577,Ejected,326
0.000630957344480193,20861649.073415536,Ejected,39
0.000630957344480193,20861649.073415536,Ejected,636
0.000630957344480193,21025914.026749518,Ejected,593
0.000630957344480193,21190178.9800835,Ejected,347
0.000630957344480193,21354443.93341748,Ejected,647
0.000630957344480193,21354443.93341748,Ejected,715
0.0012589254117941675,24303588.16265706,Ejected,368
0.000630957344480193,22011503.746753402,Ejected,447
0.000630957344480193,22011503.746753402,Ejected,538
0.000630957344480193,22011503.746753402,Ejected,748
0.00031622776601683794,20536349.081211466,Ejected,327
0.000630957344480193,22340033.65342136,Ejected,133
0.00031622776601683794,20864930.66651085,Ejected,554
0.0012589254117941675,25288868.763845857,Captured,305
0.000630957344480193,22832828.513423305,Ejected,377
0.000630957344480193,23161358.420091264,Ejected,330
0.000630957344480193,23489888.326759227,Ejected,12
0.000630957344480193,23489888.326759227,Ejected,30
0.000630957344480193,24311213.09342913,Captured,334
0.000630957344480193,24475478.04676311,Ejected,58
0.000630957344480193,24475478.04676311,Ejected,417
0.000630957344480193,24475478.04676311,Ejected,654
0.000630957344480193,24804007.953431074,Ejected,260
0.000630957344480193,24804007.953431074,Ejected,557
0.000630957344480193,24804007.953431074,Ejected,675
0.000630957344480193,24804007.953431074,Ejected,695
0.00031622776601683794,23329292.556256223,Ejected,144
0.00031622776601683794,23329292.556256223,Ejected,433
0.00031622776601683794,23493583.348905917,Ejected,53
0.00031622776601683794,23493583.348905917,Ejected,236
0.00031622776601683794,23657874.141555607,Ejected,779
0.00031622776601683794,24150746.51950468,Ejected,405
0.000630957344480193,26282392.5334369,Ejected,435
0.00031622776601683794,24479328.104804065,Ejected,91
0.00031622776601683794,24479328.104804065,Ejected,388
0.00031622776601683794,24479328.104804065,Ejected,520
0.000630957344480193,26446657.48677088,Ejected,730
0.00031622776601683794,24807909.69010345,Ejected,592
0.000630957344480193,26775187.39343884,Ejected,356
0.000630957344480193,26775187.39343884,Ejected,560
0.00031622776601683794,24972200.482753143,Ejected,316
0.00031622776601683794,25300782.068052527,Ejected,208
0.00031622776601683794,25300782.068052527,Ejected,460
0.00031622776601683794,25465072.860702217,Ejected,791
0.00031622776601683794,25629363.653351907,Ejected,607
0.00031622776601683794,25957945.23865129,Ejected,157
0.000630957344480193,27925042.066776704,Ejected,414
0.000630957344480193,28089307.020110685,Ejected,47
0.00031622776601683794,26779399.201899752,Ejected,152
0.000630957344480193,28910631.78678059,Ejected,660
0.00031622776601683794,26943689.994549442,Ejected,572
0.00031622776601683794,27107980.787199132,Ejected,70
0.000630957344480193,29403426.64678253,Ejected,108
0.00031622776601683794,27272271.579848826,Ejected,596
0.00031622776601683794,27600853.16514821,Ejected,203
0.000630957344480193,29731956.55345049,Ejected,307
0.00031622776601683794,27929434.750447594,Ejected,685
0.00031622776601683794,28093725.543097284,Ejected,652
0.00031622776601683794,28258016.335746977,Captured,744
0.00031622776601683794,28422307.128396668,Ejected,10
0.00031622776601683794,28586597.921046358,Ejected,496
0.000630957344480193,30881811.226788353,Ejected,177
0.00031622776601683794,28750888.71369605,Ejected,111
0.000630957344480193,30881811.226788353,Ejected,265
0.000630957344480193,31046076.180122335,Ejected,74
0.000630957344480193,31210341.133456316,Ejected,659
0.000630957344480193,31374606.086790297,Ejected,15
0.00031622776601683794,29243761.091645125,Ejected,671
0.000630957344480193,31703135.993458256,Ejected,315
0.000630957344480193,32031665.90012622,Ejected,202
0.00031622776601683794,29736633.469594203,Ejected,741
0.00031622776601683794,30065215.054893583,Ejected,578
0.00031622776601683794,30558087.43284266,Ejected,399
0.00031622776601683794,31215250.60344143,Ejected,90
0.00031622776601683794,31215250.60344143,Ejected,151
0.00031622776601683794,31215250.60344143,Ejected,342
0.000630957344480193,34002845.34013399,Ejected,621
0.00031622776601683794,31872413.774040192,Ejected,566
0.00031622776601683794,32365286.15198927,Ejected,249
0.000630957344480193,34824170.10680389,Ejected,771
0.000630957344480193,35152700.01347185,Ejected,535
0.00031622776601683794,33022449.322588038,Ejected,334
0.00031622776601683794,33843903.285836495,Ejected,622
0.00031622776601683794,34008194.07848619,Ejected,210
0.00031622776601683794,35322520.41968372,Ejected,161
0.000630957344480193,38109469.1734835,Ejected,421
0.00031622776601683794,36472555.96823156,Ejected,1
0.00031622776601683794,36472555.96823156,Ejected,61
0.00031622776601683794,36801137.55353095,Ejected,126
0.00031622776601683794,38279754.68737817,Ejected,67
0.00031622776601683794,38772627.06532725,Ejected,373
0.00031622776601683794,39265499.44327632,Ejected,394
0.00031622776601683794,39922662.61387509,Ejected,193
0.00031622776601683794,40086953.40652478,Ejected,269
0.00031622776601683794,40086953.40652478,Ejected,774
0.00031622776601683794,40415534.991824165,Ejected,28
0.00031622776601683794,40415534.991824165,Ejected,533
0.00031622776601683794,40579825.78447385,Ejected,747
0.00031622776601683794,40908407.36977324,Ejected,129
0.00031622776601683794,40908407.36977324,Ejected,219
0.00031622776601683794,40908407.36977324,Ejected,461
0.00031622776601683794,41236988.95507262,Ejected,301
0.00031622776601683794,41401279.74772231,Ejected,692
0.00031622776601683794,41894152.12567139,Ejected,403
0.00031622776601683794,42058442.91832108,Ejected,183
0.00031622776601683794,42058442.91832108,Ejected,544
0.00031622776601683794,42222733.710970774,Ejected,234
0.00031622776601683794,42222733.710970774,Ejected,594
0.00031622776601683794,42387024.50362046,Ejected,733
0.00031622776601683794,42715606.08891985,Ejected,604
0.00031622776601683794,42879896.88156954,Ejected,45
0.000630957344480193,45994186.93351457,Ejected,231
0.00031622776601683794,43372769.259518616,Ejected,645
0.00031622776601683794,43537060.05216831,Ejected,13
0.00031622776601683794,43537060.05216831,Ejected,534
0.00031622776601683794,43537060.05216831,Ejected,710
0.00031622776601683794,44522804.80806646,Ejected,703
0.00031622776601683794,44687095.60071615,Ejected,42
0.00031622776601683794,45344258.77131491,Ejected,464
0.00031622776601683794,45672840.3566143,Ejected,492
0.00031622776601683794,45837131.14926399,Ejected,227
0.00031622776601683794,45837131.14926399,Ejected,724
0.00031622776601683794,46330003.52721307,Ejected,199
0.00031622776601683794,46658585.11251245,Ejected,713
0.00031622776601683794,47151457.49046152,Ejected,6
0.00031622776601683794,47644329.8684106,Ejected,523
0.00031622776601683794,47808620.66106029,Ejected,372
0.00031622776601683794,48465783.831659056,Ejected,47
0.00031622776601683794,49451528.58755721,Ejected,87
0.00031622776601683794,49780110.17285659,Ejected,536
0.00031622776601683794,50437273.34345536,Ejected,653
0.00031622776601683794,50601564.13610505,Ejected,407
0.00031622776601683794,50765854.92875474,Ejected,211
0.00031622776601683794,51751599.684652895,Ejected,150
0.00031622776601683794,52408762.85525166,Ejected,490
0.00031622776601683794,52573053.64790135,Ejected,26
0.00031622776601683794,52737344.44055104,Ejected,63
0.00031622776601683794,53887379.989098884,Ejected,178
0.00031622776601683794,56023160.29354487,Ejected,714
0.00031622776601683794,56351741.87884426,Ejected,429
0.00031622776601683794,56351741.87884426,Ejected,478
0.00031622776601683794,56680323.46414364,Ejected,84
0.00031622776601683794,56844614.256793335,Ejected,89
0.00031622776601683794,57008905.04944303,Ejected,632
0.00031622776601683794,57173195.842092715,Ejected,663
0.00031622776601683794,58816103.76858964,Ejected,627
0.00031622776601683794,59966139.31713748,Ejected,780
0.00031622776601683794,60130430.109787166,Ejected,646
0.00031622776601683794,60459011.69508655,Ejected,630
0.00031622776601683794,61444756.4509847,Ejected,784
0.00031622776601683794,64073409.13337977,Ejected,124
0.00031622776601683794,64073409.13337977,Ejected,289
0.00031622776601683794,64894863.09662823,Ejected,9
0.00031622776601683794,64894863.09662823,Ejected,381
0.00031622776601683794,65223444.681927614,Ejected,545
0.00031622776601683794,65716317.05987669,Ejected,137
0.00031622776601683794,70152168.46141836,Ejected,386
0.00031622776601683794,70645040.83936743,Ejected,556
0.00031622776601683794,71630785.5952656,Ejected,116
0.00031622776601683794,71630785.5952656,Ejected,324
0.00031622776601683794,71795076.38791528,Ejected,736
0.00031622776601683794,72287948.76586436,Ejected,535
0.00031622776601683794,72452239.55851404,Ejected,35
0.00031622776601683794,75409473.8262085,Ejected,206
0.00031622776601683794,75409473.8262085,Ejected,443
0.00031622776601683794,75573764.61885819,Ejected,296
0.00031622776601683794,75902346.20415758,Ejected,355
0.00031622776601683794,76230927.78945696,Ejected,298
0.00031622776601683794,76559509.37475634,Ejected,363
0.00031622776601683794,80173906.81304955,Ejected,575
0.00031622776601683794,80173906.81304955,Ejected,725
0.00031622776601683794,81488233.15424709,Ejected,369
0.00031622776601683794,81816814.73954648,Ejected,189
0.00031622776601683794,88059864.86023477,Ejected,691
0.00031622776601683794,89702772.78673168,Ejected,195
0.00031622776601683794,91674262.29852799,Ejected,730
0.00031622776601683794,99067347.96776411,Ejected,508
0.00031622776601683794,100217383.51631194,Ejected,37
0.00031622776601683794,102024582.23545855,Ejected,672
0.00031622776601683794,106460433.63700023,Ejected,599
0.00031622776601683794,107281887.6002487,Ejected,81
0.00031622776601683794,107281887.6002487,Ejected,258
0.00031622776601683794,109910540.28264377,Ejected,323
0.00031622776601683794,110074831.07529345,Ejected,697
0.00031622776601683794,118946533.87837681,Ejected,66
0.00031622776601683794,122725222.10931972,Ejected,537
0.00031622776601683794,125682456.37701416,Ejected,727
0.00031622776601683794,126175328.75496325,Ejected,295
0.00031622776601683794,127653945.88881047,Ejected,629
0.00031622776601683794,130939761.7418043,Ejected,579
0.00031622776601683794,135047031.5580466,Ejected,364
0.00031622776601683794,145068769.9096778,Ejected,436
0.00031622776601683794,151147529.23771638,Ejected,167
0.00031622776601683794,153940472.71276113,Ejected,17
0.00031622776601683794,160676395.2113985,Ejected,548
0.00031622776601683794,161333558.38199726,Ejected,2
0.00031622776601683794,161826430.75994635,Ejected,505
0.00031622776601683794,179734127.15876275,Ejected,18
0.00031622776601683794,182855652.21910688,Ejected,207
0.00031622776601683794,184827141.73090318,Ejected,362
0.00031622776601683794,185320014.10885227,Ejected,245
