0.01,0.0,Captured,98
0.01,0.0,Captured,361
0.01,0.0,Captured,485
0.01,0.0,Captured,67
0.01,0.0,Captured,533
0.01,0.0,Captured,64
0.01,0.0,Captured,726
0.01,0.0,Captured,95
0.000630957344480193,0.0,Captured,27
0.01,0.0,Captured,569
0.000630957344480193,0.0,Captured,195
0.0012589254117941675,0.0,Captured,608
0.000630957344480193,0.0,Captured,507
0.01,0.0,Captured,232
0.000630957344480193,0.0,Captured,469
0.01,0.0,Captured,605
0.000630957344480193,0.0,Captured,591
0.0012589254117941675,0.0,Captured,1
0.01,0.0,Captured,443
0.0012589254117941675,0.0,Captured,529
0.01,0.0,Captured,615
0.01,0.0,Captured,675
0.01,0.0,Captured,456
0.01,0.0,Captured,524
0.01,0.0,Captured,752
0.00031622776601683794,0.0,Captured,198
0.00031622776601683794,0.0,Captured,785
0.005011872336272725,0.0,Captured,209
0.00031622776601683794,0.0,Captured,260
0.005011872336272725,0.0,Captured,123
0.005011872336272725,0.0,Captured,151
0.005011872336272725,0.0,Captured,178
0.005011872336272725,0.0,Captured,175
0.005011872336272725,0.0,Captured,266
0.005011872336272725,0.0,Captured,506
0.005011872336272725,0.0,Captured,383
0.005011872336272725,0.0,Captured,368
0.005011872336272725,0.0,Captured,730
0.005011872336272725,0.0,Captured,392
0.005011872336272725,0.0,Captured,399
0.005011872336272725,0.0,Captured,774
0.005011872336272725,0.0,Captured,571
0.005011872336272725,0.0,Captured,623
0.0025118864315095794,0.0,Captured,357
0.0025118864315095794,0.0,Captured,511
0.0025118864315095794,0.0,Captured,536
0.0025118864315095794,0.0,Captured,623
0.01,62931.67755275526,Ejected,22
0.01,62931.67755275526,Ejected,57
0.01,62931.67755275526,Ejected,123
0.01,62931.67755275526,Ejected,113
0.01,62931.67755275526,Ejected,206
0.01,62931.67755275526,Ejected,231
0.01,62931.67755275526,Ejected,247
0.01,62931.67755275526,Ejected,251
0.01,62931.67755275526,Ejected,263
0.01,62931.67755275526,Ejected,346
0.01,62931.67755275526,Ejected,164
0.01,62931.67755275526,Ejected,386
0.01,62931.67755275526,Ejected,228
0.01,62931.67755275526,Ejected,442
0.01,62931.67755275526,Ejected,405
0.01,62931.67755275526,Ejected,411
0.01,62931.67755275526,Ejected,463
0.01,62931.67755275526,Ejected,762
0.01,62931.67755275526,Ejected,778
0.01,62931.67755275526,Ejected,580
0.01,62931.67755275526,Ejected,696
0.01,94397.5163291329,Ejected,0
0.01,94397.5163291329,Ejected,2
0.01,94397.5163291329,Ejected,1
0.01,94397.5163291329,Ejected,37
0.01,94397.5163291329,Ejected,7
0.01,94397.5163291329,Ejected,11
0.01,94397.5163291329,Ejected,16
0.01,94397.5163291329,Ejected,26
0.01,94397.5163291329,Ejected,36
0.01,94397.5163291329,Ejected,43
0.01,94397.5163291329,Ejected,51
0.01,94397.5163291329,Ejected,87
0.01,94397.5163291329,Ejected,91
0.01,94397.5163291329,Ejected,111
0.01,94397.5163291329,Ejected,135
0.01,94397.5163291329,Ejected,139
0.01,94397.5163291329,Ejected,58
0.01,94397.5163291329,Ejected,66
0.01,94397.5163291329,Ejected,97
0.01,94397.5163291329,Ejected,88
0.01,94397.5163291329,Ejected,96
0.01,94397.5163291329,Ejected,112
0.01,94397.5163291329,Ejected,151
0.01,94397.5163291329,Ejected,155
0.01,94397.5163291329,Ejected,163
0.01,94397.5163291329,Ejected,199
0.01,94397.5163291329,Ejected,82
0.01,94397.5163291329,Ejected,122
0.01,94397.5163291329,Ejected,126
0.01,94397.5163291329,Ejected,137
0.01,94397.5163291329,Ejected,120
0.01,94397.5163291329,Ejected,207
0.01,94397.5163291329,Ejected,142
0.01,94397.5163291329,Ejected,158
0.01,94397.5163291329,Ejected,162
0.01,94397.5163291329,Ejected,149
0.01,94397.5163291329,Ejected,205
0.01,94397.5163291329,Ejected,221
0.01,94397.5163291329,Ejected,241
0.01,94397.5163291329,Ejected,245
0.01,94397.5163291329,Ejected,249
0.01,94397.5163291329,Ejected,253
0.01,94397.5163291329,Ejected,132
0.01,94397.5163291329,Ejected,255
0.01,94397.5163291329,Ejected,275
0.01,94397.5163291329,Ejected,194
0.01,94397.5163291329,Ejected,198
0.01,94397.5163291329,Ejected,261
0.01,94397.5163291329,Ejected,287
0.01,94397.5163291329,Ejected,307
0.01,94397.5163291329,Ejected,311
0.01,94397.5163291329,Ejected,315
0.01,94397.5163291329,Ejected,319
0.01,94397.5163291329,Ejected,323
0.01,94397.5163291329,Ejected,327
0.01,94397.5163291329,Ejected,301
0.01,94397.5163291329,Ejected,317
0.01,94397.5163291329,Ejected,321
0.01,94397.5163291329,Ejected,341
0.01,94397.5163291329,Ejected,349
0.01,94397.5163291329,Ejected,250
0.01,94397.5163291329,Ejected,278
0.01,94397.5163291329,Ejected,294
0.01,94397.5163291329,Ejected,302
0.01,94397.5163291329,Ejected,369
0.01,94397.5163291329,Ejected,347
0.01,94397.5163291329,Ejected,351
0.01,94397.5163291329,Ejected,371
0.01,94397.5163291329,Ejected,375
0.01,94397.5163291329,Ejected,398
0.01,94397.5163291329,Ejected,402
0.01,94397.5163291329,Ejected,417
0.01,94397.5163291329,Ejected,425
0.01,94397.5163291329,Ejected,391
0.01,94397.5163291329,Ejected,148
0.01,94397.5163291329,Ejected,152
0.01,94397.5163291329,Ejected,156
0.01,94397.5163291329,Ejected,422
0.01,94397.5163291329,Ejected,430
0.01,94397.5163291329,Ejected,403
0.01,94397.5163291329,Ejected,415
0.01,94397.5163291329,Ejected,419
0.01,94397.5163291329,Ejected,435
0.01,94397.5163291329,Ejected,447
0.01,94397.5163291329,Ejected,459
0.01,94397.5163291329,Ejected,475
0.01,94397.5163291329,Ejected,487
0.01,94397.5163291329,Ejected,523
0.01,94397.5163291329,Ejected,535
0.01,94397.5163291329,Ejected,539
0.01,94397.5163291329,Ejected,543
0.01,94397.5163291329,Ejected,441
0.01,94397.5163291329,Ejected,473
0.01,94397.5163291329,Ejected,477
0.01,94397.5163291329,Ejected,489
0.01,94397.5163291329,Ejected,493
0.01,94397.5163291329,Ejected,188
0.01,94397.5163291329,Ejected,458
0.01,94397.5163291329,Ejected,462
0.01,94397.5163291329,Ejected,486
0.01,94397.5163291329,Ejected,509
0.01,94397.5163291329,Ejected,517
0.01,94397.5163291329,Ejected,525
0.01,94397.5163291329,Ejected,208
0.01,94397.5163291329,Ejected,224
0.01,94397.5163291329,Ejected,248
0.01,94397.5163291329,Ejected,268
0.01,94397.5163291329,Ejected,304
0.01,94397.5163291329,Ejected,573
0.01,94397.5163291329,Ejected,585
0.01,94397.5163291329,Ejected,589
0.01,94397.5163291329,Ejected,621
0.01,94397.5163291329,Ejected,641
0.01,94397.5163291329,Ejected,653
0.01,94397.5163291329,Ejected,673
0.01,94397.5163291329,Ejected,316
0.01,94397.5163291329,Ejected,324
0.01,94397.5163291329,Ejected,328
0.01,94397.5163291329,Ejected,546
0.01,94397.5163291329,Ejected,685
0.01,94397.5163291329,Ejected,689
0.01,94397.5163291329,Ejected,717
0.01,94397.5163291329,Ejected,607
0.01,94397.5163291329,Ejected,611
0.01,94397.5163291329,Ejected,356
0.01,94397.5163291329,Ejected,360
0.01,94397.5163291329,Ejected,368
0.01,94397.5163291329,Ejected,392
0.01,94397.5163291329,Ejected,396
0.01,94397.5163291329,Ejected,400
0.01,94397.5163291329,Ejected,404
0.01,94397.5163291329,Ejected,566
0.01,94397.5163291329,Ejected,594
0.01,94397.5163291329,Ejected,602
0.01,94397.5163291329,Ejected,614
0.01,94397.5163291329,Ejected,745
0.01,94397.5163291329,Ejected,631
0.01,94397.5163291329,Ejected,643
0.01,94397.5163291329,Ejected,647
0.01,94397.5163291329,Ejected,667
0.01,94397.5163291329,Ejected,785
0.01,94397.5163291329,Ejected,793
0.01,94397.5163291329,Ejected,630
0.01,94397.5163291329,Ejected,666
0.01,94397.5163291329,Ejected,694
0.01,94397.5163291329,Ejected,714
0.01,94397.5163291329,Ejected,718
0.01,94397.5163291329,Ejected,750
0.01,94397.5163291329,Ejected,766
0.01,94397.5163291329,Ejected,703
0.01,94397.5163291329,Ejected,711
0.01,94397.5163291329,Ejected,468
0.01,94397.5163291329,Ejected,476
0.01,94397.5163291329,Ejected,480
0.01,94397.5163291329,Ejected,512
0.01,94397.5163291329,Ejected,536
0.01,94397.5163291329,Ejected,759
0.01,94397.5163291329,Ejected,763
0.01,94397.5163291329,Ejected,767
0.01,94397.5163291329,Ejected,775
0.01,94397.5163291329,Ejected,787
0.01,94397.5163291329,Ejected,576
0.01,94397.5163291329,Ejected,588
0.01,94397.5163291329,Ejected,612
0.01,94397.5163291329,Ejected,628
0.01,94397.5163291329,Ejected,636
0.01,94397.5163291329,Ejected,648
0.01,94397.5163291329,Ejected,664
0.01,94397.5163291329,Ejected,672
0.01,94397.5163291329,Ejected,684
0.01,94397.5163291329,Ejected,700
0.01,94397.5163291329,Ejected,704
0.01,94397.5163291329,Ejected,720
0.01,94397.5163291329,Ejected,732
0.01,94397.5163291329,Ejected,764
0.01,94397.5163291329,Ejected,768
0.01,94397.5163291329,Ejected,772
0.01,94397.5163291329,Ejected,784
0.01,94397.5163291329,Ejected,796
0.01,125863.35510551052,Ejected,13
0.01,125863.35510551052,Ejected,21
0.01,125863.35510551052,Ejected,25
0.01,125863.35510551052,Ejected,33
0.01,125863.35510551052,Ejected,53
0.01,125863.35510551052,Ejected,61
0.01,125863.35510551052,Ejected,69
0.01,125863.35510551052,Ejected,77
0.01,125863.35510551052,Ejected,8
0.01,125863.35510551052,Ejected,12
0.01,125863.35510551052,Ejected,18
0.01,125863.35510551052,Ejected,38
0.01,125863.35510551052,Ejected,31
0.01,125863.35510551052,Ejected,35
0.01,125863.35510551052,Ejected,39
0.01,125863.35510551052,Ejected,63
0.01,125863.35510551052,Ejected,131
0.01,125863.35510551052,Ejected,32
0.01,125863.35510551052,Ejected,187
0.01,125863.35510551052,Ejected,62
0.01,125863.35510551052,Ejected,60
0.01,125863.35510551052,Ejected,76
0.01,125863.35510551052,Ejected,92
0.01,125863.35510551052,Ejected,105
0.01,125863.35510551052,Ejected,117
0.01,125863.35510551052,Ejected,86
0.01,125863.35510551052,Ejected,94
0.01,125863.35510551052,Ejected,130
0.01,125863.35510551052,Ejected,124
0.01,125863.35510551052,Ejected,154
0.01,125863.35510551052,Ejected,219
0.01,125863.35510551052,Ejected,227
0.01,125863.35510551052,Ejected,243
0.01,125863.35510551052,Ejected,259
0.01,125863.35510551052,Ejected,165
0.01,125863.35510551052,Ejected,193
0.01,125863.35510551052,Ejected,201
0.01,125863.35510551052,Ejected,209
0.01,125863.35510551052,Ejected,225
0.01,125863.35510551052,Ejected,182
0.01,125863.35510551052,Ejected,186
0.01,125863.35510551052,Ejected,190
0.01,125863.35510551052,Ejected,214
0.01,125863.35510551052,Ejected,299
0.01,125863.35510551052,Ejected,303
0.01,125863.35510551052,Ejected,230
0.01,125863.35510551052,Ejected,281
0.01,125863.35510551052,Ejected,293
0.01,125863.35510551052,Ejected,305
0.01,125863.35510551052,Ejected,309
0.01,125863.35510551052,Ejected,337
0.01,125863.35510551052,Ejected,345
0.01,125863.35510551052,Ejected,242
0.01,125863.35510551052,Ejected,357
0.01,125863.35510551052,Ejected,343
0.01,125863.35510551052,Ejected,326
0.01,125863.35510551052,Ejected,342
0.01,125863.35510551052,Ejected,354
0.01,125863.35510551052,Ejected,401
0.01,125863.35510551052,Ejected,378
0.01,125863.35510551052,Ejected,410
0.01,125863.35510551052,Ejected,414
0.01,125863.35510551052,Ejected,427
0.01,125863.35510551052,Ejected,431
0.01,125863.35510551052,Ejected,439
0.01,125863.35510551052,Ejected,451
0.01,125863.35510551052,Ejected,467
0.01,125863.35510551052,Ejected,483
0.01,125863.35510551052,Ejected,491
0.01,125863.35510551052,Ejected,495
0.01,125863.35510551052,Ejected,531
0.01,125863.35510551052,Ejected,421
0.01,125863.35510551052,Ejected,426
0.01,125863.35510551052,Ejected,434
0.01,125863.35510551052,Ejected,559
0.01,125863.35510551052,Ejected,563
0.01,125863.35510551052,Ejected,567
0.01,125863.35510551052,Ejected,571
0.01,125863.35510551052,Ejected,449
0.01,125863.35510551052,Ejected,453
0.01,125863.35510551052,Ejected,461
0.01,125863.35510551052,Ejected,180
0.01,125863.35510551052,Ejected,200
0.01,125863.35510551052,Ejected,450
0.01,125863.35510551052,Ejected,521
0.01,125863.35510551052,Ejected,494
0.01,125863.35510551052,Ejected,498
0.01,125863.35510551052,Ejected,506
0.01,125863.35510551052,Ejected,603
0.01,125863.35510551052,Ejected,639
0.01,125863.35510551052,Ejected,651
0.01,125863.35510551052,Ejected,659
0.01,125863.35510551052,Ejected,561
0.01,125863.35510551052,Ejected,220
0.01,125863.35510551052,Ejected,260
0.01,125863.35510551052,Ejected,280
0.01,125863.35510551052,Ejected,300
0.01,125863.35510551052,Ejected,691
0.01,125863.35510551052,Ejected,695
0.01,125863.35510551052,Ejected,715
0.01,125863.35510551052,Ejected,609
0.01,125863.35510551052,Ejected,613
0.01,125863.35510551052,Ejected,617
0.01,125863.35510551052,Ejected,625
0.01,125863.35510551052,Ejected,645
0.01,125863.35510551052,Ejected,657
0.01,125863.35510551052,Ejected,661
0.01,125863.35510551052,Ejected,669
0.01,125863.35510551052,Ejected,681
0.01,125863.35510551052,Ejected,693
0.01,125863.35510551052,Ejected,697
0.01,125863.35510551052,Ejected,709
0.01,125863.35510551052,Ejected,725
0.01,125863.35510551052,Ejected,729
0.01,125863.35510551052,Ejected,751
0.01,125863.35510551052,Ejected,755
0.01,125863.35510551052,Ejected,771
0.01,125863.35510551052,Ejected,783
0.01,125863.35510551052,Ejected,376
0.01,125863.35510551052,Ejected,388
0.01,125863.35510551052,Ejected,582
0.01,125863.35510551052,Ejected,598
0.01,125863.35510551052,Ejected,606
0.01,125863.35510551052,Ejected,610
0.01,125863.35510551052,Ejected,737
0.01,125863.35510551052,Ejected,753
0.01,125863.35510551052,Ejected,757
0.01,125863.35510551052,Ejected,765
0.01,125863.35510551052,Ejected,769
0.01,125863.35510551052,Ejected,773
0.01,125863.35510551052,Ejected,789
0.01,125863.35510551052,Ejected,420
0.01,125863.35510551052,Ejected,799
0.01,125863.35510551052,Ejected,634
0.01,125863.35510551052,Ejected,662
0.01,125863.35510551052,Ejected,702
0.01,125863.35510551052,Ejected,710
0.01,125863.35510551052,Ejected,774
0.01,125863.35510551052,Ejected,782
0.01,125863.35510551052,Ejected,440
0.01,125863.35510551052,Ejected,444
0.01,125863.35510551052,Ejected,452
0.01,125863.35510551052,Ejected,460
0.01,125863.35510551052,Ejected,484
0.01,125863.35510551052,Ejected,488
0.01,125863.35510551052,Ejected,500
0.01,125863.35510551052,Ejected,528
0.01,125863.35510551052,Ejected,584
0.01,125863.35510551052,Ejected,608
0.01,125863.35510551052,Ejected,616
0.01,125863.35510551052,Ejected,620
0.01,125863.35510551052,Ejected,632
0.01,125863.35510551052,Ejected,640
0.01,125863.35510551052,Ejected,656
0.01,125863.35510551052,Ejected,660
0.01,125863.35510551052,Ejected,668
0.01,125863.35510551052,Ejected,680
0.01,125863.35510551052,Ejected,708
0.01,125863.35510551052,Ejected,728
0.01,125863.35510551052,Ejected,748
0.01,157329.19388188815,Ejected,9
0.01,157329.19388188815,Ejected,41
0.01,157329.19388188815,Ejected,42
0.01,157329.19388188815,Ejected,55
0.01,157329.19388188815,Ejected,99
0.01,157329.19388188815,Ejected,159
0.01,157329.19388188815,Ejected,167
0.01,157329.19388188815,Ejected,175
0.01,157329.19388188815,Ejected,179
0.01,157329.19388188815,Ejected,80
0.01,157329.19388188815,Ejected,89
0.01,157329.19388188815,Ejected,101
0.01,157329.19388188815,Ejected,109
0.01,157329.19388188815,Ejected,121
0.01,157329.19388188815,Ejected,90
0.01,157329.19388188815,Ejected,106
0.01,157329.19388188815,Ejected,138
0.01,157329.19388188815,Ejected,129
0.01,157329.19388188815,Ejected,133
0.01,157329.19388188815,Ejected,239
0.01,157329.19388188815,Ejected,157
0.01,157329.19388188815,Ejected,136
0.01,157329.19388188815,Ejected,177
0.01,157329.19388188815,Ejected,229
0.01,157329.19388188815,Ejected,233
0.01,157329.19388188815,Ejected,273
0.01,157329.19388188815,Ejected,282
0.01,157329.19388188815,Ejected,297
0.01,157329.19388188815,Ejected,313
0.01,157329.19388188815,Ejected,325
0.01,157329.19388188815,Ejected,172
0.01,157329.19388188815,Ejected,355
0.01,157329.19388188815,Ejected,365
0.01,157329.19388188815,Ejected,363
0.01,157329.19388188815,Ejected,338
0.01,157329.19388188815,Ejected,358
0.01,157329.19388188815,Ejected,366
0.01,157329.19388188815,Ejected,370
0.01,157329.19388188815,Ejected,256
0.01,157329.19388188815,Ejected,288
0.01,157329.19388188815,Ejected,292
0.01,157329.19388188815,Ejected,397
0.01,157329.19388188815,Ejected,395
0.01,157329.19388188815,Ejected,399
0.01,157329.19388188815,Ejected,527
0.01,157329.19388188815,Ejected,352
0.01,157329.19388188815,Ejected,380
0.01,157329.19388188815,Ejected,413
0.01,157329.19388188815,Ejected,429
0.005011872336272725,94631.48572948546,Ejected,2
0.01,157329.19388188815,Ejected,445
0.01,157329.19388188815,Ejected,587
0.01,157329.19388188815,Ejected,428
0.01,157329.19388188815,Ejected,432
0.01,157329.19388188815,Ejected,516
0.01,157329.19388188815,Ejected,537
0.005011872336272725,94631.48572948546,Ejected,49
0.01,157329.19388188815,Ejected,623
0.01,157329.19388188815,Ejected,655
0.01,157329.19388188815,Ejected,683
0.01,157329.19388188815,Ejected,518
0.01,157329.19388188815,Ejected,522
0.01,157329.19388188815,Ejected,553
0.01,157329.19388188815,Ejected,723
0.01,157329.19388188815,Ejected,530
0.01,157329.19388188815,Ejected,534
0.01,157329.19388188815,Ejected,538
0.01,157329.19388188815,Ejected,542
0.01,157329.19388188815,Ejected,548
0.01,157329.19388188815,Ejected,552
0.01,157329.19388188815,Ejected,560
0.01,157329.19388188815,Ejected,564
0.01,157329.19388188815,Ejected,581
0.01,157329.19388188815,Ejected,601
0.01,157329.19388188815,Ejected,629
0.01,157329.19388188815,Ejected,558
0.01,157329.19388188815,Ejected,590
0.01,157329.19388188815,Ejected,779
0.005011872336272725,94631.48572948546,Ejected,125
0.01,157329.19388188815,Ejected,638
0.01,157329.19388188815,Ejected,642
0.01,157329.19388188815,Ejected,644
0.01,157329.19388188815,Ejected,676
0.01,157329.19388188815,Ejected,678
0.01,157329.19388188815,Ejected,698
0.01,157329.19388188815,Ejected,706
0.01,157329.19388188815,Ejected,734
0.01,157329.19388188815,Ejected,746
0.01,157329.19388188815,Ejected,758
0.01,157329.19388188815,Ejected,761
0.01,157329.19388188815,Ejected,777
0.01,157329.19388188815,Ejected,712
0.005011872336272725,94631.48572948546,Ejected,108
0.005011872336272725,94631.48572948546,Ejected,174
0.01,157329.19388188815,Ejected,756
0.005011872336272725,94631.48572948546,Ejected,237
0.01,188795.0326582658,Ejected,17
0.01,188795.0326582658,Ejected,3
0.01,188795.0326582658,Ejected,24
0.005011872336272725,94631.48572948546,Ejected,128
0.01,188795.0326582658,Ejected,23
0.01,188795.0326582658,Ejected,47
0.01,188795.0326582658,Ejected,59
0.01,188795.0326582658,Ejected,71
0.01,188795.0326582658,Ejected,52
0.01,188795.0326582658,Ejected,70
0.01,188795.0326582658,Ejected,118
0.005011872336272725,94631.48572948546,Ejected,314
0.01,188795.0326582658,Ejected,267
0.01,188795.0326582658,Ejected,202
0.01,188795.0326582658,Ejected,210
0.01,188795.0326582658,Ejected,269
0.005011872336272725,94631.48572948546,Ejected,438
0.01,188795.0326582658,Ejected,295
0.005011872336272725,94631.48572948546,Ejected,470
0.01,188795.0326582658,Ejected,285
0.01,188795.0326582658,Ejected,196
0.005011872336272725,94631.48572948546,Ejected,433
0.005011872336272725,94631.48572948546,Ejected,546
0.005011872336272725,94631.48572948546,Ejected,449
0.01,188795.0326582658,Ejected,276
0.01,188795.0326582658,Ejected,296
0.01,188795.0326582658,Ejected,377
0.01,188795.0326582658,Ejected,312
0.01,188795.0326582658,Ejected,320
0.01,188795.0326582658,Ejected,390
0.01,188795.0326582658,Ejected,348
0.01,188795.0326582658,Ejected,372
0.01,188795.0326582658,Ejected,412
0.01,188795.0326582658,Ejected,423
0.01,188795.0326582658,Ejected,455
0.01,188795.0326582658,Ejected,471
0.01,188795.0326582658,Ejected,479
0.01,188795.0326582658,Ejected,519
0.01,188795.0326582658,Ejected,469
0.01,188795.0326582658,Ejected,555
0.01,188795.0326582658,Ejected,478
0.01,188795.0326582658,Ejected,482
0.005011872336272725,94631.48572948546,Ejected,308
0.01,188795.0326582658,Ejected,492
0.01,188795.0326582658,Ejected,520
0.01,188795.0326582658,Ejected,557
0.01,188795.0326582658,Ejected,671
0.01,188795.0326582658,Ejected,701
0.01,188795.0326582658,Ejected,705
0.01,188795.0326582658,Ejected,713
0.01,188795.0326582658,Ejected,574
0.01,188795.0326582658,Ejected,586
0.005011872336272725,94631.48572948546,Ejected,432
0.01,188795.0326582658,Ejected,622
0.01,188795.0326582658,Ejected,626
0.01,188795.0326582658,Ejected,646
0.01,188795.0326582658,Ejected,650
0.01,188795.0326582658,Ejected,674
0.01,188795.0326582658,Ejected,686
0.01,188795.0326582658,Ejected,690
0.01,188795.0326582658,Ejected,786
0.01,188795.0326582658,Ejected,790
0.01,188795.0326582658,Ejected,716
0.01,188795.0326582658,Ejected,724
0.01,188795.0326582658,Ejected,744
0.01,188795.0326582658,Ejected,760
0.01,188795.0326582658,Ejected,776
0.01,220260.8714346434,Ejected,29
0.01,220260.8714346434,Ejected,19
0.01,220260.8714346434,Ejected,75
0.01,220260.8714346434,Ejected,115
0.01,220260.8714346434,Ejected,127
0.01,220260.8714346434,Ejected,171
0.01,220260.8714346434,Ejected,191
0.01,220260.8714346434,Ejected,56
0.01,220260.8714346434,Ejected,50
0.01,220260.8714346434,Ejected,100
0.01,220260.8714346434,Ejected,170
0.01,220260.8714346434,Ejected,189
0.01,220260.8714346434,Ejected,237
0.01,220260.8714346434,Ejected,335
0.01,220260.8714346434,Ejected,329
0.01,220260.8714346434,Ejected,176
0.01,220260.8714346434,Ejected,262
0.01,220260.8714346434,Ejected,286
0.01,220260.8714346434,Ejected,290
0.01,220260.8714346434,Ejected,236
0.01,220260.8714346434,Ejected,240
0.01,220260.8714346434,Ejected,381
0.01,220260.8714346434,Ejected,385
0.01,220260.8714346434,Ejected,362
0.01,220260.8714346434,Ejected,383
0.01,220260.8714346434,Ejected,382
0.005011872336272725,94631.48572948546,Ejected,667
0.005011872336272725,94631.48572948546,Ejected,691
0.005011872336272725,94631.48572948546,Ejected,788
0.01,220260.8714346434,Ejected,465
0.005011872336272725,94631.48572948546,Ejected,723
0.005011872336272725,94631.48572948546,Ejected,727
0.01,220260.8714346434,Ejected,579
0.01,220260.8714346434,Ejected,529
0.01,220260.8714346434,Ejected,595
0.01,220260.8714346434,Ejected,619
0.01,220260.8714346434,Ejected,627
0.01,220260.8714346434,Ejected,663
0.01,220260.8714346434,Ejected,577
0.01,220260.8714346434,Ejected,593
0.01,220260.8714346434,Ejected,550
0.005011872336272725,126175.3143059806,Ejected,17
0.01,220260.8714346434,Ejected,600
0.005011872336272725,126175.3143059806,Ejected,26
0.01,220260.8714346434,Ejected,743
0.005011872336272725,126175.3143059806,Ejected,33
0.01,220260.8714346434,Ejected,781
0.01,220260.8714346434,Ejected,754
0.005011872336272725,126175.3143059806,Ejected,90
0.005011872336272725,126175.3143059806,Ejected,157
0.005011872336272725,126175.3143059806,Ejected,161
0.005011872336272725,126175.3143059806,Ejected,92
0.01,251726.71021102104,Ejected,20
0.005011872336272725,126175.3143059806,Ejected,126
0.01,251726.71021102104,Ejected,14
0.01,251726.71021102104,Ejected,28
0.005011872336272725,126175.3143059806,Ejected,150
0.01,251726.71021102104,Ejected,30
0.01,251726.71021102104,Ejected,40
0.005011872336272725,126175.3143059806,Ejected,91
0.01,251726.71021102104,Ejected,44
0.005011872336272725,126175.3143059806,Ejected,166
0.005011872336272725,126175.3143059806,Ejected,186
0.005011872336272725,126175.3143059806,Ejected,111
0.005011872336272725,126175.3143059806,Ejected,115
0.01,251726.71021102104,Ejected,147
0.005011872336272725,126175.3143059806,Ejected,217
0.005011872336272725,126175.3143059806,Ejected,245
0.005011872336272725,126175.3143059806,Ejected,131
0.01,251726.71021102104,Ejected,68
0.01,251726.71021102104,Ejected,104
0.01,251726.71021102104,Ejected,78
0.01,251726.71021102104,Ejected,110
0.005011872336272725,126175.3143059806,Ejected,148
0.005011872336272725,126175.3143059806,Ejected,231
0.005011872336272725,126175.3143059806,Ejected,239
0.005011872336272725,126175.3143059806,Ejected,267
0.005011872336272725,126175.3143059806,Ejected,230
0.01,251726.71021102104,Ejected,271
0.01,251726.71021102104,Ejected,161
0.005011872336272725,126175.3143059806,Ejected,238
0.01,251726.71021102104,Ejected,265
0.005011872336272725,126175.3143059806,Ejected,216
0.01,251726.71021102104,Ejected,291
0.005011872336272725,126175.3143059806,Ejected,313
0.005011872336272725,126175.3143059806,Ejected,325
0.005011872336272725,126175.3143059806,Ejected,311
0.01,251726.71021102104,Ejected,258
0.01,251726.71021102104,Ejected,270
0.005011872336272725,126175.3143059806,Ejected,282
0.005011872336272725,126175.3143059806,Ejected,377
0.005011872336272725,126175.3143059806,Ejected,410
0.005011872336272725,126175.3143059806,Ejected,414
0.005011872336272725,126175.3143059806,Ejected,442
0.005011872336272725,126175.3143059806,Ejected,454
0.005011872336272725,126175.3143059806,Ejected,474
0.01,251726.71021102104,Ejected,252
0.01,251726.71021102104,Ejected,264
0.01,251726.71021102104,Ejected,272
0.005011872336272725,126175.3143059806,Ejected,335
0.005011872336272725,126175.3143059806,Ejected,339
0.005011872336272725,126175.3143059806,Ejected,343
0.005011872336272725,126175.3143059806,Ejected,351
0.005011872336272725,126175.3143059806,Ejected,425
0.005011872336272725,126175.3143059806,Ejected,437
0.005011872336272725,126175.3143059806,Ejected,441
0.01,251726.71021102104,Ejected,340
0.01,251726.71021102104,Ejected,394
0.005011872336272725,126175.3143059806,Ejected,530
0.01,251726.71021102104,Ejected,433
0.01,251726.71021102104,Ejected,408
0.005011872336272725,126175.3143059806,Ejected,622
0.005011872336272725,126175.3143059806,Ejected,626
0.005011872336272725,126175.3143059806,Ejected,638
0.01,251726.71021102104,Ejected,497
0.01,251726.71021102104,Ejected,454
0.01,251726.71021102104,Ejected,474
0.01,251726.71021102104,Ejected,541
0.01,251726.71021102104,Ejected,591
0.005011872336272725,126175.3143059806,Ejected,674
0.005011872336272725,126175.3143059806,Ejected,678
0.005011872336272725,126175.3143059806,Ejected,533
0.005011872336272725,126175.3143059806,Ejected,348
0.005011872336272725,126175.3143059806,Ejected,364
0.005011872336272725,126175.3143059806,Ejected,372
0.005011872336272725,126175.3143059806,Ejected,420
0.01,251726.71021102104,Ejected,731
0.01,251726.71021102104,Ejected,652
0.005011872336272725,126175.3143059806,Ejected,746
0.005011872336272725,126175.3143059806,Ejected,459
0.01,251726.71021102104,Ejected,722
0.005011872336272725,126175.3143059806,Ejected,520
0.01,251726.71021102104,Ejected,798
0.005011872336272725,126175.3143059806,Ejected,786
0.005011872336272725,126175.3143059806,Ejected,544
0.01,283192.5489873987,Ejected,183
0.005011872336272725,126175.3143059806,Ejected,648
0.005011872336272725,126175.3143059806,Ejected,607
0.005011872336272725,126175.3143059806,Ejected,647
0.005011872336272725,126175.3143059806,Ejected,692
0.01,283192.5489873987,Ejected,134
0.01,283192.5489873987,Ejected,235
0.01,283192.5489873987,Ejected,153
0.01,283192.5489873987,Ejected,185
0.01,283192.5489873987,Ejected,197
0.01,283192.5489873987,Ejected,213
0.005011872336272725,126175.3143059806,Ejected,787
0.005011872336272725,157719.14288247575,Ejected,8
0.005011872336272725,157719.14288247575,Ejected,12
0.01,283192.5489873987,Ejected,254
0.005011872336272725,157719.14288247575,Ejected,21
0.005011872336272725,157719.14288247575,Ejected,23
0.005011872336272725,157719.14288247575,Ejected,32
0.005011872336272725,157719.14288247575,Ejected,39
0.005011872336272725,157719.14288247575,Ejected,40
0.005011872336272725,157719.14288247575,Ejected,63
0.01,283192.5489873987,Ejected,507
0.01,283192.5489873987,Ejected,515
0.005011872336272725,157719.14288247575,Ejected,105
0.005011872336272725,157719.14288247575,Ejected,56
0.005011872336272725,157719.14288247575,Ejected,99
0.005011872336272725,157719.14288247575,Ejected,103
0.005011872336272725,157719.14288247575,Ejected,153
0.005011872336272725,157719.14288247575,Ejected,82
0.005011872336272725,157719.14288247575,Ejected,163
0.005011872336272725,157719.14288247575,Ejected,189
0.01,283192.5489873987,Ejected,508
0.01,283192.5489873987,Ejected,513
0.005011872336272725,157719.14288247575,Ejected,102
0.005011872336272725,157719.14288247575,Ejected,110
0.005011872336272725,157719.14288247575,Ejected,255
0.01,283192.5489873987,Ejected,635
0.005011872336272725,157719.14288247575,Ejected,170
0.01,283192.5489873987,Ejected,719
0.005011872336272725,157719.14288247575,Ejected,291
0.005011872336272725,157719.14288247575,Ejected,315
0.005011872336272725,157719.14288247575,Ejected,144
0.01,283192.5489873987,Ejected,739
0.005011872336272725,157719.14288247575,Ejected,269
0.005011872336272725,157719.14288247575,Ejected,289
0.01,283192.5489873987,Ejected,795
0.01,283192.5489873987,Ejected,738
0.005011872336272725,157719.14288247575,Ejected,264
0.005011872336272725,157719.14288247575,Ejected,333
0.005011872336272725,157719.14288247575,Ejected,290
0.005011872336272725,157719.14288247575,Ejected,310
0.005011872336272725,157719.14288247575,Ejected,318
0.005011872336272725,157719.14288247575,Ejected,361
0.005011872336272725,157719.14288247575,Ejected,346
0.005011872336272725,157719.14288247575,Ejected,402
0.005011872336272725,157719.14288247575,Ejected,422
0.005011872336272725,157719.14288247575,Ejected,478
0.01,283192.5489873987,Ejected,780
0.005011872336272725,157719.14288247575,Ejected,469
0.01,314658.3877637763,Ejected,65
0.005011872336272725,157719.14288247575,Ejected,477
0.005011872336272725,157719.14288247575,Ejected,485
0.005011872336272725,157719.14288247575,Ejected,505
0.005011872336272725,157719.14288247575,Ejected,566
0.005011872336272725,157719.14288247575,Ejected,598
0.005011872336272725,157719.14288247575,Ejected,375
0.01,314658.3877637763,Ejected,93
0.005011872336272725,157719.14288247575,Ejected,292
0.005011872336272725,157719.14288247575,Ejected,304
0.005011872336272725,157719.14288247575,Ejected,658
0.005011872336272725,157719.14288247575,Ejected,415
0.005011872336272725,157719.14288247575,Ejected,690
0.005011872336272725,157719.14288247575,Ejected,694
0.005011872336272725,157719.14288247575,Ejected,529
0.01,314658.3877637763,Ejected,146
0.01,314658.3877637763,Ejected,140
0.005011872336272725,157719.14288247575,Ejected,722
0.005011872336272725,157719.14288247575,Ejected,443
0.01,314658.3877637763,Ejected,184
0.005011872336272725,157719.14288247575,Ejected,451
0.005011872336272725,157719.14288247575,Ejected,412
0.005011872336272725,157719.14288247575,Ejected,479
0.005011872336272725,157719.14288247575,Ejected,613
0.005011872336272725,157719.14288247575,Ejected,456
0.005011872336272725,157719.14288247575,Ejected,621
0.005011872336272725,157719.14288247575,Ejected,637
0.005011872336272725,157719.14288247575,Ejected,677
0.005011872336272725,157719.14288247575,Ejected,507
0.005011872336272725,157719.14288247575,Ejected,511
0.005011872336272725,157719.14288247575,Ejected,535
0.005011872336272725,157719.14288247575,Ejected,476
0.005011872336272725,157719.14288247575,Ejected,539
0.005011872336272725,157719.14288247575,Ejected,484
0.005011872336272725,157719.14288247575,Ejected,766
0.005011872336272725,157719.14288247575,Ejected,778
0.005011872336272725,157719.14288247575,Ejected,782
0.005011872336272725,157719.14288247575,Ejected,798
0.01,314658.3877637763,Ejected,407
0.005011872336272725,157719.14288247575,Ejected,643
0.005011872336272725,157719.14288247575,Ejected,671
0.005011872336272725,157719.14288247575,Ejected,548
0.005011872336272725,157719.14288247575,Ejected,552
0.005011872336272725,157719.14288247575,Ejected,687
0.005011872336272725,157719.14288247575,Ejected,556
0.005011872336272725,157719.14288247575,Ejected,584
0.01,314658.3877637763,Ejected,481
0.005011872336272725,157719.14288247575,Ejected,793
0.005011872336272725,157719.14288247575,Ejected,616
0.005011872336272725,157719.14288247575,Ejected,767
0.005011872336272725,157719.14288247575,Ejected,775
0.01,314658.3877637763,Ejected,514
0.01,314658.3877637763,Ejected,572
0.01,314658.3877637763,Ejected,596
0.005011872336272725,157719.14288247575,Ejected,688
0.01,314658.3877637763,Ejected,747
0.005011872336272725,157719.14288247575,Ejected,720
0.005011872336272725,157719.14288247575,Ejected,736
0.005011872336272725,157719.14288247575,Ejected,740
0.005011872336272725,157719.14288247575,Ejected,768
0.005011872336272725,157719.14288247575,Ejected,772
0.005011872336272725,189262.97145897092,Ejected,18
0.005011872336272725,189262.97145897092,Ejected,15
0.005011872336272725,189262.97145897092,Ejected,57
0.01,346124.2265401539,Ejected,6
0.01,346124.2265401539,Ejected,45
0.005011872336272725,189262.97145897092,Ejected,65
0.005011872336272725,189262.97145897092,Ejected,73
0.005011872336272725,189262.97145897092,Ejected,20
0.01,346124.2265401539,Ejected,83
0.01,346124.2265401539,Ejected,119
0.005011872336272725,189262.97145897092,Ejected,54
0.005011872336272725,189262.97145897092,Ejected,109
0.005011872336272725,189262.97145897092,Ejected,79
0.005011872336272725,189262.97145897092,Ejected,145
0.005011872336272725,189262.97145897092,Ejected,88
0.005011872336272725,189262.97145897092,Ejected,139
0.005011872336272725,189262.97145897092,Ejected,171
0.01,346124.2265401539,Ejected,114
0.005011872336272725,189262.97145897092,Ejected,247
0.005011872336272725,189262.97145897092,Ejected,130
0.005011872336272725,189262.97145897092,Ejected,162
0.005011872336272725,189262.97145897092,Ejected,221
0.005011872336272725,189262.97145897092,Ejected,120
0.01,346124.2265401539,Ejected,283
0.005011872336272725,189262.97145897092,Ejected,279
0.005011872336272725,189262.97145897092,Ejected,172
0.01,346124.2265401539,Ejected,298
0.005011872336272725,189262.97145897092,Ejected,305
0.005011872336272725,189262.97145897092,Ejected,309
0.01,346124.2265401539,Ejected,318
0.01,346124.2265401539,Ejected,330
0.005011872336272725,189262.97145897092,Ejected,250
0.005011872336272725,189262.97145897092,Ejected,258
0.005011872336272725,189262.97145897092,Ejected,204
0.01,346124.2265401539,Ejected,244
0.005011872336272725,189262.97145897092,Ejected,345
0.005011872336272725,189262.97145897092,Ejected,357
0.005011872336272725,189262.97145897092,Ejected,334
0.005011872336272725,189262.97145897092,Ejected,342
0.005011872336272725,189262.97145897092,Ejected,358
0.005011872336272725,189262.97145897092,Ejected,430
0.005011872336272725,189262.97145897092,Ejected,466
0.005011872336272725,189262.97145897092,Ejected,494
0.005011872336272725,189262.97145897092,Ejected,514
0.01,346124.2265401539,Ejected,503
0.005011872336272725,189262.97145897092,Ejected,421
0.01,346124.2265401539,Ejected,470
0.005011872336272725,189262.97145897092,Ejected,312
0.005011872336272725,189262.97145897092,Ejected,328
0.005011872336272725,189262.97145897092,Ejected,582
0.005011872336272725,189262.97145897092,Ejected,586
0.005011872336272725,189262.97145897092,Ejected,513
0.01,346124.2265401539,Ejected,583
0.005011872336272725,189262.97145897092,Ejected,379
0.005011872336272725,189262.97145897092,Ejected,666
0.005011872336272725,189262.97145897092,Ejected,682
0.005011872336272725,189262.97145897092,Ejected,686
0.005011872336272725,189262.97145897092,Ejected,340
0.005011872336272725,189262.97145897092,Ejected,356
0.005011872336272725,189262.97145897092,Ejected,714
0.01,346124.2265401539,Ejected,637
0.005011872336272725,189262.97145897092,Ejected,416
0.01,346124.2265401539,Ejected,604
0.01,346124.2265401539,Ejected,741
0.005011872336272725,189262.97145897092,Ejected,750
0.005011872336272725,189262.97145897092,Ejected,496
0.005011872336272725,189262.97145897092,Ejected,475
0.005011872336272725,189262.97145897092,Ejected,483
0.005011872336272725,189262.97145897092,Ejected,661
0.005011872336272725,189262.97145897092,Ejected,673
0.005011872336272725,189262.97145897092,Ejected,681
0.005011872336272725,189262.97145897092,Ejected,523
0.005011872336272725,189262.97145897092,Ejected,531
0.005011872336272725,189262.97145897092,Ejected,543
0.005011872336272725,189262.97145897092,Ejected,579
0.005011872336272725,189262.97145897092,Ejected,697
0.005011872336272725,189262.97145897092,Ejected,705
0.005011872336272725,189262.97145897092,Ejected,709
0.005011872336272725,189262.97145897092,Ejected,596
0.005011872336272725,189262.97145897092,Ejected,628
0.005011872336272725,189262.97145897092,Ejected,619
0.005011872336272725,189262.97145897092,Ejected,627
0.005011872336272725,189262.97145897092,Ejected,655
0.005011872336272725,189262.97145897092,Ejected,644
0.005011872336272725,189262.97145897092,Ejected,765
0.005011872336272725,189262.97145897092,Ejected,769
0.005011872336272725,189262.97145897092,Ejected,731
0.005011872336272725,189262.97145897092,Ejected,735
0.01,377590.0653165316,Ejected,108
0.01,377590.0653165316,Ejected,85
0.01,377590.0653165316,Ejected,102
0.005011872336272725,189262.97145897092,Ejected,732
0.005011872336272725,189262.97145897092,Ejected,752
0.01,377590.0653165316,Ejected,169
0.01,377590.0653165316,Ejected,173
0.005011872336272725,189262.97145897092,Ejected,799
0.005011872336272725,189262.97145897092,Ejected,784
0.005011872336272725,220806.80003546606,Ejected,10
0.01,377590.0653165316,Ejected,333
0.01,377590.0653165316,Ejected,314
0.005011872336272725,220806.80003546606,Ejected,43
0.005011872336272725,220806.80003546606,Ejected,24
0.005011872336272725,220806.80003546606,Ejected,133
0.005011872336272725,220806.80003546606,Ejected,62
0.01,377590.0653165316,Ejected,384
0.005011872336272725,220806.80003546606,Ejected,68
0.005011872336272725,220806.80003546606,Ejected,76
0.005011872336272725,220806.80003546606,Ejected,84
0.005011872336272725,220806.80003546606,Ejected,83
0.005011872336272725,220806.80003546606,Ejected,87
0.01,377590.0653165316,Ejected,466
0.01,377590.0653165316,Ejected,457
0.005011872336272725,220806.80003546606,Ejected,134
0.005011872336272725,220806.80003546606,Ejected,205
0.005011872336272725,220806.80003546606,Ejected,225
0.005011872336272725,220806.80003546606,Ejected,229
0.005011872336272725,220806.80003546606,Ejected,127
0.005011872336272725,220806.80003546606,Ejected,155
0.005011872336272725,220806.80003546606,Ejected,179
0.005011872336272725,220806.80003546606,Ejected,183
0.005011872336272725,220806.80003546606,Ejected,195
0.01,377590.0653165316,Ejected,464
0.005011872336272725,220806.80003546606,Ejected,227
0.005011872336272725,220806.80003546606,Ejected,251
0.005011872336272725,220806.80003546606,Ejected,222
0.01,377590.0653165316,Ejected,568
0.005011872336272725,220806.80003546606,Ejected,140
0.005011872336272725,220806.80003546606,Ejected,242
0.005011872336272725,220806.80003546606,Ejected,168
0.005011872336272725,220806.80003546606,Ejected,293
0.005011872336272725,220806.80003546606,Ejected,317
0.005011872336272725,220806.80003546606,Ejected,365
0.005011872336272725,220806.80003546606,Ejected,369
0.005011872336272725,220806.80003546606,Ejected,188
0.005011872336272725,220806.80003546606,Ejected,260
0.005011872336272725,220806.80003546606,Ejected,362
0.005011872336272725,220806.80003546606,Ejected,382
0.005011872336272725,220806.80003546606,Ejected,434
0.005011872336272725,220806.80003546606,Ejected,462
0.005011872336272725,220806.80003546606,Ejected,482
0.005011872336272725,220806.80003546606,Ejected,490
0.005011872336272725,220806.80003546606,Ejected,465
0.005011872336272725,220806.80003546606,Ejected,380
0.005011872336272725,220806.80003546606,Ejected,400
0.005011872336272725,220806.80003546606,Ejected,428
0.005011872336272725,220806.80003546606,Ejected,440
0.005011872336272725,220806.80003546606,Ejected,501
0.005011872336272725,220806.80003546606,Ejected,558
0.005011872336272725,220806.80003546606,Ejected,562
0.005011872336272725,220806.80003546606,Ejected,574
0.005011872336272725,220806.80003546606,Ejected,642
0.005011872336272725,220806.80003546606,Ejected,698
0.005011872336272725,220806.80003546606,Ejected,460
0.005011872336272725,220806.80003546606,Ejected,549
0.01,409055.9040929092,Ejected,211
0.01,409055.9040929092,Ejected,150
0.005011872336272725,220806.80003546606,Ejected,536
0.005011872336272725,220806.80003546606,Ejected,540
0.005011872336272725,220806.80003546606,Ejected,576
0.005011872336272725,220806.80003546606,Ejected,580
0.01,409055.9040929092,Ejected,217
0.005011872336272725,220806.80003546606,Ejected,592
0.005011872336272725,220806.80003546606,Ejected,604
0.005011872336272725,220806.80003546606,Ejected,636
0.005011872336272725,220806.80003546606,Ejected,672
0.005011872336272725,220806.80003546606,Ejected,633
0.005011872336272725,220806.80003546606,Ejected,665
0.01,409055.9040929092,Ejected,289
0.005011872336272725,220806.80003546606,Ejected,487
0.01,409055.9040929092,Ejected,246
0.005011872336272725,220806.80003546606,Ejected,696
0.005011872336272725,220806.80003546606,Ejected,725
0.01,409055.9040929092,Ejected,310
0.005011872336272725,220806.80003546606,Ejected,724
0.005011872336272725,220806.80003546606,Ejected,744
0.01,409055.9040929092,Ejected,332
0.01,409055.9040929092,Ejected,336
0.005011872336272725,220806.80003546606,Ejected,663
0.005011872336272725,220806.80003546606,Ejected,789
0.01,409055.9040929092,Ejected,547
0.01,409055.9040929092,Ejected,436
0.01,409055.9040929092,Ejected,502
0.005011872336272725,252350.6286119612,Ejected,1
0.01,409055.9040929092,Ejected,699
0.005011872336272725,252350.6286119612,Ejected,37
0.005011872336272725,252350.6286119612,Ejected,31
0.005011872336272725,252350.6286119612,Ejected,28
0.005011872336272725,252350.6286119612,Ejected,77
0.01,409055.9040929092,Ejected,654
0.01,409055.9040929092,Ejected,770
0.005011872336272725,252350.6286119612,Ejected,121
0.005011872336272725,252350.6286119612,Ejected,64
0.005011872336272725,252350.6286119612,Ejected,181
0.005011872336272725,252350.6286119612,Ejected,107
0.005011872336272725,252350.6286119612,Ejected,197
0.005011872336272725,252350.6286119612,Ejected,207
0.005011872336272725,252350.6286119612,Ejected,206
0.01,440521.7428692868,Ejected,34
0.01,440521.7428692868,Ejected,27
0.01,440521.7428692868,Ejected,103
0.005011872336272725,252350.6286119612,Ejected,156
0.005011872336272725,252350.6286119612,Ejected,164
0.01,440521.7428692868,Ejected,195
0.005011872336272725,252350.6286119612,Ejected,200
0.005011872336272725,252350.6286119612,Ejected,244
0.005011872336272725,252350.6286119612,Ejected,274
0.005011872336272725,252350.6286119612,Ejected,286
0.005011872336272725,252350.6286119612,Ejected,298
0.01,440521.7428692868,Ejected,181
0.005011872336272725,252350.6286119612,Ejected,284
0.005011872336272725,252350.6286119612,Ejected,338
0.005011872336272725,252350.6286119612,Ejected,378
0.005011872336272725,252350.6286119612,Ejected,390
0.005011872336272725,252350.6286119612,Ejected,426
0.005011872336272725,252350.6286119612,Ejected,450
0.005011872336272725,252350.6286119612,Ejected,486
0.005011872336272725,252350.6286119612,Ejected,389
0.005011872336272725,252350.6286119612,Ejected,401
0.005011872336272725,252350.6286119612,Ejected,405
0.01,440521.7428692868,Ejected,266
0.005011872336272725,252350.6286119612,Ejected,457
0.005011872336272725,252350.6286119612,Ejected,489
0.005011872336272725,252350.6286119612,Ejected,606
0.005011872336272725,252350.6286119612,Ejected,650
0.005011872336272725,252350.6286119612,Ejected,464
0.005011872336272725,252350.6286119612,Ejected,702
0.005011872336272725,252350.6286119612,Ejected,387
0.005011872336272725,252350.6286119612,Ejected,472
0.005011872336272725,252350.6286119612,Ejected,710
0.005011872336272725,252350.6286119612,Ejected,411
0.005011872336272725,252350.6286119612,Ejected,557
0.005011872336272725,252350.6286119612,Ejected,423
0.01,440521.7428692868,Ejected,501
0.005011872336272725,252350.6286119612,Ejected,581
0.01,440521.7428692868,Ejected,545
0.005011872336272725,252350.6286119612,Ejected,624
0.005011872336272725,252350.6286119612,Ejected,668
0.01,440521.7428692868,Ejected,633
0.01,440521.7428692868,Ejected,649
0.01,440521.7428692868,Ejected,665
0.005011872336272725,252350.6286119612,Ejected,625
0.005011872336272725,252350.6286119612,Ejected,657
0.005011872336272725,252350.6286119612,Ejected,756
0.005011872336272725,252350.6286119612,Ejected,527
0.005011872336272725,252350.6286119612,Ejected,575
0.01,440521.7428692868,Ejected,578
0.01,440521.7428692868,Ejected,749
0.01,440521.7428692868,Ejected,658
0.005011872336272725,252350.6286119612,Ejected,745
0.005011872336272725,252350.6286119612,Ejected,743
0.005011872336272725,283894.4571884564,Ejected,5
0.005011872336272725,283894.4571884564,Ejected,7
0.01,471987.58164566447,Ejected,79
0.005011872336272725,283894.4571884564,Ejected,30
0.01,471987.58164566447,Ejected,72
0.005011872336272725,283894.4571884564,Ejected,45
0.01,471987.58164566447,Ejected,166
0.01,471987.58164566447,Ejected,174
0.005011872336272725,283894.4571884564,Ejected,69
0.005011872336272725,283894.4571884564,Ejected,85
0.005011872336272725,283894.4571884564,Ejected,51
0.005011872336272725,283894.4571884564,Ejected,67
0.005011872336272725,283894.4571884564,Ejected,71
0.005011872336272725,283894.4571884564,Ejected,113
0.005011872336272725,283894.4571884564,Ejected,149
0.005011872336272725,283894.4571884564,Ejected,169
0.005011872336272725,283894.4571884564,Ejected,177
0.005011872336272725,283894.4571884564,Ejected,135
0.005011872336272725,283894.4571884564,Ejected,159
0.005011872336272725,283894.4571884564,Ejected,167
0.005011872336272725,283894.4571884564,Ejected,176
0.005011872336272725,283894.4571884564,Ejected,184
0.005011872336272725,283894.4571884564,Ejected,220
0.005011872336272725,283894.4571884564,Ejected,268
0.005011872336272725,283894.4571884564,Ejected,296
0.005011872336272725,283894.4571884564,Ejected,320
0.01,471987.58164566447,Ejected,406
0.005011872336272725,283894.4571884564,Ejected,226
0.01,471987.58164566447,Ejected,499
0.01,471987.58164566447,Ejected,511
0.005011872336272725,283894.4571884564,Ejected,301
0.01,471987.58164566447,Ejected,532
0.005011872336272725,283894.4571884564,Ejected,350
0.005011872336272725,283894.4571884564,Ejected,381
0.005011872336272725,283894.4571884564,Ejected,409
0.005011872336272725,283894.4571884564,Ejected,512
0.005011872336272725,283894.4571884564,Ejected,594
0.005011872336272725,283894.4571884564,Ejected,572
0.01,471987.58164566447,Ejected,682
0.005011872336272725,283894.4571884564,Ejected,612
0.005011872336272725,283894.4571884564,Ejected,652
0.005011872336272725,283894.4571884564,Ejected,553
0.005011872336272725,283894.4571884564,Ejected,455
0.005011872336272725,283894.4571884564,Ejected,629
0.005011872336272725,283894.4571884564,Ejected,713
0.005011872336272725,283894.4571884564,Ejected,559
0.0025118864315095794,126332.53942402736,Ejected,149
