0.01,0.0,Captured,403
0.01,0.0,Captured,196
0.01,0.0,Captured,775
0.01,0.0,Captured,296
0.01,0.0,Captured,137
0.01,0.0,Captured,373
0.000630957344480193,0.0,Captured,392
0.005011872336272725,0.0,Captured,47
0.005011872336272725,0.0,Captured,191
0.01,62931.67755275526,Ejected,83
0.01,62931.67755275526,Ejected,359
0.01,62931.67755275526,Ejected,572
0.01,62931.67755275526,Ejected,612
0.01,62931.67755275526,Ejected,638
0.01,94397.5163291329,Ejected,5
0.01,94397.5163291329,Ejected,13
0.01,94397.5163291329,Ejected,18
0.01,94397.5163291329,Ejected,40
0.01,94397.5163291329,Ejected,51
0.01,94397.5163291329,Ejected,94
0.01,94397.5163291329,Ejected,126
0.01,94397.5163291329,Ejected,79
0.01,94397.5163291329,Ejected,140
0.01,94397.5163291329,Ejected,85
0.01,94397.5163291329,Ejected,168
0.01,94397.5163291329,Ejected,180
0.01,94397.5163291329,Ejected,153
0.01,94397.5163291329,Ejected,202
0.01,94397.5163291329,Ejected,205
0.01,94397.5163291329,Ejected,209
0.01,94397.5163291329,Ejected,151
0.01,94397.5163291329,Ejected,264
0.01,94397.5163291329,Ejected,272
0.01,94397.5163291329,Ejected,191
0.01,94397.5163291329,Ejected,282
0.01,94397.5163291329,Ejected,290
0.01,94397.5163291329,Ejected,320
0.01,94397.5163291329,Ejected,329
0.01,94397.5163291329,Ejected,227
0.01,94397.5163291329,Ejected,352
0.01,94397.5163291329,Ejected,362
0.01,94397.5163291329,Ejected,271
0.01,94397.5163291329,Ejected,279
0.01,94397.5163291329,Ejected,283
0.01,94397.5163291329,Ejected,388
0.01,94397.5163291329,Ejected,386
0.01,94397.5163291329,Ejected,414
0.01,94397.5163291329,Ejected,425
0.01,94397.5163291329,Ejected,323
0.01,94397.5163291329,Ejected,327
0.01,94397.5163291329,Ejected,331
0.01,94397.5163291329,Ejected,433
0.01,94397.5163291329,Ejected,512
0.01,94397.5163291329,Ejected,532
0.01,94397.5163291329,Ejected,375
0.01,94397.5163291329,Ejected,461
0.01,94397.5163291329,Ejected,465
0.01,94397.5163291329,Ejected,485
0.01,94397.5163291329,Ejected,525
0.01,94397.5163291329,Ejected,558
0.01,94397.5163291329,Ejected,471
0.01,94397.5163291329,Ejected,602
0.01,94397.5163291329,Ejected,589
0.01,94397.5163291329,Ejected,724
0.01,94397.5163291329,Ejected,732
0.01,94397.5163291329,Ejected,768
0.0012589254117941675,63205.78003596332,Captured,400
0.01,94397.5163291329,Ejected,706
0.01,94397.5163291329,Ejected,722
0.01,94397.5163291329,Ejected,567
0.01,94397.5163291329,Ejected,750
0.01,94397.5163291329,Ejected,721
0.01,94397.5163291329,Ejected,741
0.01,94397.5163291329,Ejected,765
0.01,94397.5163291329,Ejected,711
0.01,94397.5163291329,Ejected,743
0.01,94397.5163291329,Ejected,779
0.01,94397.5163291329,Ejected,799
0.01,125863.35510551052,Ejected,26
0.01,125863.35510551052,Ejected,42
0.01,125863.35510551052,Ejected,16
0.01,125863.35510551052,Ejected,52
0.01,125863.35510551052,Ejected,37
0.01,125863.35510551052,Ejected,41
0.01,125863.35510551052,Ejected,92
0.01,125863.35510551052,Ejected,43
0.01,125863.35510551052,Ejected,59
0.01,125863.35510551052,Ejected,134
0.01,125863.35510551052,Ejected,104
0.01,125863.35510551052,Ejected,112
0.01,125863.35510551052,Ejected,120
0.01,125863.35510551052,Ejected,142
0.01,125863.35510551052,Ejected,77
0.01,125863.35510551052,Ejected,113
0.01,125863.35510551052,Ejected,133
0.01,125863.35510551052,Ejected,188
0.01,125863.35510551052,Ejected,192
0.01,125863.35510551052,Ejected,127
0.01,125863.35510551052,Ejected,212
0.01,125863.35510551052,Ejected,210
0.01,125863.35510551052,Ejected,155
0.01,125863.35510551052,Ejected,226
0.01,125863.35510551052,Ejected,241
0.01,125863.35510551052,Ejected,240
0.01,125863.35510551052,Ejected,254
0.01,125863.35510551052,Ejected,262
0.01,125863.35510551052,Ejected,268
0.01,125863.35510551052,Ejected,301
0.01,125863.35510551052,Ejected,305
0.01,125863.35510551052,Ejected,317
0.01,125863.35510551052,Ejected,207
0.01,125863.35510551052,Ejected,231
0.01,125863.35510551052,Ejected,349
0.01,125863.35510551052,Ejected,380
0.01,125863.35510551052,Ejected,369
0.01,125863.35510551052,Ejected,377
0.005011872336272725,94631.48572948546,Ejected,282
0.01,125863.35510551052,Ejected,416
0.01,125863.35510551052,Ejected,432
0.01,125863.35510551052,Ejected,442
0.01,125863.35510551052,Ejected,307
0.01,125863.35510551052,Ejected,335
0.01,125863.35510551052,Ejected,339
0.01,125863.35510551052,Ejected,458
0.01,125863.35510551052,Ejected,488
0.01,125863.35510551052,Ejected,492
0.01,125863.35510551052,Ejected,355
0.01,125863.35510551052,Ejected,363
0.01,125863.35510551052,Ejected,524
0.01,125863.35510551052,Ejected,510
0.01,125863.35510551052,Ejected,473
0.01,125863.35510551052,Ejected,493
0.01,125863.35510551052,Ejected,387
0.01,125863.35510551052,Ejected,534
0.01,125863.35510551052,Ejected,562
0.01,125863.35510551052,Ejected,411
0.01,125863.35510551052,Ejected,423
0.01,125863.35510551052,Ejected,590
0.01,125863.35510551052,Ejected,598
0.01,125863.35510551052,Ejected,584
0.01,125863.35510551052,Ejected,588
0.01,125863.35510551052,Ejected,608
0.01,125863.35510551052,Ejected,620
0.01,125863.35510551052,Ejected,597
0.01,125863.35510551052,Ejected,644
0.01,125863.35510551052,Ejected,652
0.01,125863.35510551052,Ejected,660
0.01,125863.35510551052,Ejected,664
0.01,125863.35510551052,Ejected,634
0.01,125863.35510551052,Ejected,637
0.01,125863.35510551052,Ejected,641
0.01,125863.35510551052,Ejected,674
0.01,125863.35510551052,Ejected,690
0.01,125863.35510551052,Ejected,710
0.01,125863.35510551052,Ejected,669
0.01,125863.35510551052,Ejected,786
0.01,125863.35510551052,Ejected,717
0.01,125863.35510551052,Ejected,725
0.005011872336272725,94631.48572948546,Ejected,567
0.005011872336272725,94631.48572948546,Captured,545
0.005011872336272725,94631.48572948546,Ejected,565
0.01,125863.35510551052,Ejected,643
0.01,125863.35510551052,Ejected,691
0.01,125863.35510551052,Ejected,723
0.01,125863.35510551052,Ejected,747
0.01,125863.35510551052,Ejected,751
0.01,125863.35510551052,Ejected,791
0.01,157329.19388188815,Ejected,2
0.01,157329.19388188815,Ejected,56
0.005011872336272725,94631.48572948546,Ejected,768
0.01,157329.19388188815,Ejected,88
0.01,157329.19388188815,Ejected,106
0.01,157329.19388188815,Ejected,114
0.01,157329.19388188815,Ejected,122
0.01,157329.19388188815,Ejected,144
0.01,157329.19388188815,Ejected,170
0.01,157329.19388188815,Ejected,93
0.01,157329.19388188815,Ejected,97
0.01,157329.19388188815,Ejected,119
0.01,157329.19388188815,Ejected,129
0.01,157329.19388188815,Ejected,181
0.01,157329.19388188815,Ejected,216
0.01,157329.19388188815,Ejected,221
0.01,157329.19388188815,Ejected,246
0.01,157329.19388188815,Ejected,252
0.01,157329.19388188815,Ejected,276
0.01,157329.19388188815,Ejected,297
0.01,157329.19388188815,Ejected,288
0.01,157329.19388188815,Ejected,300
0.01,157329.19388188815,Ejected,308
0.01,157329.19388188815,Ejected,306
0.01,157329.19388188815,Ejected,310
0.01,157329.19388188815,Ejected,322
0.01,157329.19388188815,Ejected,326
0.01,157329.19388188815,Ejected,330
0.01,157329.19388188815,Ejected,223
0.005011872336272725,126175.3143059806,Ejected,7
0.01,157329.19388188815,Ejected,259
0.01,157329.19388188815,Ejected,345
0.01,157329.19388188815,Ejected,348
0.01,157329.19388188815,Ejected,365
0.01,157329.19388188815,Ejected,417
0.01,157329.19388188815,Ejected,421
0.01,157329.19388188815,Ejected,426
0.005011872336272725,126175.3143059806,Ejected,37
0.005011872336272725,126175.3143059806,Ejected,45
0.005011872336272725,126175.3143059806,Ejected,46
0.005011872336272725,126175.3143059806,Ejected,61
0.005011872336272725,126175.3143059806,Ejected,115
0.01,157329.19388188815,Ejected,478
0.01,157329.19388188815,Ejected,490
0.005011872336272725,126175.3143059806,Ejected,149
0.01,157329.19388188815,Ejected,391
0.01,157329.19388188815,Ejected,552
0.005011872336272725,126175.3143059806,Ejected,209
0.01,157329.19388188815,Ejected,415
0.01,157329.19388188815,Ejected,431
0.005011872336272725,126175.3143059806,Ejected,229
0.01,157329.19388188815,Ejected,557
0.005011872336272725,126175.3143059806,Ejected,199
0.01,157329.19388188815,Ejected,491
0.01,157329.19388188815,Ejected,593
0.01,157329.19388188815,Ejected,622
0.01,157329.19388188815,Ejected,676
0.01,157329.19388188815,Ejected,688
0.005011872336272725,126175.3143059806,Ejected,231
0.005011872336272725,126175.3143059806,Ejected,288
0.01,157329.19388188815,Ejected,756
0.01,157329.19388188815,Ejected,764
0.005011872336272725,126175.3143059806,Ejected,206
0.005011872336272725,126175.3143059806,Ejected,242
0.01,157329.19388188815,Ejected,555
0.01,157329.19388188815,Ejected,762
0.005011872336272725,126175.3143059806,Ejected,321
0.01,157329.19388188815,Ejected,689
0.01,157329.19388188815,Ejected,693
0.01,157329.19388188815,Ejected,575
0.01,157329.19388188815,Ejected,579
0.005011872336272725,126175.3143059806,Ejected,348
0.01,157329.19388188815,Ejected,713
0.01,157329.19388188815,Ejected,761
0.01,157329.19388188815,Ejected,647
0.005011872336272725,126175.3143059806,Ejected,417
0.01,157329.19388188815,Ejected,719
0.01,157329.19388188815,Ejected,739
0.01,157329.19388188815,Ejected,755
0.005011872336272725,126175.3143059806,Ejected,447
0.01,157329.19388188815,Ejected,767
0.005011872336272725,126175.3143059806,Ejected,517
0.01,157329.19388188815,Ejected,783
0.01,188795.0326582658,Ejected,0
0.005011872336272725,126175.3143059806,Ejected,491
0.01,188795.0326582658,Ejected,48
0.01,188795.0326582658,Ejected,74
0.01,188795.0326582658,Ejected,61
0.01,188795.0326582658,Ejected,67
0.01,188795.0326582658,Ejected,118
0.01,188795.0326582658,Ejected,150
0.01,188795.0326582658,Ejected,132
0.01,188795.0326582658,Ejected,190
0.01,188795.0326582658,Ejected,165
0.005011872336272725,126175.3143059806,Ejected,644
0.005011872336272725,126175.3143059806,Ejected,648
0.005011872336272725,126175.3143059806,Ejected,631
0.01,188795.0326582658,Ejected,281
0.01,188795.0326582658,Ejected,318
0.01,188795.0326582658,Ejected,346
0.01,188795.0326582658,Ejected,235
0.005011872336272725,126175.3143059806,Ejected,772
0.005011872336272725,126175.3143059806,Ejected,634
0.005011872336272725,126175.3143059806,Ejected,649
0.01,188795.0326582658,Ejected,364
0.01,188795.0326582658,Captured,353
0.01,188795.0326582658,Ejected,422
0.01,188795.0326582658,Ejected,430
0.01,188795.0326582658,Ejected,448
0.01,188795.0326582658,Ejected,474
0.01,188795.0326582658,Ejected,439
0.01,188795.0326582658,Ejected,447
0.01,188795.0326582658,Ejected,549
0.01,188795.0326582658,Ejected,580
0.01,188795.0326582658,Ejected,648
0.01,188795.0326582658,Ejected,656
0.01,188795.0326582658,Ejected,708
0.005011872336272725,157719.14288247575,Ejected,28
0.005011872336272725,157719.14288247575,Ejected,32
0.01,188795.0326582658,Ejected,728
0.01,188795.0326582658,Ejected,748
0.01,188795.0326582658,Ejected,547
0.01,188795.0326582658,Ejected,770
0.005011872336272725,157719.14288247575,Ejected,75
0.005011872336272725,157719.14288247575,Ejected,99
0.005011872336272725,157719.14288247575,Ejected,97
0.01,188795.0326582658,Ejected,619
0.005011872336272725,157719.14288247575,Ejected,140
0.005011872336272725,157719.14288247575,Ejected,125
0.005011872336272725,157719.14288247575,Ejected,177
0.005011872336272725,157719.14288247575,Ejected,181
0.005011872336272725,157719.14288247575,Ejected,183
0.005011872336272725,157719.14288247575,Ejected,204
0.005011872336272725,157719.14288247575,Ejected,267
0.01,188795.0326582658,Ejected,795
0.01,220260.8714346434,Ejected,3
0.01,220260.8714346434,Ejected,4
0.01,220260.8714346434,Ejected,10
0.005011872336272725,157719.14288247575,Ejected,332
0.01,220260.8714346434,Ejected,24
0.005011872336272725,157719.14288247575,Ejected,361
0.01,220260.8714346434,Ejected,23
0.005011872336272725,157719.14288247575,Ejected,372
0.005011872336272725,157719.14288247575,Ejected,302
0.01,220260.8714346434,Ejected,108
0.01,220260.8714346434,Ejected,87
0.01,220260.8714346434,Ejected,160
0.01,220260.8714346434,Ejected,197
0.01,220260.8714346434,Ejected,201
0.0025118864315095794,126332.53942402736,Ejected,491
0.01,220260.8714346434,Ejected,234
0.005011872336272725,157719.14288247575,Ejected,493
0.01,220260.8714346434,Ejected,266
0.005011872336272725,157719.14288247575,Ejected,443
0.005011872336272725,157719.14288247575,Ejected,467
0.01,220260.8714346434,Ejected,179
0.01,220260.8714346434,Ejected,253
0.01,220260.8714346434,Ejected,293
0.01,220260.8714346434,Ejected,324
0.005011872336272725,157719.14288247575,Ejected,580
0.0025118864315095794,126332.53942402736,Ejected,571
0.01,220260.8714346434,Ejected,361
0.01,220260.8714346434,Ejected,385
0.01,220260.8714346434,Ejected,409
0.01,220260.8714346434,Ejected,413
0.005011872336272725,157719.14288247575,Ejected,608
0.005011872336272725,157719.14288247575,Ejected,591
0.01,220260.8714346434,Ejected,496
0.01,220260.8714346434,Ejected,477
0.01,220260.8714346434,Ejected,528
0.01,220260.8714346434,Ejected,379
0.01,220260.8714346434,Ejected,544
0.005011872336272725,157719.14288247575,Ejected,664
0.01,220260.8714346434,Ejected,537
0.01,220260.8714346434,Ejected,546
0.01,220260.8714346434,Ejected,570
0.01,220260.8714346434,Ejected,435
0.01,220260.8714346434,Ejected,594
0.01,220260.8714346434,Ejected,610
0.01,220260.8714346434,Ejected,463
0.01,220260.8714346434,Ejected,596
0.01,220260.8714346434,Ejected,487
0.01,220260.8714346434,Ejected,632
0.01,220260.8714346434,Ejected,636
0.005011872336272725,157719.14288247575,Ejected,658
0.01,220260.8714346434,Ejected,511
0.01,220260.8714346434,Ejected,650
0.01,220260.8714346434,Ejected,658
0.01,220260.8714346434,Ejected,677
0.01,220260.8714346434,Ejected,694
0.01,220260.8714346434,Ejected,788
0.005011872336272725,157719.14288247575,Ejected,669
0.005011872336272725,157719.14288247575,Ejected,723
0.01,220260.8714346434,Ejected,734
0.01,220260.8714346434,Ejected,595
0.005011872336272725,157719.14288247575,Ejected,787
0.005011872336272725,157719.14288247575,Ejected,737
0.01,220260.8714346434,Ejected,789
0.005011872336272725,157719.14288247575,Ejected,765
0.005011872336272725,157719.14288247575,Ejected,773
0.01,220260.8714346434,Ejected,727
0.005011872336272725,189262.97145897092,Ejected,18
0.005011872336272725,189262.97145897092,Ejected,53
0.005011872336272725,189262.97145897092,Ejected,42
0.01,251726.71021102104,Ejected,80
0.01,251726.71021102104,Ejected,82
0.005011872336272725,189262.97145897092,Ejected,129
0.01,251726.71021102104,Ejected,116
0.005011872336272725,189262.97145897092,Ejected,173
0.01,251726.71021102104,Ejected,193
0.01,251726.71021102104,Ejected,218
0.005011872336272725,189262.97145897092,Ejected,261
0.01,251726.71021102104,Ejected,159
0.005011872336272725,189262.97145897092,Ejected,264
0.01,251726.71021102104,Ejected,285
0.005011872336272725,189262.97145897092,Ejected,305
0.005011872336272725,189262.97145897092,Ejected,309
0.005011872336272725,189262.97145897092,Ejected,254
0.01,251726.71021102104,Ejected,284
0.005011872336272725,189262.97145897092,Ejected,303
0.01,251726.71021102104,Ejected,304
0.01,251726.71021102104,Ejected,340
0.01,251726.71021102104,Ejected,337
0.005011872336272725,189262.97145897092,Ejected,306
0.005011872336272725,189262.97145897092,Ejected,314
0.005011872336272725,189262.97145897092,Ejected,377
0.01,251726.71021102104,Ejected,368
0.005011872336272725,189262.97145897092,Ejected,334
0.01,251726.71021102104,Ejected,404
0.005011872336272725,189262.97145897092,Ejected,346
0.01,251726.71021102104,Ejected,406
0.01,251726.71021102104,Ejected,438
0.01,251726.71021102104,Ejected,444
0.01,251726.71021102104,Ejected,456
0.01,251726.71021102104,Ejected,445
0.005011872336272725,189262.97145897092,Ejected,445
0.005011872336272725,189262.97145897092,Ejected,407
0.005011872336272725,189262.97145897092,Ejected,488
0.005011872336272725,189262.97145897092,Ejected,402
0.01,251726.71021102104,Ejected,541
0.005011872336272725,189262.97145897092,Ejected,501
0.01,251726.71021102104,Ejected,569
0.01,251726.71021102104,Ejected,443
0.005011872336272725,189262.97145897092,Ejected,525
0.01,251726.71021102104,Ejected,625
0.005011872336272725,189262.97145897092,Ejected,560
0.005011872336272725,189262.97145897092,Ejected,568
0.005011872336272725,189262.97145897092,Ejected,559
0.01,251726.71021102104,Ejected,720
0.01,251726.71021102104,Ejected,740
0.01,251726.71021102104,Ejected,760
0.01,251726.71021102104,Ejected,714
0.01,251726.71021102104,Ejected,551
0.01,251726.71021102104,Ejected,766
0.005011872336272725,189262.97145897092,Ejected,579
0.0025118864315095794,157915.6742800342,Ejected,431
0.005011872336272725,189262.97145897092,Ejected,510
0.0025118864315095794,157915.6742800342,Ejected,517
0.005011872336272725,189262.97145897092,Ejected,704
0.005011872336272725,189262.97145897092,Ejected,582
0.005011872336272725,189262.97145897092,Ejected,633
0.0025118864315095794,157915.6742800342,Ejected,494
0.005011872336272725,189262.97145897092,Ejected,618
0.005011872336272725,189262.97145897092,Ejected,691
0.005011872336272725,189262.97145897092,Ejected,695
0.005011872336272725,189262.97145897092,Ejected,703
0.0025118864315095794,157915.6742800342,Ejected,526
0.01,283192.5489873987,Ejected,17
0.005011872336272725,189262.97145897092,Ejected,693
0.005011872336272725,189262.97145897092,Ejected,739
0.0025118864315095794,157915.6742800342,Ejected,635
0.005011872336272725,189262.97145897092,Ejected,698
0.005011872336272725,189262.97145897092,Ejected,710
0.01,283192.5489873987,Ejected,60
0.005011872336272725,189262.97145897092,Ejected,791
0.01,283192.5489873987,Ejected,47
0.01,283192.5489873987,Ejected,53
0.01,283192.5489873987,Ejected,81
0.005011872336272725,189262.97145897092,Ejected,786
0.01,283192.5489873987,Ejected,121
0.005011872336272725,220806.80003546606,Ejected,44
0.005011872336272725,220806.80003546606,Ejected,10
0.01,283192.5489873987,Ejected,294
0.01,283192.5489873987,Ejected,325
0.005011872336272725,220806.80003546606,Ejected,49
0.005011872336272725,220806.80003546606,Ejected,107
0.005011872336272725,220806.80003546606,Ejected,86
0.005011872336272725,220806.80003546606,Ejected,102
0.01,283192.5489873987,Ejected,405
0.005011872336272725,220806.80003546606,Ejected,165
0.01,283192.5489873987,Ejected,437
0.005011872336272725,220806.80003546606,Ejected,200
0.005011872336272725,220806.80003546606,Ejected,211
0.01,283192.5489873987,Ejected,486
0.005011872336272725,220806.80003546606,Ejected,150
0.01,283192.5489873987,Ejected,522
0.005011872336272725,220806.80003546606,Ejected,257
0.005011872336272725,220806.80003546606,Ejected,273
0.01,283192.5489873987,Ejected,529
0.005011872336272725,220806.80003546606,Ejected,255
0.01,283192.5489873987,Ejected,399
0.005011872336272725,220806.80003546606,Ejected,276
0.005011872336272725,220806.80003546606,Ejected,279
0.01,283192.5489873987,Ejected,479
0.01,283192.5489873987,Ejected,646
0.005011872336272725,220806.80003546606,Ejected,355
0.005011872336272725,220806.80003546606,Ejected,359
0.01,283192.5489873987,Ejected,666
0.01,283192.5489873987,Ejected,670
0.005011872336272725,220806.80003546606,Ejected,385
0.01,283192.5489873987,Ejected,729
0.005011872336272725,220806.80003546606,Ejected,424
0.005011872336272725,220806.80003546606,Ejected,428
0.005011872336272725,220806.80003546606,Ejected,413
0.005011872336272725,220806.80003546606,Ejected,366
0.0025118864315095794,189498.80913604103,Ejected,118
0.005011872336272725,220806.80003546606,Ejected,473
0.01,283192.5489873987,Ejected,623
0.01,283192.5489873987,Ejected,651
0.005011872336272725,220806.80003546606,Ejected,406
0.005011872336272725,220806.80003546606,Ejected,451
0.01,283192.5489873987,Ejected,671
0.005011872336272725,220806.80003546606,Ejected,508
0.0025118864315095794,189498.80913604103,Ejected,210
0.005011872336272725,220806.80003546606,Ejected,555
0.0025118864315095794,189498.80913604103,Ejected,224
0.005011872336272725,220806.80003546606,Ejected,612
0.005011872336272725,220806.80003546606,Ejected,636
0.005011872336272725,220806.80003546606,Ejected,562
0.005011872336272725,220806.80003546606,Ejected,720
0.005011872336272725,220806.80003546606,Ejected,752
0.005011872336272725,220806.80003546606,Ejected,699
0.005011872336272725,220806.80003546606,Ejected,670
0.005011872336272725,220806.80003546606,Ejected,697
0.005011872336272725,220806.80003546606,Ejected,706
0.005011872336272725,220806.80003546606,Ejected,733
0.005011872336272725,220806.80003546606,Ejected,779
0.01,314658.3877637763,Ejected,382
0.01,314658.3877637763,Ejected,408
0.01,314658.3877637763,Ejected,412
0.01,314658.3877637763,Ejected,418
0.01,314658.3877637763,Ejected,464
0.01,314658.3877637763,Ejected,494
0.005011872336272725,252350.6286119612,Ejected,16
0.005011872336272725,252350.6286119612,Ejected,48
0.01,314658.3877637763,Ejected,601
0.01,314658.3877637763,Ejected,626
0.01,314658.3877637763,Ejected,613
0.0025118864315095794,189498.80913604103,Ejected,580
0.0025118864315095794,189498.80913604103,Ejected,554
0.005011872336272725,252350.6286119612,Ejected,109
0.005011872336272725,252350.6286119612,Ejected,121
0.01,314658.3877637763,Ejected,712
0.01,314658.3877637763,Ejected,736
0.01,314658.3877637763,Ejected,738
0.01,314658.3877637763,Ejected,754
0.005011872336272725,252350.6286119612,Ejected,157
0.005011872336272725,252350.6286119612,Ejected,172
0.005011872336272725,252350.6286119612,Ejected,201
0.005011872336272725,252350.6286119612,Ejected,241
0.005011872336272725,252350.6286119612,Ejected,249
0.01,314658.3877637763,Ejected,781
0.005011872336272725,252350.6286119612,Ejected,214
0.005011872336272725,252350.6286119612,Ejected,226
0.005011872336272725,252350.6286119612,Ejected,325
0.005011872336272725,252350.6286119612,Ejected,294
0.0025118864315095794,189498.80913604103,Ejected,718
0.005011872336272725,252350.6286119612,Ejected,405
0.01,346124.2265401539,Ejected,36
0.005011872336272725,252350.6286119612,Ejected,480
0.01,346124.2265401539,Ejected,39
0.005011872336272725,252350.6286119612,Ejected,414
0.0025118864315095794,221081.9439920479,Ejected,11
0.005011872336272725,252350.6286119612,Ejected,422
0.005011872336272725,252350.6286119612,Ejected,438
0.01,346124.2265401539,Ejected,173
0.01,346124.2265401539,Ejected,177
0.01,346124.2265401539,Ejected,214
0.005011872336272725,252350.6286119612,Ejected,588
0.0025118864315095794,221081.9439920479,Ejected,48
0.005011872336272725,252350.6286119612,Ejected,583
0.005011872336272725,252350.6286119612,Ejected,581
0.01,346124.2265401539,Ejected,321
0.01,346124.2265401539,Ejected,215
0.01,346124.2265401539,Ejected,381
0.005011872336272725,252350.6286119612,Ejected,668
0.005011872336272725,252350.6286119612,Ejected,700
0.005011872336272725,252350.6286119612,Ejected,570
0.0025118864315095794,221081.9439920479,Ejected,155
0.005011872336272725,252350.6286119612,Ejected,622
0.005011872336272725,252350.6286119612,Ejected,638
0.005011872336272725,252350.6286119612,Ejected,646
0.005011872336272725,252350.6286119612,Ejected,711
0.01,346124.2265401539,Ejected,427
0.005011872336272725,252350.6286119612,Ejected,747
0.0025118864315095794,221081.9439920479,Ejected,258
0.005011872336272725,252350.6286119612,Ejected,702
0.005011872336272725,252350.6286119612,Ejected,771
0.005011872336272725,252350.6286119612,Ejected,726
0.005011872336272725,252350.6286119612,Ejected,730
0.01,346124.2265401539,Ejected,685
0.01,346124.2265401539,Ejected,535
0.005011872336272725,283894.4571884564,Ejected,24
0.005011872336272725,283894.4571884564,Ejected,23
0.005011872336272725,283894.4571884564,Ejected,31
0.0025118864315095794,221081.9439920479,Ejected,387
0.005011872336272725,283894.4571884564,Ejected,50
0.005011872336272725,283894.4571884564,Ejected,77
0.005011872336272725,283894.4571884564,Ejected,85
0.0025118864315095794,221081.9439920479,Ejected,417
0.005011872336272725,283894.4571884564,Ejected,158
0.005011872336272725,283894.4571884564,Ejected,253
0.005011872336272725,283894.4571884564,Ejected,285
0.005011872336272725,283894.4571884564,Ejected,311
0.005011872336272725,283894.4571884564,Ejected,313
0.005011872336272725,283894.4571884564,Ejected,258
0.005011872336272725,283894.4571884564,Ejected,420
0.01,377590.0653165316,Ejected,265
0.005011872336272725,283894.4571884564,Ejected,481
0.01,377590.0653165316,Ejected,390
0.01,377590.0653165316,Ejected,468
0.01,377590.0653165316,Ejected,347
0.0025118864315095794,221081.9439920479,Ejected,692
0.0025118864315095794,221081.9439920479,Ejected,704
0.005011872336272725,283894.4571884564,Ejected,611
0.01,377590.0653165316,Ejected,538
0.01,377590.0653165316,Ejected,566
0.01,377590.0653165316,Ejected,581
0.005011872336272725,283894.4571884564,Ejected,522
0.005011872336272725,283894.4571884564,Ejected,672
0.0025118864315095794,252665.07884805472,Ejected,2
0.01,377590.0653165316,Ejected,701
0.01,377590.0653165316,Ejected,709
0.005011872336272725,283894.4571884564,Ejected,796
0.005011872336272725,283894.4571884564,Ejected,763
0.005011872336272725,283894.4571884564,Ejected,767
0.005011872336272725,283894.4571884564,Ejected,798
0.0025118864315095794,252665.07884805472,Ejected,181
0.005011872336272725,315438.2857649515,Ejected,27
0.0025118864315095794,252665.07884805472,Ejected,186
0.005011872336272725,315438.2857649515,Ejected,63
0.0025118864315095794,252665.07884805472,Ejected,199
0.005011872336272725,315438.2857649515,Ejected,30
0.005011872336272725,315438.2857649515,Ejected,100
0.0025118864315095794,252665.07884805472,Ejected,242
0.005011872336272725,315438.2857649515,Ejected,237
0.005011872336272725,315438.2857649515,Ejected,154
0.005011872336272725,315438.2857649515,Ejected,235
0.005011872336272725,315438.2857649515,Ejected,265
0.005011872336272725,315438.2857649515,Ejected,320
0.0025118864315095794,252665.07884805472,Ejected,365
0.0025118864315095794,252665.07884805472,Ejected,369
0.0025118864315095794,252665.07884805472,Ejected,366
0.005011872336272725,315438.2857649515,Ejected,336
0.01,409055.9040929092,Ejected,358
0.005011872336272725,315438.2857649515,Ejected,408
0.01,409055.9040929092,Ejected,452
0.01,409055.9040929092,Ejected,311
0.01,409055.9040929092,Ejected,482
0.005011872336272725,315438.2857649515,Ejected,465
0.01,409055.9040929092,Ejected,540
0.005011872336272725,315438.2857649515,Ejected,496
0.005011872336272725,315438.2857649515,Ejected,390
0.005011872336272725,315438.2857649515,Ejected,394
0.01,409055.9040929092,Ejected,586
0.005011872336272725,315438.2857649515,Ejected,511
0.005011872336272725,315438.2857649515,Ejected,527
0.0025118864315095794,252665.07884805472,Ejected,578
0.0025118864315095794,252665.07884805472,Ejected,586
0.0025118864315095794,252665.07884805472,Ejected,620
0.005011872336272725,315438.2857649515,Ejected,721
0.005011872336272725,315438.2857649515,Ejected,678
0.005011872336272725,346982.11434144666,Ejected,21
0.0025118864315095794,284248.2137040616,Ejected,62
0.0025118864315095794,284248.2137040616,Ejected,57
0.005011872336272725,346982.11434144666,Ejected,112
0.0025118864315095794,284248.2137040616,Ejected,116
0.0025118864315095794,284248.2137040616,Ejected,115
0.0025118864315095794,284248.2137040616,Ejected,127
0.005011872336272725,346982.11434144666,Ejected,216
0.005011872336272725,346982.11434144666,Ejected,220
0.005011872336272725,346982.11434144666,Ejected,251
0.01,440521.7428692868,Ejected,466
0.005011872336272725,346982.11434144666,Ejected,317
0.0025118864315095794,284248.2137040616,Ejected,222
0.005011872336272725,346982.11434144666,Ejected,353
0.005011872336272725,346982.11434144666,Ejected,270
0.01,440521.7428692868,Ejected,527
0.01,440521.7428692868,Ejected,780
0.0025118864315095794,284248.2137040616,Ejected,243
0.0025118864315095794,284248.2137040616,Ejected,295
0.01,440521.7428692868,Ejected,773
0.01,440521.7428692868,Ejected,777
0.0025118864315095794,284248.2137040616,Ejected,357
0.01,440521.7428692868,Ejected,635
0.01,440521.7428692868,Ejected,695
0.0025118864315095794,284248.2137040616,Ejected,413
0.0012589254117941675,252823.12014385327,Ejected,431
0.005011872336272725,346982.11434144666,Ejected,450
0.005011872336272725,346982.11434144666,Ejected,458
0.0025118864315095794,284248.2137040616,Ejected,403
0.005011872336272725,346982.11434144666,Ejected,637
0.005011872336272725,346982.11434144666,Ejected,665
0.005011872336272725,346982.11434144666,Ejected,756
0.0025118864315095794,284248.2137040616,Ejected,615
0.0025118864315095794,284248.2137040616,Ejected,585
0.01,471987.58164566447,Ejected,258
0.0012589254117941675,252823.12014385327,Ejected,632
0.0025118864315095794,284248.2137040616,Ejected,665
0.005011872336272725,346982.11434144666,Ejected,742
0.01,471987.58164566447,Ejected,239
0.005011872336272725,378525.94291794184,Ejected,147
0.005011872336272725,378525.94291794184,Ejected,193
0.01,471987.58164566447,Ejected,618
0.0025118864315095794,284248.2137040616,Ejected,756
0.005011872336272725,378525.94291794184,Ejected,223
0.005011872336272725,378525.94291794184,Ejected,300
0.005011872336272725,378525.94291794184,Ejected,304
0.01,471987.58164566447,Ejected,587
0.005011872336272725,378525.94291794184,Ejected,380
0.005011872336272725,378525.94291794184,Ejected,429
0.0025118864315095794,315831.3485600684,Ejected,122
0.005011872336272725,378525.94291794184,Ejected,521
0.005011872336272725,378525.94291794184,Ejected,495
0.0025118864315095794,315831.3485600684,Ejected,178
0.0025118864315095794,315831.3485600684,Ejected,182
0.01,503453.4204220421,Ejected,64
0.005011872336272725,378525.94291794184,Ejected,478
0.01,503453.4204220421,Ejected,189
0.0025118864315095794,315831.3485600684,Ejected,296
0.0025118864315095794,315831.3485600684,Ejected,439
0.01,503453.4204220421,Ejected,518
0.0025118864315095794,315831.3485600684,Ejected,469
0.01,503453.4204220421,Ejected,574
0.01,503453.4204220421,Ejected,495
0.0025118864315095794,315831.3485600684,Ejected,549
0.0025118864315095794,315831.3485600684,Ejected,559
0.0025118864315095794,315831.3485600684,Ejected,623
0.0025118864315095794,315831.3485600684,Ejected,584
0.0025118864315095794,315831.3485600684,Ejected,687
0.0025118864315095794,315831.3485600684,Ejected,757
0.0025118864315095794,315831.3485600684,Ejected,765
0.005011872336272725,410069.77149443695,Ejected,333
0.0012589254117941675,284426.01016183494,Ejected,643
0.01,534919.2591984197,Ejected,45
0.005011872336272725,410069.77149443695,Ejected,421
0.005011872336272725,410069.77149443695,Ejected,485
0.01,534919.2591984197,Ejected,185
0.0025118864315095794,347414.48341607524,Ejected,27
0.005011872336272725,410069.77149443695,Ejected,426
0.0025118864315095794,347414.48341607524,Ejected,30
0.01,534919.2591984197,Ejected,260
0.0025118864315095794,347414.48341607524,Ejected,76
0.0025118864315095794,347414.48341607524,Ejected,130
0.01,534919.2591984197,Ejected,275
0.0025118864315095794,347414.48341607524,Ejected,149
0.01,534919.2591984197,Ejected,428
0.005011872336272725,410069.77149443695,Ejected,688
0.005011872336272725,410069.77149443695,Ejected,594
0.005011872336272725,410069.77149443695,Ejected,776
0.0025118864315095794,347414.48341607524,Ejected,245
0.0025118864315095794,347414.48341607524,Ejected,301
0.01,534919.2591984197,Ejected,749
0.0025118864315095794,347414.48341607524,Ejected,330
0.005011872336272725,441613.6000709321,Ejected,12
0.0025118864315095794,347414.48341607524,Ejected,381
0.0025118864315095794,347414.48341607524,Ejected,372
0.005011872336272725,441613.6000709321,Ejected,69
0.005011872336272725,441613.6000709321,Ejected,89
0.01,566385.0979747974,Ejected,84
0.005011872336272725,441613.6000709321,Ejected,142
0.0025118864315095794,347414.48341607524,Ejected,561
0.01,566385.0979747974,Ejected,101
0.005011872336272725,441613.6000709321,Ejected,331
0.0025118864315095794,347414.48341607524,Ejected,587
0.005011872336272725,441613.6000709321,Ejected,301
0.0025118864315095794,347414.48341607524,Ejected,524
0.005011872336272725,441613.6000709321,Ejected,367
0.01,566385.0979747974,Ejected,208
0.0025118864315095794,347414.48341607524,Ejected,625
0.0025118864315095794,347414.48341607524,Ejected,552
0.0025118864315095794,347414.48341607524,Ejected,703
0.0025118864315095794,347414.48341607524,Ejected,681
0.005011872336272725,441613.6000709321,Ejected,461
0.01,566385.0979747974,Ejected,384
0.0025118864315095794,347414.48341607524,Ejected,662
0.01,566385.0979747974,Ejected,446
0.0025118864315095794,347414.48341607524,Ejected,777
0.01,566385.0979747974,Ejected,565
0.0025118864315095794,347414.48341607524,Ejected,754
0.0025118864315095794,347414.48341607524,Ejected,778
0.0025118864315095794,347414.48341607524,Ejected,788
0.01,566385.0979747974,Ejected,742
0.005011872336272725,441613.6000709321,Ejected,534
0.0025118864315095794,378997.61827208207,Ejected,58
0.0025118864315095794,378997.61827208207,Ejected,96
0.0025118864315095794,378997.61827208207,Ejected,100
0.0025118864315095794,378997.61827208207,Ejected,86
0.01,566385.0979747974,Ejected,655
0.0025118864315095794,378997.61827208207,Ejected,189
0.0025118864315095794,378997.61827208207,Ejected,193
0.0025118864315095794,378997.61827208207,Ejected,204
0.0012589254117941675,316028.9001798166,Ejected,766
0.005011872336272725,473157.42864742724,Ejected,74
0.005011872336272725,473157.42864742724,Ejected,187
0.005011872336272725,473157.42864742724,Ejected,217
0.0025118864315095794,378997.61827208207,Ejected,326
0.0025118864315095794,378997.61827208207,Ejected,355
0.0025118864315095794,378997.61827208207,Ejected,376
0.0012589254117941675,347631.7901977982,Ejected,97
0.01,597850.936751175,Ejected,504
0.0025118864315095794,378997.61827208207,Ejected,475
0.0012589254117941675,347631.7901977982,Ejected,201
0.0025118864315095794,378997.61827208207,Ejected,514
0.0025118864315095794,378997.61827208207,Ejected,527
0.0025118864315095794,378997.61827208207,Ejected,588
0.0025118864315095794,378997.61827208207,Ejected,747
0.0025118864315095794,378997.61827208207,Ejected,688
0.0025118864315095794,378997.61827208207,Ejected,748
0.01,629316.7755275526,Ejected,32
0.005011872336272725,473157.42864742724,Ejected,717
0.01,629316.7755275526,Ejected,76
0.0025118864315095794,378997.61827208207,Ejected,786
0.0025118864315095794,410580.7531280889,Ejected,15
0.01,629316.7755275526,Ejected,169
0.0025118864315095794,410580.7531280889,Ejected,32
0.0025118864315095794,410580.7531280889,Ejected,79
0.0025118864315095794,410580.7531280889,Ejected,87
0.0025118864315095794,410580.7531280889,Ejected,61
0.0025118864315095794,410580.7531280889,Ejected,84
0.0025118864315095794,410580.7531280889,Ejected,89
0.0025118864315095794,410580.7531280889,Ejected,97
0.005011872336272725,504701.2572239224,Ejected,152
0.0025118864315095794,410580.7531280889,Ejected,166
0.0025118864315095794,410580.7531280889,Ejected,190
0.005011872336272725,504701.2572239224,Ejected,175
0.01,629316.7755275526,Ejected,578
0.01,629316.7755275526,Ejected,665
0.005011872336272725,504701.2572239224,Ejected,388
0.005011872336272725,504701.2572239224,Ejected,400
0.005011872336272725,504701.2572239224,Ejected,411
0.0025118864315095794,410580.7531280889,Ejected,374
0.005011872336272725,504701.2572239224,Ejected,386
0.0025118864315095794,410580.7531280889,Ejected,478
0.0012589254117941675,379234.6802157799,Ejected,101
0.0025118864315095794,410580.7531280889,Ejected,486
0.0012589254117941675,379234.6802157799,Ejected,167
0.0025118864315095794,410580.7531280889,Ejected,609
0.0025118864315095794,410580.7531280889,Ejected,711
0.0025118864315095794,410580.7531280889,Ejected,656
0.0025118864315095794,410580.7531280889,Ejected,745
0.0025118864315095794,410580.7531280889,Ejected,670
0.0025118864315095794,410580.7531280889,Ejected,694
0.0025118864315095794,410580.7531280889,Ejected,696
0.005011872336272725,536245.0858004176,Ejected,71
0.0012589254117941675,379234.6802157799,Ejected,356
0.005011872336272725,536245.0858004176,Captured,25
0.005011872336272725,536245.0858004176,Ejected,94
0.0025118864315095794,442163.8879840958,Ejected,7
0.005011872336272725,536245.0858004176,Ejected,161
0.005011872336272725,536245.0858004176,Ejected,185
0.005011872336272725,536245.0858004176,Ejected,160
0.005011872336272725,536245.0858004176,Ejected,192
0.005011872336272725,536245.0858004176,Ejected,225
0.005011872336272725,536245.0858004176,Ejected,203
0.01,660782.6143039302,Ejected,599
0.005011872336272725,536245.0858004176,Ejected,178
0.005011872336272725,536245.0858004176,Ejected,260
0.005011872336272725,536245.0858004176,Ejected,312
0.0012589254117941675,379234.6802157799,Ejected,537
0.005011872336272725,536245.0858004176,Ejected,448
0.005011872336272725,536245.0858004176,Ejected,431
0.0025118864315095794,442163.8879840958,Ejected,221
0.005011872336272725,536245.0858004176,Ejected,532
0.0025118864315095794,442163.8879840958,Ejected,285
0.0025118864315095794,442163.8879840958,Ejected,293
0.0025118864315095794,442163.8879840958,Ejected,309
0.005011872336272725,536245.0858004176,Ejected,544
0.0025118864315095794,442163.8879840958,Ejected,300
0.005011872336272725,536245.0858004176,Ejected,600
0.0025118864315095794,442163.8879840958,Ejected,338
0.0025118864315095794,442163.8879840958,Ejected,343
0.0025118864315095794,442163.8879840958,Ejected,398
0.0025118864315095794,442163.8879840958,Ejected,401
0.0025118864315095794,442163.8879840958,Ejected,458
0.005011872336272725,536245.0858004176,Ejected,661
0.0025118864315095794,442163.8879840958,Ejected,474
0.005011872336272725,536245.0858004176,Ejected,735
0.01,692248.4530803078,Ejected,469
0.0025118864315095794,442163.8879840958,Ejected,472
0.0025118864315095794,442163.8879840958,Ejected,535
0.01,692248.4530803078,Ejected,451
0.0025118864315095794,442163.8879840958,Ejected,593
0.005011872336272725,567788.9143769128,Ejected,35
0.0025118864315095794,442163.8879840958,Ejected,719
0.005011872336272725,567788.9143769128,Ejected,56
0.0025118864315095794,442163.8879840958,Ejected,673
0.0012589254117941675,410837.57023376157,Ejected,189
0.01,692248.4530803078,Ejected,639
0.0012589254117941675,410837.57023376157,Ejected,261
0.0025118864315095794,442163.8879840958,Ejected,789
0.01,723714.2918566855,Ejected,11
0.005011872336272725,567788.9143769128,Ejected,324
0.005011872336272725,567788.9143769128,Ejected,297
0.005011872336272725,567788.9143769128,Ejected,218
0.0025118864315095794,442163.8879840958,Ejected,766
0.01,723714.2918566855,Ejected,135
0.0012589254117941675,410837.57023376157,Ejected,402
0.0025118864315095794,473747.0228401026,Ejected,172
0.0025118864315095794,473747.0228401026,Ejected,158
0.0012589254117941675,410837.57023376157,Ejected,510
0.005011872336272725,567788.9143769128,Ejected,614
0.0025118864315095794,473747.0228401026,Ejected,311
0.0012589254117941675,410837.57023376157,Ejected,618
0.005011872336272725,567788.9143769128,Ejected,775
0.0025118864315095794,473747.0228401026,Ejected,364
0.0025118864315095794,473747.0228401026,Ejected,451
0.005011872336272725,599332.7429534078,Ejected,17
0.0012589254117941675,410837.57023376157,Ejected,794
0.0025118864315095794,473747.0228401026,Ejected,480
0.005011872336272725,599332.7429534078,Ejected,136
0.005011872336272725,599332.7429534078,Ejected,179
0.01,755180.1306330631,Ejected,57
0.005011872336272725,599332.7429534078,Ejected,138
0.01,755180.1306330631,Ejected,145
0.0025118864315095794,473747.0228401026,Ejected,775
0.0025118864315095794,505330.15769610944,Ejected,8
0.0012589254117941675,442440.4602517432,Ejected,343
0.0025118864315095794,505330.15769610944,Ejected,26
0.0025118864315095794,505330.15769610944,Ejected,64
0.005011872336272725,599332.7429534078,Ejected,566
0.0025118864315095794,505330.15769610944,Ejected,113
0.005011872336272725,599332.7429534078,Ejected,654
0.01,786645.9694094408,Ejected,34
0.0025118864315095794,505330.15769610944,Ejected,289
0.0012589254117941675,442440.4602517432,Ejected,711
0.005011872336272725,630876.571529903,Ejected,327
0.01,786645.9694094408,Ejected,506
0.0025118864315095794,505330.15769610944,Ejected,541
0.005011872336272725,630876.571529903,Ejected,489
0.01,786645.9694094408,Ejected,573
0.01,786645.9694094408,Ejected,700
0.0012589254117941675,474043.3502697249,Ejected,77
0.0012589254117941675,474043.3502697249,Ejected,96
0.0025118864315095794,505330.15769610944,Ejected,730
0.0025118864315095794,505330.15769610944,Ejected,716
0.005011872336272725,630876.571529903,Ejected,602
0.0025118864315095794,505330.15769610944,Ejected,776
0.0012589254117941675,474043.3502697249,Ejected,252
0.0025118864315095794,536913.2925521163,Ejected,31
0.01,818111.8081858184,Ejected,228
0.005011872336272725,662420.4001063982,Ejected,151
0.005011872336272725,662420.4001063982,Ejected,239
0.005011872336272725,662420.4001063982,Ejected,299
0.0025118864315095794,536913.2925521163,Ejected,336
0.0025118864315095794,536913.2925521163,Ejected,410
0.0025118864315095794,536913.2925521163,Ejected,411
0.01,849577.646962196,Ejected,130
0.0025118864315095794,536913.2925521163,Ejected,606
0.0012589254117941675,505646.24028770655,Ejected,137
0.0012589254117941675,505646.24028770655,Ejected,208
0.0025118864315095794,568496.4274081232,Ejected,6
0.005011872336272725,693964.2286828933,Ejected,184
0.0025118864315095794,568496.4274081232,Ejected,59
0.0025118864315095794,568496.4274081232,Ejected,72
0.005011872336272725,693964.2286828933,Ejected,166
0.0025118864315095794,568496.4274081232,Ejected,98
0.005011872336272725,693964.2286828933,Ejected,357
0.0025118864315095794,568496.4274081232,Ejected,170
0.0012589254117941675,505646.24028770655,Ejected,397
0.0012589254117941675,505646.24028770655,Ejected,364
0.0025118864315095794,568496.4274081232,Ejected,183
0.0025118864315095794,568496.4274081232,Ejected,259
0.0025118864315095794,568496.4274081232,Ejected,405
0.005011872336272725,693964.2286828933,Ejected,651
0.0012589254117941675,505646.24028770655,Ejected,628
0.005011872336272725,693964.2286828933,Captured,590
0.0025118864315095794,568496.4274081232,Ejected,471
0.005011872336272725,693964.2286828933,Ejected,683
0.01,881043.4857385736,Ejected,393
0.0025118864315095794,568496.4274081232,Ejected,518
0.005011872336272725,693964.2286828933,Ejected,754
0.0025118864315095794,568496.4274081232,Ejected,574
0.005011872336272725,725508.0572593885,Ejected,11
0.0025118864315095794,568496.4274081232,Ejected,622
0.0025118864315095794,568496.4274081232,Ejected,661
0.0012589254117941675,537249.1303056882,Ejected,27
0.0012589254117941675,537249.1303056882,Ejected,133
0.0025118864315095794,568496.4274081232,Ejected,770
0.0025118864315095794,600079.56226413,Ejected,50
0.0025118864315095794,600079.56226413,Ejected,54
0.005011872336272725,725508.0572593885,Ejected,459
0.0025118864315095794,600079.56226413,Ejected,162
0.005011872336272725,725508.0572593885,Ejected,554
0.0025118864315095794,600079.56226413,Ejected,304
0.0012589254117941675,537249.1303056882,Ejected,386
0.005011872336272725,725508.0572593885,Ejected,731
0.0012589254117941675,537249.1303056882,Ejected,512
0.0012589254117941675,537249.1303056882,Ejected,540
0.0025118864315095794,600079.56226413,Ejected,437
0.0025118864315095794,600079.56226413,Ejected,449
0.0012589254117941675,537249.1303056882,Ejected,657
0.0025118864315095794,600079.56226413,Ejected,481
0.01,912509.3245149513,Ejected,663
0.0025118864315095794,600079.56226413,Ejected,539
0.005011872336272725,757051.8858358837,Ejected,205
0.0025118864315095794,600079.56226413,Ejected,573
0.0025118864315095794,600079.56226413,Ejected,649
0.01,943975.1632913289,Captured,123
0.005011872336272725,757051.8858358837,Ejected,401
0.0025118864315095794,600079.56226413,Ejected,700
0.0012589254117941675,568852.0203236699,Ejected,45
0.0012589254117941675,568852.0203236699,Ejected,42
0.0025118864315095794,600079.56226413,Ejected,744
0.0012589254117941675,568852.0203236699,Ejected,99
0.005011872336272725,757051.8858358837,Ejected,680
0.01,943975.1632913289,Ejected,782
0.0025118864315095794,631662.6971201368,Ejected,240
0.0025118864315095794,631662.6971201368,Ejected,268
0.0025118864315095794,631662.6971201368,Ejected,435
0.005011872336272725,788595.7144123787,Ejected,308
0.0012589254117941675,568852.0203236699,Ejected,635
0.01,975441.0020677065,Ejected,263
0.0025118864315095794,631662.6971201368,Ejected,589
0.0012589254117941675,568852.0203236699,Ejected,765
0.0025118864315095794,631662.6971201368,Ejected,773
0.0025118864315095794,631662.6971201368,Ejected,720
0.005011872336272725,788595.7144123787,Ejected,671
0.0025118864315095794,663245.8319761436,Ejected,120
0.005011872336272725,820139.5429888739,Ejected,72
0.005011872336272725,820139.5429888739,Ejected,103
0.0012589254117941675,600454.9103416515,Ejected,202
0.0025118864315095794,663245.8319761436,Ejected,180
0.0012589254117941675,600454.9103416515,Ejected,322
0.0025118864315095794,663245.8319761436,Ejected,279
0.0012589254117941675,600454.9103416515,Ejected,404
0.01,1006906.8408440842,Ejected,730
0.0025118864315095794,663245.8319761436,Ejected,420
0.0012589254117941675,600454.9103416515,Ejected,575
0.0012589254117941675,600454.9103416515,Ejected,552
0.0012589254117941675,600454.9103416515,Ejected,569
0.0012589254117941675,600454.9103416515,Ejected,619
0.0012589254117941675,600454.9103416515,Ejected,502
0.005011872336272725,820139.5429888739,Ejected,620
0.0025118864315095794,663245.8319761436,Ejected,538
0.005011872336272725,820139.5429888739,Ejected,647
0.0012589254117941675,600454.9103416515,Ejected,715
0.0025118864315095794,663245.8319761436,Ejected,725
0.0012589254117941675,600454.9103416515,Ejected,796
0.0025118864315095794,663245.8319761436,Ejected,796
0.0012589254117941675,632057.8003596332,Ejected,85
0.0025118864315095794,694828.9668321505,Ejected,90
0.0025118864315095794,694828.9668321505,Ejected,93
0.005011872336272725,851683.3715653691,Ejected,174
0.0025118864315095794,694828.9668321505,Ejected,250
0.0025118864315095794,694828.9668321505,Ejected,261
0.0012589254117941675,632057.8003596332,Ejected,455
0.0012589254117941675,632057.8003596332,Ejected,469
0.01,1069838.5183968395,Ejected,315
0.0012589254117941675,632057.8003596332,Ejected,627
0.0025118864315095794,694828.9668321505,Ejected,562
0.000630957344480193,569030.4901547701,Ejected,368
0.005011872336272725,883227.2001418642,Ejected,234
0.000630957344480193,569030.4901547701,Ejected,596
0.005011872336272725,883227.2001418642,Ejected,463
0.0025118864315095794,726412.1016881573,Ejected,101
0.0012589254117941675,663660.6903776148,Ejected,340
0.005011872336272725,883227.2001418642,Ejected,690
0.0025118864315095794,726412.1016881573,Ejected,385
0.0012589254117941675,663660.6903776148,Ejected,420
0.0025118864315095794,726412.1016881573,Ejected,396
0.0012589254117941675,663660.6903776148,Ejected,481
0.0012589254117941675,663660.6903776148,Ejected,545
0.0025118864315095794,726412.1016881573,Ejected,540
0.005011872336272725,914771.0287183594,Ejected,436
0.0012589254117941675,695263.5803955965,Ejected,36
0.005011872336272725,914771.0287183594,Ejected,750
0.0025118864315095794,757995.2365441641,Ejected,347
0.0012589254117941675,695263.5803955965,Ejected,448
0.0012589254117941675,695263.5803955965,Ejected,452
0.0012589254117941675,695263.5803955965,Ejected,441
0.0012589254117941675,695263.5803955965,Ejected,445
0.005011872336272725,946314.8572948545,Ejected,283
0.0025118864315095794,757995.2365441641,Ejected,542
0.0025118864315095794,757995.2365441641,Ejected,679
0.0012589254117941675,695263.5803955965,Ejected,709
0.005011872336272725,946314.8572948545,Ejected,728
0.0025118864315095794,789578.371400171,Ejected,109
0.0012589254117941675,726866.4704135782,Ejected,263
0.005011872336272725,977858.6858713496,Ejected,215
0.000630957344480193,632256.1001719667,Ejected,532
0.0025118864315095794,789578.371400171,Ejected,305
0.005011872336272725,977858.6858713496,Ejected,351
0.005011872336272725,977858.6858713496,Ejected,318
0.0012589254117941675,726866.4704135782,Ejected,421
0.0012589254117941675,726866.4704135782,Ejected,667
0.0025118864315095794,789578.371400171,Ejected,566
0.005011872336272725,977858.6858713496,Ejected,764
0.0025118864315095794,789578.371400171,Ejected,709
0.0012589254117941675,726866.4704135782,Ejected,792
0.01,1227167.7122787277,Ejected,374
0.01,1227167.7122787277,Ejected,343
0.0025118864315095794,789578.371400171,Ejected,684
0.0012589254117941675,758469.3604315598,Ejected,8
0.01,1227167.7122787277,Ejected,554
0.0025118864315095794,821161.5062561778,Ejected,20
0.0025118864315095794,821161.5062561778,Ejected,144
0.0012589254117941675,758469.3604315598,Ejected,206
0.0012589254117941675,758469.3604315598,Ejected,214
0.0012589254117941675,758469.3604315598,Ejected,373
0.0012589254117941675,758469.3604315598,Ejected,480
0.0012589254117941675,758469.3604315598,Ejected,615
0.0012589254117941675,758469.3604315598,Ejected,656
0.0012589254117941675,758469.3604315598,Ejected,578
0.0012589254117941675,758469.3604315598,Ejected,718
0.0012589254117941675,758469.3604315598,Ejected,758
0.01,1290099.389831483,Ejected,726
0.0025118864315095794,852744.6411121847,Ejected,441
0.0012589254117941675,790072.2504495415,Ejected,495
0.0025118864315095794,852744.6411121847,Ejected,613
0.0012589254117941675,790072.2504495415,Ejected,554
0.01,1321565.2286078604,Ejected,255
0.005011872336272725,1072490.1716008352,Ejected,435
0.01,1321565.2286078604,Ejected,419
0.0012589254117941675,821675.1404675231,Ejected,63
0.005011872336272725,1072490.1716008352,Ejected,642
0.0012589254117941675,821675.1404675231,Ejected,116
0.0012589254117941675,821675.1404675231,Ejected,126
0.000630957344480193,695481.7101891635,Ejected,705
0.0012589254117941675,821675.1404675231,Ejected,242
0.0012589254117941675,821675.1404675231,Ejected,274
0.0012589254117941675,821675.1404675231,Ejected,341
0.0025118864315095794,884327.7759681916,Ejected,363
0.000630957344480193,727094.5151977618,Ejected,44
0.0012589254117941675,821675.1404675231,Ejected,471
0.0012589254117941675,821675.1404675231,Ejected,489
0.0025118864315095794,884327.7759681916,Ejected,455
0.0025118864315095794,884327.7759681916,Ejected,504
0.0025118864315095794,884327.7759681916,Ejected,683
0.0025118864315095794,884327.7759681916,Ejected,594
0.01,1384496.9061606156,Ejected,35
0.0025118864315095794,884327.7759681916,Ejected,781
0.000630957344480193,727094.5151977618,Ejected,404
0.005011872336272725,1135577.8287538255,Ejected,70
0.01,1384496.9061606156,Ejected,545
0.0012589254117941675,853278.0304855048,Ejected,269
0.005011872336272725,1135577.8287538255,Captured,389
0.0012589254117941675,853278.0304855048,Ejected,238
0.000630957344480193,727094.5151977618,Ejected,750
0.0025118864315095794,915910.9108241984,Ejected,428
0.0012589254117941675,853278.0304855048,Ejected,422
0.0025118864315095794,915910.9108241984,Ejected,497
0.0012589254117941675,853278.0304855048,Ejected,560
0.0012589254117941675,853278.0304855048,Ejected,584
0.0025118864315095794,915910.9108241984,Ejected,611
0.0012589254117941675,853278.0304855048,Ejected,665
0.0025118864315095794,915910.9108241984,Ejected,610
0.005011872336272725,1167121.6573303207,Ejected,356
0.0012589254117941675,884880.9205034864,Ejected,141
0.0012589254117941675,884880.9205034864,Ejected,157
0.005011872336272725,1167121.6573303207,Ejected,456
0.0025118864315095794,947494.0456802052,Ejected,175
0.005011872336272725,1167121.6573303207,Ejected,605
0.0025118864315095794,947494.0456802052,Ejected,322
0.0012589254117941675,884880.9205034864,Ejected,390
0.0012589254117941675,884880.9205034864,Ejected,454
0.005011872336272725,1198665.4859068156,Ejected,153
0.0012589254117941675,884880.9205034864,Ejected,534
0.0012589254117941675,884880.9205034864,Ejected,789
0.0012589254117941675,884880.9205034864,Ejected,793
0.0012589254117941675,884880.9205034864,Ejected,795
0.000630957344480193,790320.1252149584,Ejected,39
0.000630957344480193,790320.1252149584,Ejected,47
0.0025118864315095794,947494.0456802052,Ejected,750
0.0012589254117941675,916483.8105214682,Ejected,180
0.0012589254117941675,916483.8105214682,Ejected,224
0.0025118864315095794,979077.180536212,Ejected,256
0.0012589254117941675,916483.8105214682,Ejected,290
0.0012589254117941675,916483.8105214682,Ejected,424
0.000630957344480193,790320.1252149584,Ejected,516
0.0012589254117941675,916483.8105214682,Ejected,533
0.0012589254117941675,916483.8105214682,Ejected,576
0.000630957344480193,790320.1252149584,Ejected,754
0.0012589254117941675,916483.8105214682,Ejected,774
0.005011872336272725,1261753.143059806,Ejected,247
0.0012589254117941675,948086.7005394498,Ejected,259
0.0012589254117941675,948086.7005394498,Ejected,279
0.0025118864315095794,1010660.3153922189,Ejected,278
0.0025118864315095794,1010660.3153922189,Ejected,434
0.0025118864315095794,1010660.3153922189,Ejected,619
0.0012589254117941675,948086.7005394498,Ejected,708
0.0012589254117941675,948086.7005394498,Ejected,750
0.0012589254117941675,979689.5905574315,Ejected,52
0.0025118864315095794,1042243.4502482257,Ejected,177
0.005011872336272725,1293296.9716363011,Ejected,468
0.0012589254117941675,979689.5905574315,Ejected,254
0.0012589254117941675,979689.5905574315,Ejected,298
0.0012589254117941675,979689.5905574315,Ejected,456
0.0025118864315095794,1042243.4502482257,Ejected,768
0.0012589254117941675,1011292.4805754131,Ejected,11
0.005011872336272725,1324840.8002127963,Ejected,471
0.0025118864315095794,1073826.5851042327,Ejected,153
0.0025118864315095794,1073826.5851042327,Ejected,165
0.005011872336272725,1356384.6287892915,Ejected,116
0.0012589254117941675,1011292.4805754131,Ejected,499
0.0025118864315095794,1073826.5851042327,Ejected,551
0.0012589254117941675,1011292.4805754131,Ejected,514
0.005011872336272725,1356384.6287892915,Ejected,578
0.005011872336272725,1356384.6287892915,Ejected,789
0.000630957344480193,885158.5402407534,Ejected,482
0.0012589254117941675,1042895.3705933947,Ejected,186
0.0012589254117941675,1042895.3705933947,Ejected,303
0.0012589254117941675,1042895.3705933947,Ejected,300
0.0012589254117941675,1042895.3705933947,Ejected,655
0.0012589254117941675,1042895.3705933947,Ejected,743
0.0012589254117941675,1042895.3705933947,Ejected,780
0.0012589254117941675,1042895.3705933947,Ejected,714
0.0012589254117941675,1042895.3705933947,Ejected,782
0.0012589254117941675,1074498.2606113765,Ejected,147
0.0012589254117941675,1074498.2606113765,Ejected,209
0.005011872336272725,1419472.2859422818,Ejected,433
0.01,1730621.1327007697,Ejected,684
0.000630957344480193,916771.3452493518,Ejected,667
0.01,1762086.9714771472,Ejected,187
0.0012589254117941675,1074498.2606113765,Ejected,629
0.0012589254117941675,1106101.1506293581,Ejected,12
0.0025118864315095794,1168575.9896722531,Ejected,3
0.0012589254117941675,1106101.1506293581,Ejected,153
0.0012589254117941675,1106101.1506293581,Ejected,146
0.0012589254117941675,1106101.1506293581,Ejected,162
0.0025118864315095794,1168575.9896722531,Ejected,637
0.0012589254117941675,1106101.1506293581,Ejected,612
0.0025118864315095794,1200159.12452826,Ejected,334
0.0012589254117941675,1137704.0406473398,Ejected,328
0.0012589254117941675,1137704.0406473398,Ejected,491
0.0012589254117941675,1137704.0406473398,Ejected,573
0.0012589254117941675,1137704.0406473398,Ejected,699
0.000630957344480193,979996.9552665484,Ejected,564
0.0025118864315095794,1200159.12452826,Ejected,708
0.0025118864315095794,1231742.2593842668,Ejected,52
0.0025118864315095794,1231742.2593842668,Ejected,161
0.0012589254117941675,1169306.9306653214,Ejected,372
0.0025118864315095794,1231742.2593842668,Ejected,356
0.000630957344480193,1011609.7602751468,Ejected,706
0.0025118864315095794,1263325.3942402736,Ejected,383
0.0025118864315095794,1263325.3942402736,Ejected,412
0.0025118864315095794,1263325.3942402736,Ejected,555
0.0012589254117941675,1232512.7107012847,Ejected,40
0.01,1982347.8429117906,Ejected,65
0.0012589254117941675,1232512.7107012847,Ejected,139
0.0012589254117941675,1232512.7107012847,Ejected,192
0.0025118864315095794,1294908.5290962805,Ejected,307
0.0012589254117941675,1232512.7107012847,Ejected,385
0.000630957344480193,1074835.3702923434,Ejected,23
0.0012589254117941675,1232512.7107012847,Ejected,704
0.0012589254117941675,1264115.6007192663,Ejected,291
0.0012589254117941675,1264115.6007192663,Ejected,332
0.0012589254117941675,1264115.6007192663,Ejected,336
0.000630957344480193,1074835.3702923434,Ejected,521
0.0012589254117941675,1264115.6007192663,Ejected,493
0.0012589254117941675,1264115.6007192663,Ejected,426
0.0012589254117941675,1264115.6007192663,Ejected,551
0.0012589254117941675,1264115.6007192663,Ejected,747
0.0025118864315095794,1358074.798808294,Ejected,9
0.0025118864315095794,1358074.798808294,Ejected,294
0.0025118864315095794,1358074.798808294,Ejected,362
0.0012589254117941675,1295718.490737248,Ejected,474
0.0012589254117941675,1295718.490737248,Ejected,740
0.0012589254117941675,1295718.490737248,Ejected,779
0.0012589254117941675,1295718.490737248,Ejected,678
0.0012589254117941675,1327321.3807552296,Ejected,18
0.000630957344480193,1138060.9803095402,Ejected,20
0.005011872336272725,1734910.5717072333,Captured,492
0.0025118864315095794,1389657.933664301,Ejected,233
0.0012589254117941675,1327321.3807552296,Ejected,246
0.0012589254117941675,1327321.3807552296,Ejected,744
0.0012589254117941675,1327321.3807552296,Ejected,745
0.000630957344480193,1138060.9803095402,Ejected,573
0.000630957344480193,1138060.9803095402,Ejected,689
0.000630957344480193,1138060.9803095402,Ejected,717
0.0025118864315095794,1421241.0685203078,Ejected,230
0.0012589254117941675,1358924.2707732113,Ejected,407
0.0012589254117941675,1358924.2707732113,Ejected,521
0.0025118864315095794,1421241.0685203078,Ejected,519
0.000630957344480193,1169673.7853181385,Ejected,488
0.000630957344480193,1169673.7853181385,Ejected,614
0.000630957344480193,1201286.590326737,Ejected,201
0.0012589254117941675,1390527.160791193,Ejected,683
0.0012589254117941675,1422130.0508091748,Ejected,113
0.0012589254117941675,1422130.0508091748,Ejected,86
0.0012589254117941675,1422130.0508091748,Ejected,253
0.0012589254117941675,1422130.0508091748,Ejected,226
0.0012589254117941675,1422130.0508091748,Ejected,388
0.00031622776601683794,1359564.4448506965,Ejected,68
0.0012589254117941675,1422130.0508091748,Ejected,593
0.01,2297006.230675567,Ejected,513
0.0012589254117941675,1453732.9408271564,Ejected,38
0.000630957344480193,1232899.3953353353,Ejected,579
0.0012589254117941675,1453732.9408271564,Ejected,292
0.0012589254117941675,1453732.9408271564,Ejected,359
0.0012589254117941675,1453732.9408271564,Ejected,361
0.000630957344480193,1232899.3953353353,Ejected,653
0.000630957344480193,1232899.3953353353,Ejected,697
0.0025118864315095794,1515990.4730883283,Ejected,423
0.0012589254117941675,1453732.9408271564,Ejected,687
0.0012589254117941675,1485335.830845138,Ejected,75
0.000630957344480193,1264512.2003439334,Ejected,430
0.0012589254117941675,1485335.830845138,Ejected,152
0.0012589254117941675,1485335.830845138,Ejected,334
0.0012589254117941675,1485335.830845138,Ejected,410
0.0012589254117941675,1485335.830845138,Ejected,547
0.000630957344480193,1296125.0053525318,Ejected,12
0.0012589254117941675,1485335.830845138,Ejected,713
0.005011872336272725,1955717.3717426993,Ejected,759
0.0025118864315095794,1579156.742800342,Ejected,442
0.0012589254117941675,1516938.7208631197,Ejected,515
0.0025118864315095794,1579156.742800342,Ejected,547
0.01,2454335.4245574553,Ejected,500
0.0012589254117941675,1548541.6108811013,Ejected,134
0.0012589254117941675,1548541.6108811013,Ejected,251
0.0012589254117941675,1548541.6108811013,Ejected,401
0.000630957344480193,1327737.8103611302,Ejected,423
0.0025118864315095794,1610739.8776563487,Ejected,429
0.0012589254117941675,1548541.6108811013,Ejected,475
0.0012589254117941675,1548541.6108811013,Ejected,646
0.0012589254117941675,1580144.500899083,Ejected,71
0.000630957344480193,1359350.6153697285,Ejected,115
0.0012589254117941675,1580144.500899083,Ejected,383
0.0012589254117941675,1580144.500899083,Ejected,378
0.005011872336272725,2081892.68604868,Ejected,454
0.000630957344480193,1359350.6153697285,Ejected,540
0.0012589254117941675,1580144.500899083,Ejected,522
0.0012589254117941675,1580144.500899083,Ejected,598
0.000630957344480193,1390963.420378327,Ejected,114
0.0012589254117941675,1643350.2809350463,Ejected,376
0.0012589254117941675,1643350.2809350463,Ejected,603
0.005011872336272725,2208068.0003546607,Ejected,81
0.0012589254117941675,1674953.170953028,Ejected,414
0.000630957344480193,1454189.0303955236,Ejected,33
0.000630957344480193,1454189.0303955236,Ejected,58
0.0012589254117941675,1674953.170953028,Ejected,719
0.0012589254117941675,1706556.0609710095,Ejected,66
0.0012589254117941675,1706556.0609710095,Ejected,425
0.0025118864315095794,1768655.5519363831,Ejected,651
0.0012589254117941675,1706556.0609710095,Ejected,731
0.005011872336272725,2271155.657507651,Ejected,194
0.005011872336272725,2271155.657507651,Ejected,310
0.0012589254117941675,1738158.9509889912,Ejected,413
0.0012589254117941675,1738158.9509889912,Ejected,589
0.005011872336272725,2302699.486084146,Ejected,118
0.0012589254117941675,1738158.9509889912,Ejected,686
0.005011872336272725,2302699.486084146,Ejected,576
0.000630957344480193,1517414.6404127202,Ejected,332
0.000630957344480193,1517414.6404127202,Ejected,344
0.000630957344480193,1517414.6404127202,Ejected,435
0.000630957344480193,1517414.6404127202,Ejected,632
0.0012589254117941675,1769761.8410069728,Ejected,761
0.0012589254117941675,1801364.7310249545,Ejected,276
0.000630957344480193,1580640.250429917,Ejected,217
0.000630957344480193,1580640.250429917,Ejected,285
0.0012589254117941675,1832967.6210429363,Ejected,597
0.0012589254117941675,1832967.6210429363,Ejected,640
0.00031622776601683794,1738977.7782974024,Ejected,122
0.000630957344480193,1580640.250429917,Ejected,745
0.0012589254117941675,1864570.511060918,Ejected,174
0.0012589254117941675,1864570.511060918,Ejected,395
0.0012589254117941675,1864570.511060918,Ejected,752
0.0012589254117941675,1864570.511060918,Ejected,785
0.000630957344480193,1612253.0554385153,Ejected,495
0.000630957344480193,1643865.8604471136,Ejected,308
0.000630957344480193,1643865.8604471136,Ejected,337
0.000630957344480193,1675478.665455712,Ejected,190
0.0012589254117941675,1959379.181114863,Ejected,329
0.0025118864315095794,2021320.6307844378,Ejected,271
0.0012589254117941675,1959379.181114863,Ejected,610
0.0012589254117941675,1959379.181114863,Ejected,666
0.0025118864315095794,2084486.9004964514,Ejected,565
0.0012589254117941675,2022584.9611508262,Ejected,777
0.0012589254117941675,2054187.8511688078,Ejected,154
0.000630957344480193,1770317.080481507,Ejected,7
0.0012589254117941675,2054187.8511688078,Ejected,393
0.000630957344480193,1770317.080481507,Ejected,269
0.0012589254117941675,2054187.8511688078,Ejected,649
0.000630957344480193,1770317.080481507,Ejected,709
0.0025118864315095794,2147653.1702084653,Ejected,284
0.0012589254117941675,2085790.7411867895,Ejected,571
0.000630957344480193,1801929.8854901053,Ejected,188
0.0025118864315095794,2147653.1702084653,Ejected,774
0.0025118864315095794,2179236.305064472,Ejected,215
0.000630957344480193,1833542.6904987036,Ejected,593
0.0025118864315095794,2210819.439920479,Ejected,352
0.000630957344480193,1865155.495507302,Ejected,339
0.0012589254117941675,2180599.4112407346,Ejected,257
0.000630957344480193,1896768.3005159004,Ejected,171
0.0012589254117941675,2212202.3012587163,Ejected,176
0.0012589254117941675,2212202.3012587163,Ejected,428
0.000630957344480193,1896768.3005159004,Ejected,446
0.0025118864315095794,2273985.7096324926,Ejected,600
0.0012589254117941675,2243805.191276698,Ejected,244
0.000630957344480193,1959993.9105330969,Ejected,126
0.0025118864315095794,2337151.9793445063,Ejected,371
0.000630957344480193,1959993.9105330969,Ejected,292
0.0012589254117941675,2275408.0812946795,Ejected,698
0.0012589254117941675,2307010.971312661,Ejected,685
0.0012589254117941675,2307010.971312661,Ejected,797
0.000630957344480193,2023219.5205502936,Ejected,393
0.000630957344480193,2054832.325558892,Ejected,94
0.005011872336272725,3122839.02907302,Ejected,167
0.000630957344480193,2054832.325558892,Ejected,572
0.000630957344480193,2086445.1305674904,Ejected,35
0.000630957344480193,2086445.1305674904,Ejected,119
0.000630957344480193,2086445.1305674904,Ejected,426
0.0012589254117941675,2433422.5313845878,Ejected,672
0.0012589254117941675,2465025.4214025694,Ejected,405
0.0025118864315095794,2526650.7884805473,Ejected,461
0.0025118864315095794,2526650.7884805473,Ejected,685
0.000630957344480193,2118057.9355760887,Ejected,577
0.000630957344480193,2118057.9355760887,Ejected,613
0.000630957344480193,2149670.740584687,Ejected,22
0.0025118864315095794,2558233.923336554,Ejected,390
0.005011872336272725,3249014.3433790007,Ejected,696
0.000630957344480193,2149670.740584687,Ejected,476
0.0012589254117941675,2528231.2014385327,Ejected,149
0.000630957344480193,2181283.5455932855,Ejected,373
0.000630957344480193,2212896.3506018836,Ejected,62
0.0012589254117941675,2591436.981474496,Ejected,175
0.0025118864315095794,2652983.3279045746,Ejected,644
0.005011872336272725,3406733.4862614763,Captured,80
0.000630957344480193,2276121.9606190803,Ejected,63
0.0025118864315095794,2716149.597616588,Captured,128
0.0012589254117941675,2717848.5415464225,Ejected,144
0.0025118864315095794,2779315.867328602,Ejected,762
0.000630957344480193,2370960.375644875,Ejected,464
0.0012589254117941675,2781054.321582386,Ejected,391
0.005011872336272725,3595996.4577204473,Captured,640
0.000630957344480193,2402573.180653474,Ejected,675
0.005011872336272725,3659084.1148734377,Ejected,62
0.000630957344480193,2434185.985662072,Ejected,598
0.000630957344480193,2434185.985662072,Ejected,679
0.000630957344480193,2465798.7906706706,Ejected,57
0.000630957344480193,2465798.7906706706,Ejected,388
0.000630957344480193,2465798.7906706706,Ejected,396
0.000630957344480193,2497411.5956792687,Ejected,30
0.000630957344480193,2497411.5956792687,Ejected,88
0.000630957344480193,2497411.5956792687,Ejected,294
0.0012589254117941675,2907465.881654313,Ejected,501
0.000630957344480193,2497411.5956792687,Ejected,691
0.0012589254117941675,2939068.7716722945,Ejected,49
0.00031622776601683794,2782364.445275844,Ejected,295
0.000630957344480193,2529024.400687867,Ejected,794
0.000630957344480193,2560637.2056964654,Ejected,51
0.0012589254117941675,3002274.5517082578,Ejected,151
0.0025118864315095794,3063564.0810326636,Captured,209
0.0025118864315095794,3063564.0810326636,Ejected,479
0.000630957344480193,2592250.0107050636,Ejected,135
0.0025118864315095794,3063564.0810326636,Captured,531
0.00031622776601683794,2845600.0008502947,Ejected,482
0.0012589254117941675,3033877.4417262394,Ejected,109
0.0025118864315095794,3095147.21588867,Ejected,121
0.0025118864315095794,3095147.21588867,Ejected,361
0.000630957344480193,2623862.815713662,Ejected,76
0.000630957344480193,2623862.815713662,Ejected,186
0.000630957344480193,2655475.6207222603,Ejected,682
0.0012589254117941675,3128686.1117801843,Ejected,44
0.005011872336272725,4100697.7149443696,Captured,529
0.000630957344480193,2718701.230739457,Ejected,674
0.000630957344480193,2750314.035748055,Ejected,176
0.0025118864315095794,3284646.025024711,Ejected,739
0.0012589254117941675,3223494.7818341292,Captured,470
0.00031622776601683794,3066924.4453608734,Ejected,788
0.000630957344480193,2813539.645765252,Ejected,796
0.000630957344480193,2845152.4507738505,Ejected,150
0.000630957344480193,2845152.4507738505,Ejected,325
0.0012589254117941675,3318303.451888074,Ejected,348
0.000630957344480193,2876765.2557824487,Ejected,38
0.00031622776601683794,3161777.77872255,Ejected,649
0.000630957344480193,2876765.2557824487,Ejected,437
0.00031622776601683794,3193395.5565097756,Ejected,438
0.0012589254117941675,3381509.2319240374,Ejected,444
0.0012589254117941675,3381509.2319240374,Ejected,394
0.000630957344480193,2908378.0607910473,Ejected,570
0.000630957344480193,2939990.8657996454,Ejected,40
0.0012589254117941675,3413112.121942019,Ejected,275
0.000630957344480193,2939990.8657996454,Ejected,230
0.00031622776601683794,3288248.889871452,Ejected,138
0.000630957344480193,2971603.6708082436,Ejected,436
0.000630957344480193,2971603.6708082436,Ejected,509
0.0025118864315095794,3568894.238728773,Captured,131
0.00031622776601683794,3351484.445445903,Ejected,257
0.000630957344480193,3034829.2808254403,Ejected,610
0.000630957344480193,3034829.2808254403,Ejected,770
0.00031622776601683794,3351484.445445903,Ejected,797
0.00031622776601683794,3383102.2232331284,Ejected,181
0.00031622776601683794,3383102.2232331284,Ejected,374
0.000630957344480193,3098054.890842637,Ejected,0
0.0025118864315095794,3663643.6432967936,Ejected,675
0.000630957344480193,3098054.890842637,Ejected,330
0.0025118864315095794,3695226.7781528,Ejected,70
0.00031622776601683794,3446337.7788075795,Ejected,664
0.000630957344480193,3129667.6958512357,Ejected,378
0.00031622776601683794,3477955.556594805,Ejected,671
0.000630957344480193,3161280.500859834,Ejected,590
0.000630957344480193,3192893.305868432,Ejected,467
0.000630957344480193,3192893.305868432,Ejected,560
0.000630957344480193,3192893.305868432,Ejected,385
0.000630957344480193,3224506.1108770305,Ejected,130
0.000630957344480193,3256118.9158856287,Ejected,24
0.000630957344480193,3256118.9158856287,Ejected,134
0.000630957344480193,3256118.9158856287,Ejected,313
0.0012589254117941675,3855552.5821937625,Ejected,355
0.000630957344480193,3319344.5259028254,Ejected,726
0.000630957344480193,3350957.330911424,Ejected,299
0.000630957344480193,3350957.330911424,Ejected,496
0.0025118864315095794,4011058.1267128685,Captured,614
0.000630957344480193,3414182.9409286203,Ejected,355
0.0025118864315095794,4074224.3964248826,Captured,640
0.000630957344480193,3509021.3559544156,Ejected,562
0.000630957344480193,3509021.3559544156,Ejected,785
0.000630957344480193,3540634.160963014,Ejected,170
0.000630957344480193,3540634.160963014,Ejected,627
0.0025118864315095794,4232140.0707049165,Ejected,592
0.000630957344480193,3572246.9659716124,Ejected,725
0.00031622776601683794,4047075.556764864,Ejected,86
0.0012589254117941675,4234787.262409543,Ejected,338
0.000630957344480193,3667085.3809974073,Ejected,328
0.00031622776601683794,4078693.334552089,Ejected,601
0.000630957344480193,3698698.1860060054,Ejected,643
0.0012589254117941675,4297993.042445506,Ejected,705
0.00031622776601683794,4173546.667913766,Ejected,224
0.00031622776601683794,4173546.667913766,Ejected,307
0.000630957344480193,3761923.796023202,Ejected,510
0.000630957344480193,3793536.6010318007,Ejected,241
0.000630957344480193,3793536.6010318007,Ejected,711
0.000630957344480193,3856762.211048997,Ejected,220
0.000630957344480193,3888375.0160575956,Ejected,730
0.0012589254117941675,4550816.162589359,Ejected,203
0.000630957344480193,3951600.6260747924,Ejected,263
0.00031622776601683794,4394871.112424345,Ejected,368
0.000630957344480193,4014826.236091989,Ejected,214
0.000630957344480193,4014826.236091989,Ejected,514
0.000630957344480193,4046439.041100587,Ejected,37
0.00031622776601683794,4521342.223573246,Ejected,603
0.000630957344480193,4078051.8461091854,Ejected,567
0.00031622776601683794,4552960.001360472,Ejected,249
0.000630957344480193,4109664.651117784,Ejected,456
0.000630957344480193,4141277.456126382,Ejected,664
0.000630957344480193,4141277.456126382,Ejected,690
0.000630957344480193,4172890.2611349807,Ejected,639
0.000630957344480193,4204503.066143579,Ejected,92
0.00031622776601683794,4679431.112509374,Ejected,269
0.000630957344480193,4236115.871152177,Ejected,315
0.00031622776601683794,4742666.668083825,Ejected,604
0.000630957344480193,4267728.676160776,Ejected,262
0.00031622776601683794,4774284.4458710505,Ejected,419
0.000630957344480193,4330954.286177972,Ejected,49
0.00031622776601683794,4837520.001445501,Ejected,191
0.00031622776601683794,4869137.779232726,Ejected,670
0.000630957344480193,4362567.091186571,Ejected,789
0.000630957344480193,4394179.896195169,Ejected,34
0.000630957344480193,4394179.896195169,Ejected,86
0.000630957344480193,4394179.896195169,Ejected,198
0.000630957344480193,4394179.896195169,Ejected,359
0.00031622776601683794,4932373.334807178,Ejected,609
0.000630957344480193,4425792.701203767,Ejected,603
0.000630957344480193,4457405.506212366,Ejected,71
0.000630957344480193,4457405.506212366,Ejected,558
0.000630957344480193,4489018.311220964,Ejected,633
0.000630957344480193,4615469.531255357,Ejected,121
0.000630957344480193,4647082.336263956,Ejected,157
0.000630957344480193,4647082.336263956,Ejected,492
0.000630957344480193,4678695.141272554,Ejected,307
0.000630957344480193,4678695.141272554,Ejected,533
0.000630957344480193,4741920.75128975,Ejected,494
0.000630957344480193,4805146.361306948,Ejected,74
0.00031622776601683794,5343404.446041109,Ejected,274
0.000630957344480193,4836759.166315545,Ejected,468
0.00031622776601683794,5375022.223828335,Ejected,769
0.00031622776601683794,5501493.334977237,Ejected,528
0.00031622776601683794,5533111.112764462,Ejected,545
0.00031622776601683794,5627964.446126139,Ejected,197
0.000630957344480193,5089661.606384332,Ejected,793
0.00031622776601683794,5659582.223913364,Ejected,131
0.00031622776601683794,5659582.223913364,Ejected,207
0.000630957344480193,5152887.2164015295,Ejected,309
0.00031622776601683794,5722817.779487816,Ejected,162
0.000630957344480193,5216112.826418726,Ejected,490
0.00031622776601683794,5786053.335062266,Ejected,90
0.00031622776601683794,5786053.335062266,Ejected,543
0.000630957344480193,5342564.046453119,Ejected,348
0.00031622776601683794,5880906.668423943,Ejected,483
0.000630957344480193,5374176.851461718,Ejected,710
0.00031622776601683794,5944142.223998394,Ejected,373
0.00031622776601683794,5944142.223998394,Ejected,795
0.000630957344480193,5437402.461478914,Ejected,696
0.00031622776601683794,6007377.7795728445,Ejected,376
0.00031622776601683794,6038995.557360071,Ejected,172
0.000630957344480193,5563853.681513308,Ejected,408
0.00031622776601683794,6165466.668508972,Ejected,391
0.00031622776601683794,6197084.446296198,Ejected,412
0.000630957344480193,5690304.901547701,Ejected,720
0.00031622776601683794,6291937.779657874,Ejected,548
0.000630957344480193,5785143.316573496,Ejected,236
0.00031622776601683794,6386791.113019551,Ejected,63
0.00031622776601683794,6418408.8908067765,Ejected,329
0.00031622776601683794,6481644.446381227,Ejected,251
0.00031622776601683794,6481644.446381227,Ejected,396
0.00031622776601683794,6576497.779742904,Ejected,665
0.00031622776601683794,6608115.557530129,Ejected,7
0.000630957344480193,6006432.951633684,Ejected,200
0.000630957344480193,6006432.951633684,Ejected,512
0.000630957344480193,6038045.756642283,Ejected,528
0.000630957344480193,6038045.756642283,Ejected,502
0.00031622776601683794,6797822.224253482,Ejected,130
0.00031622776601683794,6829440.0020407075,Ejected,414
0.00031622776601683794,6892675.557615159,Ejected,148
0.00031622776601683794,6892675.557615159,Ejected,600
0.00031622776601683794,6955911.11318961,Ejected,654
0.00031622776601683794,7050764.446551287,Ejected,84
0.00031622776601683794,7177235.557700188,Ejected,252
0.00031622776601683794,7240471.1132746395,Ejected,248
0.000630957344480193,6607076.246797052,Ejected,734
0.00031622776601683794,7272088.891061865,Ejected,432
0.000630957344480193,6701914.661822848,Ejected,419
0.00031622776601683794,7398560.002210767,Ejected,256
0.00031622776601683794,7398560.002210767,Ejected,512
0.00031622776601683794,7430177.779997992,Ejected,581
0.000630957344480193,6796753.076848643,Ejected,131
0.00031622776601683794,7525031.113359669,Ejected,413
0.00031622776601683794,7683120.002295797,Ejected,208
0.000630957344480193,7018042.711908831,Ejected,523
0.00031622776601683794,7714737.780083022,Ejected,418
0.000630957344480193,7112881.126934626,Ejected,199
0.00031622776601683794,7841208.891231923,Ejected,632
0.000630957344480193,7144493.931943225,Ejected,623
0.00031622776601683794,7904444.446806375,Ejected,42
0.00031622776601683794,7999297.780168051,Ejected,541
0.00031622776601683794,7999297.780168051,Ejected,721
0.000630957344480193,7365783.567003413,Ejected,43
0.000630957344480193,7365783.567003413,Ejected,163
0.00031622776601683794,8094151.113529728,Ejected,236
0.000630957344480193,7397396.372012011,Captured,141
0.000630957344480193,7397396.372012011,Ejected,655
0.000630957344480193,7397396.372012011,Ejected,665
0.00031622776601683794,8315475.558040306,Ejected,149
0.000630957344480193,7618686.007072199,Ejected,529
0.00031622776601683794,8410328.891401982,Ejected,126
0.00031622776601683794,8410328.891401982,Ejected,214
0.00031622776601683794,8410328.891401982,Ejected,285
0.00031622776601683794,8473564.446976434,Ejected,308
0.000630957344480193,7808362.83712379,Ejected,203
0.00031622776601683794,8536800.002550885,Ejected,279
0.000630957344480193,7839975.6421323875,Ejected,767
0.00031622776601683794,8631653.335912561,Ejected,662
0.000630957344480193,7966426.862166781,Ejected,274
0.000630957344480193,7966426.862166781,Ejected,607
0.000630957344480193,7998039.66717538,Ejected,259
0.00031622776601683794,8758124.447061464,Ejected,262
0.000630957344480193,8092878.082201174,Ejected,204
0.00031622776601683794,8852977.78042314,Ejected,533
0.000630957344480193,8219329.302235568,Ejected,485
0.000630957344480193,8250942.107244167,Ejected,669
0.00031622776601683794,9169155.558295395,Ejected,428
0.000630957344480193,8535457.352321552,Ejected,312
0.00031622776601683794,9327244.447231522,Ejected,400
0.000630957344480193,8756746.98738174,Ejected,636
0.00031622776601683794,9548568.891742101,Ejected,518
0.00031622776601683794,9580186.669529326,Ejected,293
0.000630957344480193,9136100.647484919,Ejected,736
0.000630957344480193,9167713.452493519,Ejected,713
0.00031622776601683794,10054453.336337708,Ejected,355
0.000630957344480193,9357390.282545108,Ejected,414
0.00031622776601683794,10117688.89191216,Ejected,299
0.00031622776601683794,10180924.447486611,Ejected,771
0.00031622776601683794,10212542.225273836,Ejected,519
0.00031622776601683794,10275777.780848287,Ejected,272
0.000630957344480193,9641905.527622493,Ejected,110
0.00031622776601683794,10465484.44757164,Ejected,433
0.000630957344480193,9831582.357674083,Ejected,513
0.00031622776601683794,10591955.558720542,Ejected,506
0.00031622776601683794,10718426.669869443,Ejected,513
0.000630957344480193,9989646.382717075,Ejected,740
0.00031622776601683794,10750044.44765667,Ejected,485
0.00031622776601683794,10750044.44765667,Ejected,737
0.00031622776601683794,10908133.336592797,Ejected,395
0.00031622776601683794,10971368.892167248,Ejected,539
0.00031622776601683794,11066222.225528924,Ejected,496
0.00031622776601683794,11129457.781103376,Ejected,65
0.00031622776601683794,11287546.670039503,Ejected,88
0.00031622776601683794,11319164.447826728,Ejected,347
0.000630957344480193,10590289.677880444,Ejected,255
0.000630957344480193,10590289.677880444,Ejected,582
0.00031622776601683794,11382400.003401179,Ejected,643
0.00031622776601683794,11572106.670124533,Ejected,178
0.00031622776601683794,11761813.336847886,Ejected,225
0.00031622776601683794,11983137.781358464,Ejected,420
0.00031622776601683794,12014755.559145689,Ejected,66
0.00031622776601683794,12172844.448081817,Ejected,740
0.00031622776601683794,12267697.781443493,Ejected,704
0.00031622776601683794,12299315.559230719,Ejected,110
0.00031622776601683794,12330933.337017944,Ejected,134
0.00031622776601683794,12425786.670379622,Ejected,77
0.00031622776601683794,12583875.559315749,Ejected,587
0.00031622776601683794,12583875.559315749,Ejected,685
0.00031622776601683794,12963288.892762454,Ejected,364
0.00031622776601683794,12994906.67054968,Ejected,507
0.00031622776601683794,13279466.67063471,Ejected,634
0.00031622776601683794,13342702.22620916,Ejected,503
0.00031622776601683794,13342702.22620916,Ejected,672
0.00031622776601683794,13469173.337358063,Ejected,8
0.00031622776601683794,13595644.448506964,Ejected,266
0.00031622776601683794,13595644.448506964,Ejected,728
0.00031622776601683794,13627262.22629419,Ejected,312
0.000630957344480193,12929637.24851672,Ejected,55
0.000630957344480193,12961250.05352532,Ejected,416
0.00031622776601683794,13785351.115230318,Ejected,52
0.00031622776601683794,13975057.78195367,Ejected,238
0.00031622776601683794,14069911.115315348,Ejected,403
0.00031622776601683794,14069911.115315348,Ejected,736
0.00031622776601683794,14133146.670889799,Ejected,231
0.00031622776601683794,14259617.7820387,Ejected,296
0.00031622776601683794,14544177.78212373,Ejected,333
0.00031622776601683794,14670648.89327263,Ejected,430
0.00031622776601683794,14733884.448847083,Ejected,448
0.00031622776601683794,14733884.448847083,Ejected,752
0.00031622776601683794,14955208.89335766,Ejected,779
0.00031622776601683794,14986826.671144886,Ejected,38
0.00031622776601683794,15619182.226889396,Ejected,330
0.00031622776601683794,15840506.671399975,Ejected,294
0.00031622776601683794,15903742.226974426,Ejected,324
0.00031622776601683794,16283155.560421132,Ejected,298
0.00031622776601683794,16378008.89378281,Ejected,619
0.00031622776601683794,16630951.116080612,Ejected,532
0.00031622776601683794,16820657.782803964,Ejected,48
0.00031622776601683794,17294924.44961235,Ejected,461
0.00031622776601683794,17421395.56076125,Ejected,616
0.00031622776601683794,17547866.67191015,Ejected,163
0.00031622776601683794,17611102.227484602,Ejected,70
0.00031622776601683794,17895662.227569632,Ejected,343
0.00031622776601683794,18148604.449867435,Ejected,677
0.00031622776601683794,18464782.22773969,Ejected,202
0.00031622776601683794,20235377.78382432,Ejected,698
0.00031622776601683794,20741262.228419926,Ejected,626
0.00031622776601683794,20836115.561781604,Ejected,209
0.00031622776601683794,20962586.672930505,Ejected,23
0.00031622776601683794,21089057.784079406,Ejected,439
0.00031622776601683794,21310382.228589986,Ejected,529
0.00031622776601683794,21626560.006462242,Ejected,335
0.00031622776601683794,22132444.451057848,Ejected,493
0.00031622776601683794,22258915.562206753,Ejected,462
0.00031622776601683794,22543475.562291782,Ejected,674
0.00031622776601683794,23239066.673610743,Ejected,709
