0.005011872336272725,0.0,Captured,518
0.005011872336272725,0.0,Captured,520
0.005011872336272725,352670.7248382179,Ejected,94
0.005011872336272725,352670.7248382179,Ejected,83
0.0012589254117941675,0.0,Captured,172
0.01,0.0,Captured,221
0.01,351798.7723651459,Ejected,2
0.01,351798.7723651459,Ejected,22
0.01,351798.7723651459,Ejected,15
0.01,351798.7723651459,Ejected,23
0.01,351798.7723651459,Ejected,27
0.01,351798.7723651459,Ejected,34
0.01,351798.7723651459,Ejected,54
0.01,351798.7723651459,Ejected,62
0.005011872336272725,352670.7248382179,Ejected,173
0.01,351798.7723651459,Ejected,21
0.01,351798.7723651459,Ejected,36
0.01,351798.7723651459,Ejected,40
0.005011872336272725,352670.7248382179,Ejected,239
0.005011872336272725,352670.7248382179,Ejected,298
0.01,351798.7723651459,Ejected,61
0.01,351798.7723651459,Ejected,107
0.01,351798.7723651459,Ejected,110
0.01,351798.7723651459,Ejected,122
0.01,351798.7723651459,Ejected,119
0.005011872336272725,352670.7248382179,Ejected,220
0.01,351798.7723651459,Ejected,135
0.01,351798.7723651459,Ejected,139
0.01,351798.7723651459,Ejected,105
0.01,351798.7723651459,Ejected,109
0.01,351798.7723651459,Ejected,149
0.01,351798.7723651459,Ejected,112
0.01,351798.7723651459,Ejected,174
0.01,351798.7723651459,Ejected,178
0.01,351798.7723651459,Ejected,190
0.01,351798.7723651459,Ejected,169
0.01,351798.7723651459,Ejected,210
0.01,351798.7723651459,Ejected,128
0.01,351798.7723651459,Ejected,226
0.01,351798.7723651459,Ejected,136
0.01,351798.7723651459,Ejected,140
0.01,351798.7723651459,Ejected,231
0.005011872336272725,352670.7248382179,Ejected,300
0.01,351798.7723651459,Ejected,229
0.01,351798.7723651459,Ejected,168
0.005011872336272725,352670.7248382179,Ejected,332
0.01,351798.7723651459,Ejected,259
0.01,351798.7723651459,Ejected,263
0.01,351798.7723651459,Ejected,279
0.01,351798.7723651459,Ejected,298
0.01,351798.7723651459,Ejected,302
0.01,351798.7723651459,Ejected,310
0.01,351798.7723651459,Ejected,338
0.01,351798.7723651459,Ejected,252
0.01,351798.7723651459,Ejected,346
0.01,351798.7723651459,Ejected,291
0.005011872336272725,352670.7248382179,Ejected,375
0.01,351798.7723651459,Ejected,273
0.01,351798.7723651459,Ejected,362
0.01,351798.7723651459,Ejected,323
0.01,351798.7723651459,Ejected,289
0.01,351798.7723651459,Ejected,378
0.005011872336272725,352670.7248382179,Ejected,530
0.01,351798.7723651459,Ejected,386
0.01,351798.7723651459,Ejected,398
0.01,351798.7723651459,Ejected,355
0.01,351798.7723651459,Ejected,312
0.01,351798.7723651459,Ejected,406
0.01,351798.7723651459,Ejected,371
0.01,351798.7723651459,Ejected,341
0.01,351798.7723651459,Ejected,422
0.01,351798.7723651459,Ejected,399
0.01,351798.7723651459,Ejected,434
0.01,351798.7723651459,Ejected,320
0.01,351798.7723651459,Ejected,361
0.01,351798.7723651459,Ejected,324
0.01,351798.7723651459,Ejected,336
0.01,351798.7723651459,Ejected,381
0.01,351798.7723651459,Ejected,411
0.01,351798.7723651459,Ejected,415
0.01,351798.7723651459,Ejected,447
0.01,351798.7723651459,Ejected,409
0.01,351798.7723651459,Ejected,413
0.01,351798.7723651459,Ejected,479
0.01,351798.7723651459,Ejected,483
0.01,351798.7723651459,Ejected,425
0.01,351798.7723651459,Ejected,429
0.005011872336272725,352670.7248382179,Ejected,433
0.005011872336272725,352670.7248382179,Ejected,451
0.01,351798.7723651459,Ejected,466
0.005011872336272725,352670.7248382179,Ejected,463
0.005011872336272725,352670.7248382179,Ejected,468
0.01,351798.7723651459,Ejected,412
0.01,351798.7723651459,Ejected,457
0.01,351798.7723651459,Ejected,469
0.01,351798.7723651459,Ejected,436
0.01,351798.7723651459,Ejected,523
0.01,351798.7723651459,Ejected,485
0.01,351798.7723651459,Ejected,444
0.01,351798.7723651459,Ejected,452
0.01,351798.7723651459,Ejected,502
0.01,351798.7723651459,Ejected,506
0.005011872336272725,352670.7248382179,Ejected,630
0.01,351798.7723651459,Ejected,559
0.01,351798.7723651459,Ejected,522
0.01,351798.7723651459,Ejected,526
0.01,351798.7723651459,Ejected,534
0.01,351798.7723651459,Ejected,554
0.01,351798.7723651459,Ejected,549
0.01,351798.7723651459,Ejected,582
0.01,351798.7723651459,Ejected,512
0.01,351798.7723651459,Ejected,532
0.01,351798.7723651459,Ejected,607
0.01,351798.7723651459,Ejected,569
0.01,351798.7723651459,Ejected,650
0.01,351798.7723651459,Ejected,658
0.005011872336272725,352670.7248382179,Ejected,624
0.01,351798.7723651459,Ejected,627
0.01,351798.7723651459,Ejected,593
0.01,351798.7723651459,Ejected,643
0.01,351798.7723651459,Ejected,694
0.01,351798.7723651459,Ejected,601
0.01,351798.7723651459,Ejected,608
0.01,351798.7723651459,Ejected,621
0.01,351798.7723651459,Ejected,616
0.01,351798.7723651459,Ejected,629
0.01,351798.7723651459,Ejected,620
0.01,351798.7723651459,Ejected,637
0.005011872336272725,352670.7248382179,Ejected,605
0.01,351798.7723651459,Ejected,649
0.01,351798.7723651459,Ejected,683
0.01,351798.7723651459,Ejected,687
0.005011872336272725,352670.7248382179,Ejected,762
0.01,351798.7723651459,Ejected,660
0.01,351798.7723651459,Ejected,672
0.01,351798.7723651459,Ejected,718
0.01,351798.7723651459,Ejected,684
0.01,351798.7723651459,Ejected,697
0.01,351798.7723651459,Ejected,711
0.01,351798.7723651459,Ejected,738
0.01,351798.7723651459,Ejected,720
0.01,351798.7723651459,Ejected,766
0.01,351798.7723651459,Ejected,721
0.01,351798.7723651459,Ejected,735
0.005011872336272725,352670.7248382179,Ejected,724
0.01,351798.7723651459,Ejected,749
0.01,351798.7723651459,Ejected,790
0.01,351798.7723651459,Ejected,769
0.005011872336272725,352670.7248382179,Ejected,756
0.01,351798.7723651459,Ejected,791
0.01,703597.5447302918,Ejected,10
0.01,703597.5447302918,Ejected,18
0.01,703597.5447302918,Ejected,26
0.01,703597.5447302918,Ejected,38
0.01,703597.5447302918,Ejected,42
0.01,703597.5447302918,Ejected,66
0.01,703597.5447302918,Ejected,47
0.005011872336272725,352670.7248382179,Ejected,776
0.01,703597.5447302918,Ejected,8
0.01,703597.5447302918,Ejected,12
0.01,703597.5447302918,Ejected,59
0.01,703597.5447302918,Ejected,67
0.01,703597.5447302918,Ejected,29
0.01,703597.5447302918,Ejected,87
0.01,703597.5447302918,Ejected,95
0.01,703597.5447302918,Ejected,90
0.01,703597.5447302918,Ejected,114
0.01,703597.5447302918,Ejected,118
0.01,703597.5447302918,Ejected,53
0.01,703597.5447302918,Ejected,57
0.01,703597.5447302918,Ejected,130
0.01,703597.5447302918,Ejected,151
0.01,703597.5447302918,Ejected,167
0.01,703597.5447302918,Ejected,64
0.005011872336272725,705341.4496764358,Ejected,27
0.005011872336272725,705341.4496764358,Ejected,25
0.01,703597.5447302918,Ejected,125
0.01,703597.5447302918,Ejected,158
0.01,703597.5447302918,Ejected,80
0.005011872336272725,705341.4496764358,Ejected,45
0.005011872336272725,705341.4496764358,Ejected,48
0.01,703597.5447302918,Ejected,211
0.005011872336272725,705341.4496764358,Ejected,66
0.005011872336272725,705341.4496764358,Ejected,74
0.01,703597.5447302918,Ejected,181
0.01,703597.5447302918,Ejected,185
0.005011872336272725,705341.4496764358,Ejected,84
0.005011872336272725,705341.4496764358,Ejected,75
0.01,703597.5447302918,Ejected,227
0.005011872336272725,705341.4496764358,Ejected,118
0.01,703597.5447302918,Ejected,282
0.01,703597.5447302918,Ejected,201
0.005011872336272725,705341.4496764358,Ejected,142
0.01,703597.5447302918,Ejected,217
0.005011872336272725,705341.4496764358,Ejected,128
0.005011872336272725,705341.4496764358,Ejected,190
0.005011872336272725,705341.4496764358,Ejected,123
0.01,703597.5447302918,Ejected,251
0.005011872336272725,705341.4496764358,Ejected,206
0.005011872336272725,705341.4496764358,Ejected,139
0.005011872336272725,705341.4496764358,Ejected,143
0.01,703597.5447302918,Ejected,172
0.01,703597.5447302918,Ejected,330
0.01,703597.5447302918,Ejected,342
0.01,703597.5447302918,Ejected,192
0.01,703597.5447302918,Ejected,200
0.01,703597.5447302918,Ejected,216
0.01,703597.5447302918,Ejected,228
0.01,703597.5447302918,Ejected,232
0.01,703597.5447302918,Ejected,295
0.01,703597.5447302918,Ejected,299
0.01,703597.5447302918,Ejected,303
0.01,703597.5447302918,Ejected,240
0.005011872336272725,705341.4496764358,Ejected,180
0.01,703597.5447302918,Ejected,347
0.005011872336272725,705341.4496764358,Ejected,141
0.01,703597.5447302918,Ejected,430
0.01,703597.5447302918,Ejected,293
0.01,703597.5447302918,Ejected,363
0.01,703597.5447302918,Ejected,375
0.01,703597.5447302918,Ejected,284
0.01,703597.5447302918,Ejected,288
0.01,703597.5447302918,Ejected,300
0.01,703597.5447302918,Ejected,304
0.01,703597.5447302918,Ejected,391
0.01,703597.5447302918,Ejected,395
0.01,703597.5447302918,Ejected,305
0.01,703597.5447302918,Ejected,317
0.01,703597.5447302918,Ejected,333
0.01,703597.5447302918,Ejected,427
0.01,703597.5447302918,Ejected,431
0.01,703597.5447302918,Ejected,439
0.01,703597.5447302918,Ejected,443
0.005011872336272725,705341.4496764358,Ejected,153
0.01,703597.5447302918,Ejected,459
0.01,703597.5447302918,Ejected,369
0.01,703597.5447302918,Ejected,377
0.005011872336272725,705341.4496764358,Ejected,318
0.005011872336272725,705341.4496764358,Ejected,235
0.01,703597.5447302918,Ejected,475
0.01,703597.5447302918,Ejected,491
0.01,703597.5447302918,Ejected,499
0.01,703597.5447302918,Ejected,503
0.005011872336272725,705341.4496764358,Ejected,185
0.005011872336272725,705341.4496764358,Ejected,228
0.01,703597.5447302918,Ejected,372
0.005011872336272725,705341.4496764358,Ejected,244
0.01,703597.5447302918,Ejected,397
0.0025118864315095794,706220.3648057432,Ejected,60
0.005011872336272725,705341.4496764358,Ejected,256
0.01,703597.5447302918,Ejected,478
0.01,703597.5447302918,Ejected,486
0.0025118864315095794,706220.3648057432,Ejected,65
0.01,703597.5447302918,Ejected,400
0.01,703597.5447302918,Ejected,547
0.0025118864315095794,706220.3648057432,Ejected,83
0.0025118864315095794,706220.3648057432,Ejected,87
0.01,703597.5447302918,Ejected,473
0.01,703597.5447302918,Ejected,477
0.01,703597.5447302918,Ejected,497
0.005011872336272725,705341.4496764358,Ejected,402
0.01,703597.5447302918,Ejected,538
0.01,703597.5447302918,Ejected,542
0.005011872336272725,705341.4496764358,Ejected,291
0.005011872336272725,705341.4496764358,Ejected,265
0.01,703597.5447302918,Ejected,558
0.005011872336272725,705341.4496764358,Ejected,296
0.01,703597.5447302918,Ejected,574
0.01,703597.5447302918,Ejected,586
0.01,703597.5447302918,Ejected,598
0.01,703597.5447302918,Ejected,602
0.01,703597.5447302918,Ejected,496
0.01,703597.5447302918,Ejected,610
0.01,703597.5447302918,Ejected,516
0.01,703597.5447302918,Ejected,520
0.005011872336272725,705341.4496764358,Ejected,336
0.01,703597.5447302918,Ejected,528
0.01,703597.5447302918,Ejected,634
0.005011872336272725,705341.4496764358,Ejected,319
0.01,703597.5447302918,Ejected,654
0.005011872336272725,705341.4496764358,Ejected,331
0.005011872336272725,705341.4496764358,Ejected,486
0.005011872336272725,705341.4496764358,Ejected,506
0.005011872336272725,705341.4496764358,Ejected,514
0.005011872336272725,705341.4496764358,Ejected,522
0.005011872336272725,705341.4496764358,Ejected,534
0.01,703597.5447302918,Ejected,635
0.01,703597.5447302918,Ejected,651
0.01,703597.5447302918,Ejected,581
0.005011872336272725,705341.4496764358,Ejected,388
0.005011872336272725,705341.4496764358,Ejected,550
0.005011872336272725,705341.4496764358,Ejected,355
0.01,703597.5447302918,Ejected,722
0.01,703597.5447302918,Ejected,726
0.005011872336272725,705341.4496764358,Ejected,412
0.005011872336272725,705341.4496764358,Ejected,566
0.01,703597.5447302918,Ejected,695
0.01,703597.5447302918,Ejected,699
0.01,703597.5447302918,Ejected,707
0.01,703597.5447302918,Ejected,644
0.005011872336272725,705341.4496764358,Ejected,582
0.01,703597.5447302918,Ejected,656
0.005011872336272725,705341.4496764358,Ejected,436
0.01,703597.5447302918,Ejected,676
0.005011872336272725,705341.4496764358,Ejected,444
0.01,703597.5447302918,Ejected,633
0.01,703597.5447302918,Ejected,688
0.01,703597.5447302918,Ejected,700
0.01,703597.5447302918,Ejected,727
0.01,703597.5447302918,Ejected,716
0.01,703597.5447302918,Ejected,677
0.01,703597.5447302918,Ejected,724
0.01,703597.5447302918,Ejected,732
0.01,703597.5447302918,Ejected,705
0.005011872336272725,705341.4496764358,Ejected,484
0.01,703597.5447302918,Ejected,760
0.005011872336272725,705341.4496764358,Ejected,626
0.005011872336272725,705341.4496764358,Ejected,437
0.005011872336272725,705341.4496764358,Ejected,638
0.01,703597.5447302918,Ejected,751
0.01,703597.5447302918,Ejected,784
0.01,703597.5447302918,Ejected,713
0.01,703597.5447302918,Ejected,729
0.01,703597.5447302918,Ejected,733
0.005011872336272725,705341.4496764358,Ejected,654
0.005011872336272725,705341.4496764358,Ejected,666
0.01,703597.5447302918,Ejected,775
0.01,703597.5447302918,Ejected,779
0.01,703597.5447302918,Ejected,787
0.01,703597.5447302918,Ejected,799
0.0025118864315095794,706220.3648057432,Ejected,273
0.005011872336272725,705341.4496764358,Ejected,710
0.01,703597.5447302918,Ejected,793
0.01,1055396.3170954378,Ejected,14
0.01,1055396.3170954378,Ejected,46
0.01,1055396.3170954378,Ejected,7
0.01,1055396.3170954378,Ejected,11
0.005011872336272725,705341.4496764358,Ejected,596
0.005011872336272725,705341.4496764358,Ejected,547
0.01,1055396.3170954378,Ejected,20
0.01,1055396.3170954378,Ejected,28
0.005011872336272725,705341.4496764358,Ejected,604
0.01,1055396.3170954378,Ejected,48
0.01,1055396.3170954378,Ejected,73
0.01,1055396.3170954378,Ejected,142
0.005011872336272725,705341.4496764358,Ejected,549
0.01,1055396.3170954378,Ejected,147
0.01,1055396.3170954378,Ejected,159
0.005011872336272725,705341.4496764358,Ejected,565
0.005011872336272725,705341.4496764358,Ejected,648
0.01,1055396.3170954378,Ejected,187
0.01,1055396.3170954378,Ejected,84
0.01,1055396.3170954378,Ejected,133
0.01,1055396.3170954378,Ejected,195
0.01,1055396.3170954378,Ejected,162
0.005011872336272725,705341.4496764358,Ejected,607
0.005011872336272725,705341.4496764358,Ejected,619
0.005011872336272725,705341.4496764358,Ejected,774
0.005011872336272725,705341.4496764358,Ejected,786
0.01,1055396.3170954378,Ejected,219
0.005011872336272725,705341.4496764358,Ejected,627
0.0025118864315095794,706220.3648057432,Ejected,367
0.01,1055396.3170954378,Ejected,246
0.01,1055396.3170954378,Ejected,274
0.005011872336272725,705341.4496764358,Ejected,643
0.005011872336272725,705341.4496764358,Ejected,645
0.01,1055396.3170954378,Ejected,306
0.01,1055396.3170954378,Ejected,196
0.005011872336272725,705341.4496764358,Ejected,673
0.0025118864315095794,706220.3648057432,Ejected,403
0.005011872336272725,705341.4496764358,Ejected,764
0.005011872336272725,705341.4496764358,Ejected,768
0.01,1055396.3170954378,Ejected,426
0.005011872336272725,705341.4496764358,Ejected,731
0.01,1055396.3170954378,Ejected,296
0.01,1055396.3170954378,Ejected,387
0.005011872336272725,705341.4496764358,Ejected,739
0.005011872336272725,705341.4496764358,Ejected,743
0.005011872336272725,705341.4496764358,Ejected,759
0.01,1055396.3170954378,Ejected,309
0.005011872336272725,705341.4496764358,Ejected,771
0.01,1055396.3170954378,Ejected,328
0.01,1055396.3170954378,Ejected,332
0.005011872336272725,705341.4496764358,Ejected,737
0.01,1055396.3170954378,Ejected,373
0.005011872336272725,705341.4496764358,Ejected,799
0.005011872336272725,705341.4496764358,Ejected,761
0.01,1055396.3170954378,Ejected,376
0.01,1055396.3170954378,Ejected,388
0.0025118864315095794,706220.3648057432,Ejected,479
0.01,1055396.3170954378,Ejected,531
0.005011872336272725,705341.4496764358,Ejected,777
0.005011872336272725,705341.4496764358,Ejected,785
0.005011872336272725,1058012.1745146536,Ejected,11
0.01,1055396.3170954378,Ejected,494
0.005011872336272725,1058012.1745146536,Ejected,28
0.005011872336272725,1058012.1745146536,Ejected,21
0.005011872336272725,1058012.1745146536,Ejected,29
0.01,1055396.3170954378,Ejected,465
0.0025118864315095794,706220.3648057432,Captured,604
0.005011872336272725,1058012.1745146536,Ejected,38
0.005011872336272725,1058012.1745146536,Ejected,52
0.005011872336272725,1058012.1745146536,Ejected,43
0.005011872336272725,1058012.1745146536,Ejected,55
0.01,1055396.3170954378,Ejected,566
0.01,1055396.3170954378,Ejected,578
0.005011872336272725,1058012.1745146536,Ejected,86
0.01,1055396.3170954378,Ejected,537
0.005011872336272725,1058012.1745146536,Ejected,110
0.01,1055396.3170954378,Ejected,500
0.0025118864315095794,706220.3648057432,Ejected,648
0.005011872336272725,1058012.1745146536,Ejected,81
0.01,1055396.3170954378,Ejected,595
0.01,1055396.3170954378,Ejected,603
0.005011872336272725,1058012.1745146536,Ejected,146
0.005011872336272725,1058012.1745146536,Ejected,120
0.005011872336272725,1058012.1745146536,Ejected,166
0.005011872336272725,1058012.1745146536,Ejected,170
0.01,1055396.3170954378,Ejected,544
0.005011872336272725,1058012.1745146536,Ejected,182
0.01,1055396.3170954378,Ejected,690
0.01,1055396.3170954378,Ejected,580
0.005011872336272725,1058012.1745146536,Ejected,109
0.01,1055396.3170954378,Ejected,655
0.005011872336272725,1058012.1745146536,Ejected,144
0.01,1055396.3170954378,Ejected,585
0.01,1055396.3170954378,Ejected,667
0.01,1055396.3170954378,Ejected,691
0.01,1055396.3170954378,Ejected,604
0.005011872336272725,1058012.1745146536,Ejected,250
0.01,1055396.3170954378,Ejected,648
0.01,1055396.3170954378,Ejected,609
0.01,1055396.3170954378,Ejected,657
0.01,1055396.3170954378,Ejected,661
0.01,1055396.3170954378,Ejected,665
0.01,1055396.3170954378,Ejected,712
0.01,1055396.3170954378,Ejected,728
0.01,1055396.3170954378,Ejected,673
0.005011872336272725,1058012.1745146536,Ejected,191
0.005011872336272725,1058012.1745146536,Ejected,302
0.005011872336272725,1058012.1745146536,Ejected,306
0.005011872336272725,1058012.1745146536,Ejected,310
0.005011872336272725,1058012.1745146536,Ejected,203
0.005011872336272725,1058012.1745146536,Ejected,207
0.01,1055396.3170954378,Ejected,768
0.005011872336272725,1058012.1745146536,Ejected,232
0.01,1055396.3170954378,Ejected,753
0.01,1055396.3170954378,Ejected,767
0.005011872336272725,1058012.1745146536,Ejected,221
0.0025118864315095794,706220.3648057432,Ejected,695
0.005011872336272725,1058012.1745146536,Ejected,276
0.005011872336272725,1058012.1745146536,Ejected,280
0.005011872336272725,1058012.1745146536,Ejected,257
0.005011872336272725,1058012.1745146536,Ejected,269
0.005011872336272725,1058012.1745146536,Ejected,386
0.01,1407195.0894605836,Ejected,6
0.01,1407195.0894605836,Ejected,5
0.01,1407195.0894605836,Ejected,35
0.01,1407195.0894605836,Ejected,78
0.005011872336272725,1058012.1745146536,Ejected,293
0.005011872336272725,1058012.1745146536,Ejected,283
0.01,1407195.0894605836,Ejected,94
0.01,1407195.0894605836,Ejected,102
0.005011872336272725,1058012.1745146536,Ejected,450
0.005011872336272725,1058012.1745146536,Ejected,470
0.005011872336272725,1058012.1745146536,Ejected,345
0.005011872336272725,1058012.1745146536,Ejected,349
0.005011872336272725,1058012.1745146536,Ejected,357
0.005011872336272725,1058012.1745146536,Ejected,339
0.01,1407195.0894605836,Ejected,100
0.005011872336272725,1058012.1745146536,Ejected,400
0.01,1407195.0894605836,Ejected,177
0.01,1407195.0894605836,Ejected,250
0.005011872336272725,1058012.1745146536,Ejected,440
0.005011872336272725,1058012.1745146536,Ejected,389
0.005011872336272725,1058012.1745146536,Ejected,393
0.0025118864315095794,1059330.5472086149,Ejected,12
0.01,1407195.0894605836,Ejected,156
0.005011872336272725,1058012.1745146536,Ejected,594
0.005011872336272725,1058012.1745146536,Ejected,602
0.005011872336272725,1058012.1745146536,Ejected,472
0.005011872336272725,1058012.1745146536,Ejected,480
0.005011872336272725,1058012.1745146536,Ejected,492
0.005011872336272725,1058012.1745146536,Ejected,496
0.01,1407195.0894605836,Ejected,314
0.01,1407195.0894605836,Ejected,249
0.01,1407195.0894605836,Ejected,176
0.01,1407195.0894605836,Ejected,322
0.005011872336272725,1058012.1745146536,Ejected,445
0.01,1407195.0894605836,Ejected,311
0.01,1407195.0894605836,Ejected,208
0.01,1407195.0894605836,Ejected,319
0.01,1407195.0894605836,Ejected,327
0.0025118864315095794,1059330.5472086149,Ejected,64
0.005011872336272725,1058012.1745146536,Ejected,552
0.005011872336272725,1058012.1745146536,Ejected,457
0.005011872336272725,1058012.1745146536,Ejected,690
0.01,1407195.0894605836,Ejected,313
0.005011872336272725,1058012.1745146536,Ejected,592
0.01,1407195.0894605836,Ejected,329
0.0025118864315095794,1059330.5472086149,Ejected,139
0.01,1407195.0894605836,Ejected,385
0.005011872336272725,1058012.1745146536,Ejected,632
0.01,1407195.0894605836,Ejected,543
0.01,1407195.0894605836,Ejected,482
0.01,1407195.0894605836,Ejected,555
0.005011872336272725,1058012.1745146536,Ejected,656
0.005011872336272725,1058012.1745146536,Ejected,660
0.01,1407195.0894605836,Ejected,441
0.01,1407195.0894605836,Ejected,424
0.005011872336272725,1058012.1745146536,Ejected,531
0.005011872336272725,1058012.1745146536,Ejected,692
0.01,1407195.0894605836,Ejected,505
0.0025118864315095794,1059330.5472086149,Ejected,208
0.01,1407195.0894605836,Ejected,480
0.005011872336272725,1058012.1745146536,Ejected,601
0.005011872336272725,1058012.1745146536,Ejected,716
0.005011872336272725,1058012.1745146536,Ejected,579
0.005011872336272725,1058012.1745146536,Ejected,591
0.0025118864315095794,1059330.5472086149,Ejected,197
0.005011872336272725,1058012.1745146536,Ejected,603
0.01,1407195.0894605836,Ejected,638
0.0025118864315095794,1059330.5472086149,Ejected,242
0.01,1407195.0894605836,Ejected,647
0.01,1407195.0894605836,Ejected,557
0.0025118864315095794,1059330.5472086149,Ejected,251
0.01,1407195.0894605836,Ejected,675
0.005011872336272725,1058012.1745146536,Ejected,669
0.005011872336272725,1058012.1745146536,Ejected,651
0.01,1407195.0894605836,Ejected,703
0.0025118864315095794,1059330.5472086149,Ejected,229
0.01,1407195.0894605836,Ejected,628
0.0025118864315095794,1059330.5472086149,Ejected,287
0.005011872336272725,1058012.1745146536,Ejected,792
0.01,1407195.0894605836,Ejected,750
0.0025118864315095794,1059330.5472086149,Ejected,295
0.01,1407195.0894605836,Ejected,758
0.005011872336272725,1058012.1745146536,Ejected,711
0.01,1407195.0894605836,Ejected,717
0.01,1407195.0894605836,Ejected,725
0.0025118864315095794,1059330.5472086149,Ejected,305
0.0025118864315095794,1059330.5472086149,Ejected,388
0.005011872336272725,1410682.8993528716,Ejected,6
0.005011872336272725,1410682.8993528716,Ejected,8
0.005011872336272725,1410682.8993528716,Ejected,33
0.005011872336272725,1410682.8993528716,Ejected,37
0.0025118864315095794,1059330.5472086149,Ejected,351
0.0025118864315095794,1059330.5472086149,Ejected,382
0.01,1758993.8618257295,Ejected,71
0.0025118864315095794,1059330.5472086149,Ejected,333
0.005011872336272725,1410682.8993528716,Ejected,96
0.01,1758993.8618257295,Ejected,45
0.005011872336272725,1410682.8993528716,Ejected,122
0.005011872336272725,1410682.8993528716,Ejected,150
0.005011872336272725,1410682.8993528716,Ejected,158
0.005011872336272725,1410682.8993528716,Ejected,111
0.01,1758993.8618257295,Ejected,88
0.01,1758993.8618257295,Ejected,170
0.0025118864315095794,1059330.5472086149,Ejected,504
0.0025118864315095794,1059330.5472086149,Ejected,369
0.01,1758993.8618257295,Ejected,141
0.005011872336272725,1410682.8993528716,Ejected,156
0.005011872336272725,1410682.8993528716,Ejected,160
0.0025118864315095794,1059330.5472086149,Ejected,421
0.0025118864315095794,1059330.5472086149,Ejected,552
0.005011872336272725,1410682.8993528716,Ejected,193
0.005011872336272725,1410682.8993528716,Ejected,342
0.0025118864315095794,1059330.5472086149,Ejected,584
0.01,1758993.8618257295,Ejected,366
0.01,1758993.8618257295,Ejected,236
0.01,1758993.8618257295,Ejected,382
0.01,1758993.8618257295,Ejected,256
0.00031622776601683794,1060492.5064457865,Ejected,466
0.005011872336272725,1410682.8993528716,Ejected,209
0.005011872336272725,1410682.8993528716,Ejected,272
0.0025118864315095794,1059330.5472086149,Ejected,624
0.0025118864315095794,1059330.5472086149,Ejected,640
0.0025118864315095794,1059330.5472086149,Ejected,554
0.01,1758993.8618257295,Ejected,511
0.0025118864315095794,1059330.5472086149,Ejected,578
0.01,1758993.8618257295,Ejected,389
0.0025118864315095794,1059330.5472086149,Ejected,700
0.0025118864315095794,1059330.5472086149,Ejected,594
0.005011872336272725,1410682.8993528716,Ejected,348
0.0025118864315095794,1059330.5472086149,Ejected,585
0.0025118864315095794,1059330.5472086149,Ejected,579
0.0025118864315095794,1059330.5472086149,Ejected,622
0.005011872336272725,1410682.8993528716,Ejected,341
0.0025118864315095794,1059330.5472086149,Ejected,638
0.005011872336272725,1410682.8993528716,Ejected,396
0.005011872336272725,1410682.8993528716,Ejected,408
0.01,1758993.8618257295,Ejected,533
0.005011872336272725,1410682.8993528716,Ejected,562
0.01,1758993.8618257295,Ejected,492
0.005011872336272725,1410682.8993528716,Captured,343
0.01,1758993.8618257295,Ejected,548
0.01,1758993.8618257295,Ejected,666
0.01,1758993.8618257295,Ejected,588
0.01,1758993.8618257295,Ejected,613
0.01,1758993.8618257295,Ejected,617
0.01,1758993.8618257295,Ejected,708
0.0025118864315095794,1059330.5472086149,Ejected,753
0.01,1758993.8618257295,Ejected,761
0.005011872336272725,1410682.8993528716,Ejected,644
0.005011872336272725,1410682.8993528716,Ejected,652
0.01,1758993.8618257295,Ejected,792
0.005011872336272725,1410682.8993528716,Ejected,676
0.005011872336272725,1410682.8993528716,Ejected,499
0.0025118864315095794,1059330.5472086149,Ejected,781
0.005011872336272725,1410682.8993528716,Ejected,515
0.005011872336272725,1410682.8993528716,Ejected,551
0.005011872336272725,1410682.8993528716,Ejected,593
0.01,2110792.6341908756,Ejected,41
0.005011872336272725,1410682.8993528716,Ejected,613
0.01,2110792.6341908756,Ejected,69
0.01,2110792.6341908756,Ejected,56
0.0025118864315095794,1059330.5472086149,Ejected,799
0.0025118864315095794,1412440.7296114864,Ejected,7
0.01,2110792.6341908756,Ejected,186
0.01,2110792.6341908756,Ejected,215
0.005011872336272725,1410682.8993528716,Ejected,780
0.005011872336272725,1410682.8993528716,Ejected,647
0.0025118864315095794,1412440.7296114864,Ejected,57
0.005011872336272725,1410682.8993528716,Ejected,715
0.005011872336272725,1410682.8993528716,Ejected,765
0.0025118864315095794,1412440.7296114864,Ejected,107
0.01,2110792.6341908756,Ejected,224
0.01,2110792.6341908756,Ejected,339
0.005011872336272725,1410682.8993528716,Ejected,773
0.005011872336272725,1763353.6241910895,Ejected,4
0.01,2110792.6341908756,Ejected,292
0.01,2110792.6341908756,Ejected,423
0.005011872336272725,1763353.6241910895,Ejected,41
0.005011872336272725,1763353.6241910895,Ejected,30
0.0025118864315095794,1412440.7296114864,Ejected,175
0.005011872336272725,1763353.6241910895,Ejected,76
0.005011872336272725,1763353.6241910895,Ejected,88
0.005011872336272725,1763353.6241910895,Ejected,79
0.005011872336272725,1763353.6241910895,Ejected,104
0.01,2110792.6341908756,Ejected,384
0.01,2110792.6341908756,Ejected,420
0.0025118864315095794,1412440.7296114864,Ejected,256
0.01,2110792.6341908756,Ejected,461
0.005011872336272725,1763353.6241910895,Ejected,163
0.005011872336272725,1763353.6241910895,Ejected,258
0.01,2110792.6341908756,Ejected,599
0.005011872336272725,1763353.6241910895,Ejected,330
0.01,2110792.6341908756,Ejected,577
0.01,2110792.6341908756,Ejected,576
0.005011872336272725,1763353.6241910895,Ejected,248
0.0025118864315095794,1412440.7296114864,Ejected,352
0.005011872336272725,1763353.6241910895,Ejected,264
0.0025118864315095794,1412440.7296114864,Ejected,360
0.005011872336272725,1763353.6241910895,Ejected,374
0.0025118864315095794,1412440.7296114864,Ejected,346
0.01,2110792.6341908756,Ejected,762
0.005011872336272725,1763353.6241910895,Ejected,277
0.005011872336272725,1763353.6241910895,Ejected,414
0.01,2110792.6341908756,Ejected,756
0.005011872336272725,1763353.6241910895,Ejected,309
0.005011872336272725,1763353.6241910895,Ejected,538
0.0025118864315095794,1412440.7296114864,Ejected,438
0.005011872336272725,1763353.6241910895,Ejected,428
0.005011872336272725,1763353.6241910895,Ejected,377
0.0025118864315095794,1412440.7296114864,Ejected,445
0.005011872336272725,1763353.6241910895,Ejected,574
0.005011872336272725,1763353.6241910895,Ejected,586
0.01,2462591.4065560214,Ejected,131
0.005011872336272725,1763353.6241910895,Ejected,610
0.005011872336272725,1763353.6241910895,Ejected,429
0.005011872336272725,1763353.6241910895,Ejected,411
0.01,2462591.4065560214,Ejected,214
0.0025118864315095794,1412440.7296114864,Ejected,477
0.0025118864315095794,1412440.7296114864,Ejected,600
0.0025118864315095794,1412440.7296114864,Ejected,485
0.005011872336272725,1763353.6241910895,Ejected,568
0.005011872336272725,1763353.6241910895,Ejected,435
0.0025118864315095794,1412440.7296114864,Ejected,467
0.005011872336272725,1763353.6241910895,Ejected,459
0.0025118864315095794,1412440.7296114864,Ejected,562
0.005011872336272725,1763353.6241910895,Ejected,706
0.005011872336272725,1763353.6241910895,Ejected,714
0.0025118864315095794,1412440.7296114864,Ejected,668
0.005011872336272725,1763353.6241910895,Ejected,583
0.0025118864315095794,1412440.7296114864,Ejected,609
0.0025118864315095794,1412440.7296114864,Ejected,654
0.005011872336272725,1763353.6241910895,Ejected,728
0.01,2462591.4065560214,Ejected,357
0.005011872336272725,1763353.6241910895,Ejected,794
0.005011872336272725,1763353.6241910895,Ejected,679
0.0025118864315095794,1412440.7296114864,Ejected,681
0.0025118864315095794,1412440.7296114864,Ejected,685
0.005011872336272725,1763353.6241910895,Ejected,788
0.0025118864315095794,1412440.7296114864,Ejected,726
0.005011872336272725,1763353.6241910895,Ejected,713
0.01,2462591.4065560214,Ejected,670
0.0025118864315095794,1412440.7296114864,Ejected,758
0.005011872336272725,2116024.3490293073,Ejected,34
0.005011872336272725,2116024.3490293073,Ejected,106
0.005011872336272725,2116024.3490293073,Ejected,99
0.0025118864315095794,1412440.7296114864,Ejected,763
0.01,2462591.4065560214,Ejected,783
0.005011872336272725,2116024.3490293073,Ejected,136
0.005011872336272725,2116024.3490293073,Ejected,140
0.005011872336272725,2116024.3490293073,Ejected,254
0.0025118864315095794,1765550.912014358,Ejected,23
0.005011872336272725,2116024.3490293073,Ejected,266
0.005011872336272725,2116024.3490293073,Ejected,199
0.005011872336272725,2116024.3490293073,Ejected,219
0.01,2814390.1789211673,Ejected,92
0.01,2814390.1789211673,Ejected,182
0.0025118864315095794,1765550.912014358,Ejected,67
0.005011872336272725,2116024.3490293073,Ejected,247
0.01,2814390.1789211673,Ejected,104
0.01,2814390.1789211673,Ejected,266
0.0025118864315095794,1765550.912014358,Ejected,90
0.0025118864315095794,1765550.912014358,Ejected,135
0.0025118864315095794,1765550.912014358,Ejected,148
0.0025118864315095794,1765550.912014358,Ejected,122
0.005011872336272725,2116024.3490293073,Ejected,281
0.005011872336272725,2116024.3490293073,Ejected,478
0.01,2814390.1789211673,Ejected,264
0.005011872336272725,2116024.3490293073,Ejected,368
0.0025118864315095794,1765550.912014358,Ejected,212
0.0025118864315095794,1765550.912014358,Ejected,203
0.005011872336272725,2116024.3490293073,Ejected,424
0.005011872336272725,2116024.3490293073,Ejected,383
0.0025118864315095794,1765550.912014358,Ejected,286
0.005011872336272725,2116024.3490293073,Ejected,441
0.0025118864315095794,1765550.912014358,Ejected,298
0.0025118864315095794,1765550.912014358,Ejected,269
0.0025118864315095794,1765550.912014358,Ejected,281
0.01,2814390.1789211673,Ejected,529
0.005011872336272725,2116024.3490293073,Ejected,686
0.005011872336272725,2116024.3490293073,Ejected,489
0.0025118864315095794,1765550.912014358,Ejected,348
0.005011872336272725,2116024.3490293073,Ejected,509
0.005011872336272725,2116024.3490293073,Ejected,517
0.005011872336272725,2116024.3490293073,Ejected,503
0.005011872336272725,2116024.3490293073,Ejected,511
0.005011872336272725,2116024.3490293073,Ejected,535
0.01,2814390.1789211673,Ejected,623
0.01,2814390.1789211673,Ejected,573
0.005011872336272725,2116024.3490293073,Ejected,738
0.0025118864315095794,1765550.912014358,Ejected,366
0.0025118864315095794,1765550.912014358,Ejected,436
0.005011872336272725,2116024.3490293073,Ejected,704
0.0025118864315095794,1765550.912014358,Ejected,349
0.005011872336272725,2116024.3490293073,Ejected,720
0.0025118864315095794,1765550.912014358,Ejected,446
0.01,2814390.1789211673,Ejected,763
0.005011872336272725,2116024.3490293073,Ejected,657
0.0025118864315095794,1765550.912014358,Ejected,429
0.0025118864315095794,1765550.912014358,Ejected,486
0.01,3166188.951286313,Ejected,63
0.0025118864315095794,1765550.912014358,Ejected,616
0.0025118864315095794,1765550.912014358,Ejected,542
0.005011872336272725,2116024.3490293073,Ejected,757
0.005011872336272725,2468695.0738675254,Ejected,32
0.005011872336272725,2468695.0738675254,Ejected,59
0.0025118864315095794,1765550.912014358,Ejected,744
0.0025118864315095794,1765550.912014358,Ejected,764
0.005011872336272725,2468695.0738675254,Ejected,186
0.0025118864315095794,1765550.912014358,Ejected,792
0.01,3166188.951286313,Ejected,325
0.0025118864315095794,1765550.912014358,Ejected,635
0.0025118864315095794,1765550.912014358,Ejected,705
0.0025118864315095794,1765550.912014358,Ejected,663
0.005011872336272725,2468695.0738675254,Ejected,362
0.005011872336272725,2468695.0738675254,Ejected,233
0.005011872336272725,2468695.0738675254,Ejected,287
0.0025118864315095794,1765550.912014358,Ejected,773
0.0025118864315095794,1765550.912014358,Ejected,794
0.005011872336272725,2468695.0738675254,Ejected,442
0.01,3166188.951286313,Ejected,630
0.005011872336272725,2468695.0738675254,Ejected,528
0.005011872336272725,2468695.0738675254,Ejected,532
0.005011872336272725,2468695.0738675254,Ejected,449
0.01,3166188.951286313,Ejected,795
0.005011872336272725,2468695.0738675254,Ejected,646
0.0025118864315095794,2118661.0944172298,Ejected,48
0.005011872336272725,2468695.0738675254,Ejected,674
0.005011872336272725,2468695.0738675254,Ejected,501
0.01,3517987.723651459,Ejected,13
0.005011872336272725,2468695.0738675254,Ejected,471
0.0025118864315095794,2118661.0944172298,Ejected,97
0.0025118864315095794,2118661.0944172298,Ejected,118
0.01,3517987.723651459,Ejected,165
0.0025118864315095794,2118661.0944172298,Ejected,204
0.0025118864315095794,2118661.0944172298,Ejected,232
0.0025118864315095794,2118661.0944172298,Ejected,215
0.0012589254117941675,1059993.1554848482,Ejected,385
0.01,3517987.723651459,Ejected,359
0.0025118864315095794,2118661.0944172298,Ejected,274
0.0025118864315095794,2118661.0944172298,Ejected,267
0.005011872336272725,2468695.0738675254,Ejected,787
0.01,3517987.723651459,Ejected,365
0.0025118864315095794,2118661.0944172298,Ejected,313
0.0025118864315095794,2118661.0944172298,Ejected,396
0.005011872336272725,2821365.798705743,Ejected,78
0.0025118864315095794,2118661.0944172298,Ejected,337
0.0025118864315095794,2118661.0944172298,Ejected,456
0.0025118864315095794,2118661.0944172298,Ejected,418
0.005011872336272725,2821365.798705743,Ejected,290
0.005011872336272725,2821365.798705743,Ejected,322
0.0025118864315095794,2118661.0944172298,Ejected,536
0.01,3517987.723651459,Ejected,765
0.0025118864315095794,2118661.0944172298,Ejected,483
0.0025118864315095794,2118661.0944172298,Ejected,644
0.005011872336272725,2821365.798705743,Ejected,454
0.0025118864315095794,2118661.0944172298,Ejected,527
0.0025118864315095794,2118661.0944172298,Ejected,569
0.01,3869786.496016605,Ejected,101
0.0025118864315095794,2118661.0944172298,Ejected,728
0.0025118864315095794,2118661.0944172298,Ejected,621
0.005011872336272725,2821365.798705743,Ejected,404
0.005011872336272725,2821365.798705743,Ejected,420
0.005011872336272725,2821365.798705743,Ejected,397
0.005011872336272725,2821365.798705743,Ejected,409
0.0025118864315095794,2118661.0944172298,Ejected,673
0.005011872336272725,2821365.798705743,Ejected,473
0.005011872336272725,2821365.798705743,Ejected,600
0.01,3869786.496016605,Ejected,419
0.0025118864315095794,2118661.0944172298,Ejected,735
0.01,3869786.496016605,Ejected,474
0.005011872336272725,2821365.798705743,Ejected,782
0.005011872336272725,2821365.798705743,Ejected,635
0.0025118864315095794,2471771.2768201013,Ejected,15
0.005011872336272725,2821365.798705743,Ejected,695
0.005011872336272725,2821365.798705743,Ejected,727
0.0025118864315095794,2471771.2768201013,Ejected,32
0.0025118864315095794,2471771.2768201013,Ejected,51
0.0025118864315095794,2471771.2768201013,Ejected,34
0.005011872336272725,2821365.798705743,Ejected,733
0.0025118864315095794,2471771.2768201013,Ejected,85
0.005011872336272725,2821365.798705743,Ejected,781
0.005011872336272725,2821365.798705743,Ejected,797
0.005011872336272725,3174036.523543961,Ejected,23
0.01,3869786.496016605,Ejected,776
0.0025118864315095794,2471771.2768201013,Ejected,194
0.005011872336272725,3174036.523543961,Ejected,202
0.0025118864315095794,2471771.2768201013,Ejected,218
0.01,4221585.268381751,Ejected,137
0.0025118864315095794,2471771.2768201013,Ejected,268
0.005011872336272725,3174036.523543961,Ejected,196
0.005011872336272725,3174036.523543961,Ejected,145
0.005011872336272725,3174036.523543961,Ejected,208
0.005011872336272725,3174036.523543961,Ejected,169
0.0025118864315095794,2471771.2768201013,Ejected,283
0.01,4221585.268381751,Ejected,334
0.005011872336272725,3174036.523543961,Ejected,249
0.0025118864315095794,2471771.2768201013,Ejected,332
0.01,4221585.268381751,Ejected,287
0.01,4221585.268381751,Ejected,370
0.005011872336272725,3174036.523543961,Ejected,292
0.0025118864315095794,2471771.2768201013,Ejected,424
0.005011872336272725,3174036.523543961,Ejected,494
0.01,4221585.268381751,Ejected,401
0.0025118864315095794,2471771.2768201013,Ejected,407
0.005011872336272725,3174036.523543961,Ejected,556
0.005011872336272725,3174036.523543961,Ejected,678
0.005011872336272725,3174036.523543961,Ejected,485
0.0025118864315095794,2471771.2768201013,Ejected,501
0.005011872336272725,3174036.523543961,Ejected,543
0.0025118864315095794,2471771.2768201013,Ejected,602
0.005011872336272725,3174036.523543961,Ejected,790
0.0025118864315095794,2471771.2768201013,Ejected,583
0.01,4573384.0407468965,Ejected,207
0.005011872336272725,3174036.523543961,Ejected,753
0.0025118864315095794,2471771.2768201013,Ejected,675
0.005011872336272725,3526707.248382179,Ejected,210
0.0025118864315095794,2824881.459222973,Ejected,39
0.0025118864315095794,2824881.459222973,Ejected,71
0.0025118864315095794,2824881.459222973,Ejected,156
0.0025118864315095794,2824881.459222973,Ejected,126
0.0025118864315095794,2824881.459222973,Ejected,158
0.005011872336272725,3526707.248382179,Ejected,329
0.0025118864315095794,2824881.459222973,Ejected,202
0.0025118864315095794,2824881.459222973,Ejected,220
0.005011872336272725,3526707.248382179,Ejected,598
0.01,4925182.813112043,Ejected,58
0.0025118864315095794,2824881.459222973,Ejected,296
0.0025118864315095794,2824881.459222973,Ejected,300
0.005011872336272725,3526707.248382179,Ejected,527
0.0025118864315095794,2824881.459222973,Ejected,354
0.0025118864315095794,2824881.459222973,Ejected,373
0.0025118864315095794,2824881.459222973,Ejected,449
0.01,4925182.813112043,Ejected,487
0.0025118864315095794,2824881.459222973,Ejected,514
0.0025118864315095794,2824881.459222973,Ejected,463
0.0025118864315095794,2824881.459222973,Ejected,487
0.005011872336272725,3879377.973220397,Ejected,73
0.0025118864315095794,2824881.459222973,Ejected,688
0.0025118864315095794,2824881.459222973,Ejected,593
0.0025118864315095794,2824881.459222973,Ejected,772
0.0025118864315095794,2824881.459222973,Ejected,639
0.0025118864315095794,2824881.459222973,Ejected,702
0.01,5276981.585477188,Ejected,99
0.005011872336272725,3879377.973220397,Ejected,474
0.0025118864315095794,3177991.6416258444,Ejected,27
0.0025118864315095794,3177991.6416258444,Ejected,36
0.0025118864315095794,3177991.6416258444,Ejected,61
0.0025118864315095794,3177991.6416258444,Ejected,81
0.005011872336272725,3879377.973220397,Ejected,694
0.0025118864315095794,3177991.6416258444,Ejected,111
0.0025118864315095794,3177991.6416258444,Ejected,182
0.0025118864315095794,3177991.6416258444,Ejected,190
0.0025118864315095794,3177991.6416258444,Ejected,207
0.01,5276981.585477188,Ejected,579
0.0025118864315095794,3177991.6416258444,Ejected,303
0.0025118864315095794,3177991.6416258444,Ejected,328
0.0025118864315095794,3177991.6416258444,Ejected,347
0.0025118864315095794,3177991.6416258444,Ejected,378
0.01,5628780.357842335,Ejected,129
0.005011872336272725,4232048.6980586145,Ejected,175
0.0025118864315095794,3177991.6416258444,Ejected,524
0.0025118864315095794,3177991.6416258444,Ejected,490
0.005011872336272725,4232048.6980586145,Ejected,225
0.0025118864315095794,3177991.6416258444,Ejected,497
0.0025118864315095794,3177991.6416258444,Ejected,628
0.0025118864315095794,3177991.6416258444,Ejected,606
0.0025118864315095794,3177991.6416258444,Ejected,677
0.005011872336272725,4232048.6980586145,Ejected,606
0.000630957344480193,2827535.238346868,Ejected,282
0.005011872336272725,4232048.6980586145,Ejected,483
0.005011872336272725,4232048.6980586145,Ejected,581
0.000630957344480193,2827535.238346868,Ejected,428
0.0025118864315095794,3531101.824028716,Ejected,131
0.005011872336272725,4584719.422896832,Ejected,24
0.0012589254117941675,1766655.2591414135,Ejected,104
0.0025118864315095794,3531101.824028716,Ejected,150
0.0025118864315095794,3531101.824028716,Ejected,249
0.0025118864315095794,3531101.824028716,Ejected,275
0.0025118864315095794,3531101.824028716,Ejected,293
0.000630957344480193,2827535.238346868,Ejected,721
0.0025118864315095794,3531101.824028716,Ejected,416
0.01,5980579.130207481,Captured,597
0.0025118864315095794,3531101.824028716,Ejected,379
0.0012589254117941675,1766655.2591414135,Ejected,336
0.01,5980579.130207481,Ejected,668
0.0025118864315095794,3531101.824028716,Ejected,484
0.0025118864315095794,3531101.824028716,Ejected,488
0.0025118864315095794,3531101.824028716,Ejected,494
0.005011872336272725,4584719.422896832,Ejected,524
0.0025118864315095794,3531101.824028716,Ejected,545
0.0025118864315095794,3531101.824028716,Ejected,617
0.0012589254117941675,1766655.2591414135,Ejected,556
0.005011872336272725,4584719.422896832,Ejected,691
0.0025118864315095794,3531101.824028716,Ejected,719
0.0025118864315095794,3531101.824028716,Ejected,775
0.0025118864315095794,3884212.0064315875,Ejected,1
0.0025118864315095794,3884212.0064315875,Ejected,221
0.01,6684176.674937773,Ejected,270
0.0025118864315095794,3884212.0064315875,Ejected,262
0.0025118864315095794,3884212.0064315875,Ejected,302
0.0025118864315095794,3884212.0064315875,Ejected,314
0.0025118864315095794,3884212.0064315875,Ejected,322
0.01,6684176.674937773,Ejected,276
0.0025118864315095794,3884212.0064315875,Ejected,412
0.005011872336272725,4937390.147735051,Ejected,754
0.0025118864315095794,3884212.0064315875,Ejected,395
0.0025118864315095794,3884212.0064315875,Ejected,462
0.0025118864315095794,3884212.0064315875,Ejected,556
0.0025118864315095794,3884212.0064315875,Ejected,568
0.0025118864315095794,3884212.0064315875,Ejected,435
0.0025118864315095794,3884212.0064315875,Ejected,529
0.005011872336272725,5290060.872573269,Ejected,7
0.0025118864315095794,3884212.0064315875,Ejected,599
0.0025118864315095794,3884212.0064315875,Ejected,745
0.0025118864315095794,3884212.0064315875,Ejected,751
0.005011872336272725,5290060.872573269,Ejected,213
0.0025118864315095794,3884212.0064315875,Ejected,790
0.005011872336272725,5290060.872573269,Ejected,271
0.005011872336272725,5290060.872573269,Ejected,430
0.005011872336272725,5290060.872573269,Ejected,413
0.0025118864315095794,4237322.1888344595,Ejected,167
0.0025118864315095794,4237322.1888344595,Ejected,261
0.0025118864315095794,4237322.1888344595,Ejected,301
0.0012589254117941675,2119986.3109696964,Ejected,65
0.0025118864315095794,4237322.1888344595,Ejected,496
0.0025118864315095794,4237322.1888344595,Ejected,415
0.005011872336272725,5642731.597411486,Ejected,63
0.0025118864315095794,4237322.1888344595,Ejected,498
0.0025118864315095794,4237322.1888344595,Ejected,692
0.0025118864315095794,4237322.1888344595,Ejected,626
0.0025118864315095794,4237322.1888344595,Ejected,679
0.0012589254117941675,2119986.3109696964,Ejected,528
0.0025118864315095794,4237322.1888344595,Ejected,699
0.0012589254117941675,2119986.3109696964,Ejected,620
0.01,7739572.99203321,Captured,235
0.0025118864315095794,4590432.371237331,Ejected,176
0.01,7739572.99203321,Ejected,563
0.0025118864315095794,4590432.371237331,Ejected,258
0.0012589254117941675,2119986.3109696964,Ejected,54
0.005011872336272725,5995402.322249704,Ejected,234
0.0025118864315095794,4590432.371237331,Ejected,516
0.0025118864315095794,4590432.371237331,Ejected,696
0.0025118864315095794,4590432.371237331,Ejected,610
0.0025118864315095794,4590432.371237331,Ejected,573
0.005011872336272725,5995402.322249704,Ejected,685
0.0025118864315095794,4943542.553640203,Ejected,73
0.0012589254117941675,2119986.3109696964,Ejected,498
0.005011872336272725,6348073.047087922,Ejected,100
0.0025118864315095794,4943542.553640203,Ejected,125
0.0025118864315095794,4943542.553640203,Ejected,186
0.0025118864315095794,4943542.553640203,Ejected,277
0.0025118864315095794,4943542.553640203,Ejected,282
0.0025118864315095794,4943542.553640203,Ejected,404
0.0025118864315095794,4943542.553640203,Ejected,502
0.005011872336272725,6348073.047087922,Ejected,529
0.0025118864315095794,4943542.553640203,Ejected,538
0.0025118864315095794,4943542.553640203,Ejected,586
0.005011872336272725,6700743.77192614,Ejected,127
0.0025118864315095794,5296652.736043074,Ejected,120
0.005011872336272725,6700743.77192614,Ejected,488
0.0012589254117941675,2473317.362797979,Ejected,732
0.0025118864315095794,5296652.736043074,Ejected,390
0.0012589254117941675,2473317.362797979,Ejected,772
0.0025118864315095794,5296652.736043074,Ejected,587
0.005011872336272725,7053414.496764358,Ejected,215
0.0025118864315095794,5649762.918445946,Ejected,89
0.0025118864315095794,5649762.918445946,Ejected,105
0.0025118864315095794,5649762.918445946,Ejected,113
0.005011872336272725,7053414.496764358,Captured,614
0.0025118864315095794,5649762.918445946,Ejected,152
0.005011872336272725,7053414.496764358,Ejected,563
0.0025118864315095794,5649762.918445946,Ejected,326
0.0025118864315095794,5649762.918445946,Ejected,376
0.0025118864315095794,5649762.918445946,Ejected,350
0.0025118864315095794,5649762.918445946,Ejected,452
0.0025118864315095794,5649762.918445946,Ejected,405
0.0025118864315095794,5649762.918445946,Ejected,458
0.005011872336272725,7406085.221602576,Ejected,352
0.005011872336272725,7406085.221602576,Ejected,555
0.0025118864315095794,6002873.100848817,Ejected,77
0.005011872336272725,7406085.221602576,Ejected,755
0.005011872336272725,7406085.221602576,Ejected,796
0.0012589254117941675,2826648.4146262617,Ejected,376
0.0025118864315095794,6002873.100848817,Ejected,253
0.0012589254117941675,2826648.4146262617,Ejected,420
0.0025118864315095794,6002873.100848817,Ejected,500
0.0025118864315095794,6002873.100848817,Ejected,426
0.0012589254117941675,2826648.4146262617,Ejected,652
0.0025118864315095794,6002873.100848817,Ejected,509
0.01,10553963.170954376,Ejected,115
0.005011872336272725,8111426.671279011,Ejected,171
0.0025118864315095794,6355983.283251689,Ejected,146
0.0025118864315095794,6355983.283251689,Ejected,272
0.0012589254117941675,2826648.4146262617,Ejected,358
0.0012589254117941675,2826648.4146262617,Ejected,447
0.0025118864315095794,6355983.283251689,Ejected,425
0.0012589254117941675,2826648.4146262617,Ejected,607
0.0012589254117941675,2826648.4146262617,Ejected,706
0.000630957344480193,5301628.571900378,Captured,490
0.0012589254117941675,2826648.4146262617,Ejected,738
0.0025118864315095794,6709093.46565456,Ejected,270
0.0025118864315095794,6709093.46565456,Ejected,372
0.000630957344480193,5301628.571900378,Ejected,795
0.0025118864315095794,6709093.46565456,Ejected,492
0.005011872336272725,8464097.396117229,Captured,663
0.0025118864315095794,6709093.46565456,Ejected,615
0.0025118864315095794,6709093.46565456,Ejected,714
0.0025118864315095794,6709093.46565456,Ejected,671
0.005011872336272725,8816768.120955447,Captured,301
0.0025118864315095794,7062203.648057432,Ejected,55
0.0025118864315095794,7062203.648057432,Ejected,133
0.0025118864315095794,7062203.648057432,Ejected,243
0.0025118864315095794,7062203.648057432,Ejected,557
0.0012589254117941675,3179979.4664545446,Ejected,455
0.000630957344480193,6008512.381487095,Ejected,11
0.0012589254117941675,3179979.4664545446,Ejected,386
0.0025118864315095794,7062203.648057432,Ejected,603
0.0012589254117941675,3179979.4664545446,Ejected,687
0.0025118864315095794,7415313.830460303,Ejected,228
0.0025118864315095794,7415313.830460303,Ejected,209
0.005011872336272725,9522109.570631884,Ejected,251
0.0012589254117941675,3533310.518282827,Ejected,69
0.000630957344480193,6008512.381487095,Ejected,584
0.01,12664755.805145252,Ejected,448
0.0025118864315095794,7415313.830460303,Ejected,544
0.0012589254117941675,3533310.518282827,Ejected,209
0.01,13016554.577510398,Captured,44
0.0012589254117941675,3533310.518282827,Ejected,560
0.0012589254117941675,3533310.518282827,Ejected,624
0.0025118864315095794,7768424.012863175,Ejected,13
0.0012589254117941675,3533310.518282827,Ejected,553
0.0012589254117941675,3533310.518282827,Ejected,30
0.0025118864315095794,7768424.012863175,Ejected,312
0.0012589254117941675,3533310.518282827,Ejected,94
0.0012589254117941675,3533310.518282827,Ejected,143
0.000630957344480193,6361954.286280453,Ejected,472
0.000630957344480193,6361954.286280453,Ejected,520
0.0012589254117941675,3533310.518282827,Ejected,278
0.005011872336272725,10227451.02030832,Captured,85
0.0025118864315095794,7768424.012863175,Ejected,789
0.0012589254117941675,3533310.518282827,Ejected,491
0.0012589254117941675,3533310.518282827,Ejected,410
0.000630957344480193,6715396.191073812,Captured,49
0.005011872336272725,10227451.02030832,Ejected,325
0.01,14071950.894605836,Ejected,171
0.0012589254117941675,3886641.57011111,Ejected,96
0.000630957344480193,6715396.191073812,Ejected,473
0.0012589254117941675,3886641.57011111,Ejected,85
0.0012589254117941675,3886641.57011111,Ejected,340
0.0012589254117941675,3886641.57011111,Ejected,277
0.005011872336272725,10932792.469984755,Ejected,39
0.0012589254117941675,3886641.57011111,Ejected,793
0.0012589254117941675,3886641.57011111,Ejected,59
0.0025118864315095794,8474644.377668919,Ejected,521
0.0025118864315095794,8474644.377668919,Ejected,646
0.0012589254117941675,3886641.57011111,Ejected,242
0.01,14775548.439336129,Ejected,723
0.0012589254117941675,3886641.57011111,Ejected,511
0.0012589254117941675,3886641.57011111,Ejected,442
0.000630957344480193,7422280.000660529,Ejected,69
0.0025118864315095794,8827754.56007179,Ejected,389
0.0012589254117941675,3886641.57011111,Ejected,638
0.0012589254117941675,4239972.621939393,Ejected,148
0.005011872336272725,11638133.91966119,Ejected,124
0.0012589254117941675,4239972.621939393,Ejected,304
0.000630957344480193,7422280.000660529,Ejected,547
0.005011872336272725,11638133.91966119,Ejected,504
0.000630957344480193,7422280.000660529,Ejected,780
0.0025118864315095794,9180864.742474662,Ejected,414
0.0012589254117941675,4239972.621939393,Ejected,753
0.005011872336272725,11990804.644499408,Ejected,326
0.000630957344480193,7775721.905453888,Ejected,249
0.00031622776601683794,8130442.549417697,Captured,562
0.005011872336272725,11990804.644499408,Ejected,289
0.0012589254117941675,4239972.621939393,Ejected,214
0.0025118864315095794,9533974.924877534,Ejected,179
0.0012589254117941675,4239972.621939393,Ejected,415
0.000630957344480193,7775721.905453888,Ejected,586
0.0012589254117941675,4239972.621939393,Ejected,663
0.01,16534542.301161857,Ejected,108
0.000630957344480193,7775721.905453888,Ejected,754
0.0025118864315095794,9533974.924877534,Ejected,576
0.0012589254117941675,4239972.621939393,Ejected,506
0.0012589254117941675,4239972.621939393,Ejected,751
0.0025118864315095794,9533974.924877534,Ejected,534
0.0025118864315095794,9533974.924877534,Ejected,666
0.0012589254117941675,4239972.621939393,Ejected,642
0.0025118864315095794,9533974.924877534,Ejected,782
0.000630957344480193,8129163.810247246,Ejected,207
0.000630957344480193,8129163.810247246,Ejected,256
0.0025118864315095794,9887085.107280405,Ejected,588
0.0025118864315095794,9887085.107280405,Ejected,729
0.0012589254117941675,4593303.673767676,Ejected,661
0.01,17238139.84589215,Captured,515
0.0012589254117941675,4593303.673767676,Ejected,765
0.000630957344480193,8482605.715040606,Ejected,164
0.000630957344480193,8482605.715040606,Ejected,560
0.0012589254117941675,4593303.673767676,Ejected,378
0.000630957344480193,8836047.619833963,Ejected,76
0.0025118864315095794,10593305.472086148,Ejected,104
0.000630957344480193,8836047.619833963,Ejected,194
0.0012589254117941675,4593303.673767676,Ejected,794
0.000630957344480193,8836047.619833963,Ejected,235
0.0012589254117941675,4946634.725595958,Ejected,45
0.000630957344480193,8836047.619833963,Ejected,376
0.0012589254117941675,4946634.725595958,Ejected,368
0.0012589254117941675,4946634.725595958,Ejected,317
0.0025118864315095794,10593305.472086148,Ejected,734
0.0012589254117941675,4946634.725595958,Ejected,724
0.0012589254117941675,4946634.725595958,Ejected,789
0.0025118864315095794,10946415.65448902,Ejected,169
0.0025118864315095794,10946415.65448902,Ejected,341
0.0012589254117941675,4946634.725595958,Ejected,182
0.0025118864315095794,10946415.65448902,Ejected,530
0.0012589254117941675,4946634.725595958,Ejected,535
0.0012589254117941675,4946634.725595958,Ejected,438
0.0012589254117941675,4946634.725595958,Ejected,446
0.0012589254117941675,4946634.725595958,Ejected,458
0.0012589254117941675,4946634.725595958,Ejected,542
0.0025118864315095794,11299525.836891891,Ejected,165
0.0012589254117941675,5299965.7774242405,Ejected,244
0.0012589254117941675,5299965.7774242405,Ejected,356
0.0012589254117941675,5299965.7774242405,Ejected,333
0.000630957344480193,9542931.42942068,Ejected,578
0.0012589254117941675,5299965.7774242405,Ejected,688
0.0012589254117941675,5299965.7774242405,Ejected,641
0.0025118864315095794,11652636.019294763,Ejected,280
0.0012589254117941675,5299965.7774242405,Ejected,50
0.0025118864315095794,11652636.019294763,Ejected,370
0.0012589254117941675,5299965.7774242405,Ejected,307
0.0025118864315095794,11652636.019294763,Ejected,697
0.0012589254117941675,5299965.7774242405,Ejected,423
0.0012589254117941675,5299965.7774242405,Ejected,691
0.000630957344480193,9896373.33421404,Ejected,475
0.0025118864315095794,12005746.201697635,Ejected,317
0.0012589254117941675,5299965.7774242405,Ejected,654
0.0012589254117941675,5299965.7774242405,Ejected,678
0.0025118864315095794,12005746.201697635,Ejected,687
0.000630957344480193,10249815.239007397,Ejected,257
0.0012589254117941675,5653296.829252523,Ejected,436
0.0012589254117941675,5653296.829252523,Ejected,417
0.0012589254117941675,5653296.829252523,Ejected,637
0.000630957344480193,10249815.239007397,Ejected,526
0.0012589254117941675,5653296.829252523,Ejected,760
0.000630957344480193,10603257.143800756,Ejected,81
0.01,21811523.886639047,Captured,223
0.0025118864315095794,12711966.566503378,Ejected,318
0.000630957344480193,10603257.143800756,Ejected,724
0.000630957344480193,10956699.048594113,Ejected,74
0.0012589254117941675,6006627.881080806,Ejected,380
0.000630957344480193,10956699.048594113,Ejected,224
0.0012589254117941675,6006627.881080806,Ejected,768
0.000630957344480193,10956699.048594113,Ejected,601
0.000630957344480193,10956699.048594113,Ejected,702
0.0012589254117941675,6006627.881080806,Ejected,206
0.0012589254117941675,6006627.881080806,Ejected,239
0.0012589254117941675,6006627.881080806,Ejected,355
0.0025118864315095794,13418186.93130912,Ejected,109
0.0012589254117941675,6006627.881080806,Ejected,639
0.0012589254117941675,6006627.881080806,Ejected,550
0.000630957344480193,11310140.953387473,Ejected,685
0.0025118864315095794,13771297.113711992,Ejected,24
0.0012589254117941675,6359958.932909089,Ejected,384
0.0012589254117941675,6359958.932909089,Ejected,500
0.000630957344480193,11663582.858180832,Ejected,126
0.0012589254117941675,6359958.932909089,Ejected,628
0.0012589254117941675,6359958.932909089,Ejected,541
0.005011872336272725,17633536.241910893,Ejected,491
0.0012589254117941675,6359958.932909089,Ejected,295
0.0012589254117941675,6359958.932909089,Ejected,274
0.0012589254117941675,6359958.932909089,Ejected,383
0.0012589254117941675,6359958.932909089,Ejected,463
0.0012589254117941675,6359958.932909089,Ejected,450
0.0012589254117941675,6359958.932909089,Ejected,698
0.000630957344480193,12017024.76297419,Ejected,468
0.0025118864315095794,14124407.296114864,Ejected,643
0.0012589254117941675,6713289.984737371,Ejected,112
0.0012589254117941675,6713289.984737371,Ejected,313
0.0012589254117941675,6713289.984737371,Ejected,397
0.0012589254117941675,6713289.984737371,Ejected,401
0.0012589254117941675,6713289.984737371,Ejected,504
0.000630957344480193,12370466.667767549,Ejected,322
0.005011872336272725,18691548.41642555,Ejected,641
0.0012589254117941675,6713289.984737371,Ejected,263
0.0012589254117941675,6713289.984737371,Ejected,287
0.0012589254117941675,6713289.984737371,Ejected,407
0.00031622776601683794,13079407.579498034,Ejected,6
0.0012589254117941675,6713289.984737371,Ejected,615
0.0012589254117941675,6713289.984737371,Ejected,462
0.0012589254117941675,6713289.984737371,Ejected,695
0.000630957344480193,12723908.572560906,Ejected,1
0.000630957344480193,12723908.572560906,Ejected,156
0.00031622776601683794,13079407.579498034,Ejected,419
0.0025118864315095794,14830627.660920607,Ejected,701
0.000630957344480193,12723908.572560906,Ejected,431
0.0012589254117941675,7066621.036565654,Ejected,177
0.0012589254117941675,7066621.036565654,Ejected,296
0.0012589254117941675,7066621.036565654,Ejected,525
0.0012589254117941675,7066621.036565654,Ejected,684
0.0012589254117941675,7066621.036565654,Ejected,757
0.0012589254117941675,7066621.036565654,Ejected,134
0.01,26384907.927385945,Ejected,421
0.0012589254117941675,7066621.036565654,Ejected,503
0.0012589254117941675,7066621.036565654,Ejected,735
0.0012589254117941675,7066621.036565654,Ejected,779
0.0012589254117941675,7419952.088393937,Ejected,145
0.0012589254117941675,7419952.088393937,Ejected,228
0.0025118864315095794,15889958.208129222,Ejected,153
0.0012589254117941675,7419952.088393937,Ejected,536
0.000630957344480193,13430792.382147623,Ejected,562
0.0012589254117941675,7419952.088393937,Ejected,696
0.0012589254117941675,7419952.088393937,Ejected,114
0.000630957344480193,13784234.286940983,Ejected,130
0.000630957344480193,13784234.286940983,Ejected,168
0.000630957344480193,13784234.286940983,Ejected,214
0.000630957344480193,13784234.286940983,Ejected,313
0.000630957344480193,13784234.286940983,Ejected,307
0.0012589254117941675,7419952.088393937,Ejected,510
0.0012589254117941675,7419952.088393937,Ejected,530
0.0025118864315095794,16243068.390532093,Ejected,550
0.000630957344480193,14137676.19173434,Ejected,211
0.0012589254117941675,7773283.14022222,Ejected,372
0.000630957344480193,14137676.19173434,Ejected,267
0.000630957344480193,14137676.19173434,Ejected,254
0.000630957344480193,14137676.19173434,Ejected,348
0.0012589254117941675,7773283.14022222,Ejected,453
0.0012589254117941675,7773283.14022222,Ejected,722
0.0012589254117941675,7773283.14022222,Ejected,786
0.000630957344480193,14844560.001321059,Ejected,29
0.0012589254117941675,8126614.192050503,Ejected,477
0.0025118864315095794,17302398.93774071,Ejected,564
0.000630957344480193,14844560.001321059,Ejected,452
0.0012589254117941675,8126614.192050503,Ejected,18
0.000630957344480193,15198001.906114416,Ejected,50
0.000630957344480193,15198001.906114416,Ejected,388
0.0012589254117941675,8479945.243878786,Ejected,49
0.0012589254117941675,8479945.243878786,Ejected,105
0.0012589254117941675,8479945.243878786,Ejected,113
0.000630957344480193,15551443.810907776,Ejected,36
0.0012589254117941675,8479945.243878786,Ejected,752
0.005011872336272725,23276267.83932238,Captured,726
0.000630957344480193,15551443.810907776,Ejected,66
0.000630957344480193,15551443.810907776,Ejected,114
0.000630957344480193,15551443.810907776,Ejected,350
0.0012589254117941675,8479945.243878786,Ejected,418
0.0012589254117941675,8479945.243878786,Ejected,474
0.0025118864315095794,18361729.484949324,Ejected,442
0.0012589254117941675,8479945.243878786,Ejected,590
0.0012589254117941675,8833276.295707067,Ejected,12
0.0012589254117941675,8833276.295707067,Ejected,32
0.0012589254117941675,8833276.295707067,Ejected,149
0.0012589254117941675,8833276.295707067,Ejected,225
0.0012589254117941675,8833276.295707067,Ejected,272
0.000630957344480193,15904885.715701133,Ejected,359
0.0012589254117941675,8833276.295707067,Ejected,660
0.0012589254117941675,8833276.295707067,Ejected,19
0.0012589254117941675,8833276.295707067,Ejected,47
0.0012589254117941675,8833276.295707067,Ejected,603
0.0012589254117941675,9186607.347535351,Ejected,444
0.0012589254117941675,9186607.347535351,Ejected,357
0.0012589254117941675,9186607.347535351,Ejected,481
0.0012589254117941675,9186607.347535351,Ejected,580
0.0012589254117941675,9186607.347535351,Ejected,737
0.0012589254117941675,9186607.347535351,Ejected,106
0.000630957344480193,16611769.52528785,Ejected,550
0.000630957344480193,16965211.43008121,Ejected,329
0.000630957344480193,16965211.43008121,Ejected,667
0.000630957344480193,17318653.334874567,Ejected,351
0.00031622776601683794,17674875.107429776,Ejected,383
0.000630957344480193,17318653.334874567,Ejected,385
0.0012589254117941675,9539938.399363633,Ejected,343
0.0012589254117941675,9539938.399363633,Ejected,538
0.00031622776601683794,17674875.107429776,Ejected,693
0.0012589254117941675,9539938.399363633,Ejected,610
0.000630957344480193,17672095.239667926,Ejected,80
0.0012589254117941675,9893269.451191915,Ejected,20
0.000630957344480193,17672095.239667926,Ejected,132
0.0012589254117941675,9893269.451191915,Ejected,200
0.0012589254117941675,9893269.451191915,Ejected,485
0.000630957344480193,17672095.239667926,Ejected,459
0.0012589254117941675,9893269.451191915,Ejected,632
0.000630957344480193,17672095.239667926,Ejected,794
0.0012589254117941675,9893269.451191915,Ejected,243
0.000630957344480193,18025537.144461285,Ejected,335
0.0012589254117941675,9893269.451191915,Ejected,650
0.0012589254117941675,9893269.451191915,Ejected,778
0.000630957344480193,18025537.144461285,Ejected,619
0.000630957344480193,18378979.049254645,Ejected,84
0.0012589254117941675,10246600.503020199,Ejected,581
0.000630957344480193,18378979.049254645,Ejected,387
0.000630957344480193,18732420.954048,Ejected,365
0.0012589254117941675,10599931.554848481,Ejected,181
0.000630957344480193,18732420.954048,Ejected,438
0.0012589254117941675,10599931.554848481,Ejected,365
0.0012589254117941675,10599931.554848481,Ejected,456
0.000630957344480193,18732420.954048,Ejected,701
0.000630957344480193,18732420.954048,Ejected,707
0.000630957344480193,19085862.85884136,Ejected,295
0.0012589254117941675,10599931.554848481,Ejected,190
0.0012589254117941675,10599931.554848481,Ejected,395
0.0012589254117941675,10599931.554848481,Ejected,435
0.0012589254117941675,10599931.554848481,Ejected,523
0.000630957344480193,19085862.85884136,Ejected,523
0.000630957344480193,19085862.85884136,Ejected,763
0.000630957344480193,19439304.76363472,Ejected,28
0.0012589254117941675,10953262.606676765,Ejected,325
0.0012589254117941675,10953262.606676765,Ejected,432
0.0012589254117941675,10953262.606676765,Ejected,469
0.0012589254117941675,10953262.606676765,Ejected,14
0.0012589254117941675,10953262.606676765,Ejected,51
0.0012589254117941675,10953262.606676765,Ejected,171
0.0012589254117941675,10953262.606676765,Ejected,283
0.0012589254117941675,10953262.606676765,Ejected,507
0.000630957344480193,19792746.66842808,Ejected,277
0.0012589254117941675,10953262.606676765,Ejected,659
0.0012589254117941675,10953262.606676765,Ejected,662
0.0012589254117941675,11306593.658505047,Ejected,73
0.0012589254117941675,11306593.658505047,Ejected,141
0.000630957344480193,19792746.66842808,Ejected,768
0.000630957344480193,19792746.66842808,Ejected,772
0.000630957344480193,20146188.573221438,Ejected,115
0.0012589254117941675,11306593.658505047,Ejected,777
0.000630957344480193,20146188.573221438,Ejected,427
0.0012589254117941675,11306593.658505047,Ejected,310
0.0012589254117941675,11306593.658505047,Ejected,575
0.000630957344480193,20146188.573221438,Ejected,743
0.0012589254117941675,11659924.710333329,Ejected,91
0.0012589254117941675,11659924.710333329,Ejected,430
0.0012589254117941675,11659924.710333329,Ejected,655
0.0012589254117941675,12013255.762161613,Ejected,88
0.0025118864315095794,24717712.768201012,Ejected,574
0.0012589254117941675,12013255.762161613,Ejected,95
0.0012589254117941675,12013255.762161613,Ejected,151
0.0012589254117941675,12013255.762161613,Ejected,195
0.0012589254117941675,12013255.762161613,Ejected,666
0.0012589254117941675,12013255.762161613,Ejected,746
0.0012589254117941675,12013255.762161613,Ejected,782
0.0012589254117941675,12366586.813989894,Ejected,13
0.000630957344480193,21559956.19239487,Ejected,574
0.0012589254117941675,12366586.813989894,Ejected,704
0.000630957344480193,21913398.097188227,Ejected,67
0.000630957344480193,21913398.097188227,Ejected,162
0.0025118864315095794,25777043.315409627,Captured,422
0.000630957344480193,21913398.097188227,Ejected,481
0.00031622776601683794,22270342.63536152,Ejected,408
0.000630957344480193,21913398.097188227,Ejected,580
0.0012589254117941675,12719917.865818178,Ejected,33
0.0012589254117941675,12719917.865818178,Ejected,7
0.000630957344480193,22266840.001981586,Ejected,709
0.00031622776601683794,22623840.137510113,Ejected,524
0.000630957344480193,22620281.906774946,Ejected,34
0.000630957344480193,22620281.906774946,Ejected,111
0.0012589254117941675,12719917.865818178,Ejected,318
0.0012589254117941675,12719917.865818178,Ejected,451
0.000630957344480193,22620281.906774946,Ejected,558
0.000630957344480193,22973723.811568305,Ejected,52
0.000630957344480193,22973723.811568305,Ejected,134
0.000630957344480193,22973723.811568305,Ejected,158
0.0012589254117941675,13073248.91764646,Ejected,387
0.000630957344480193,23327165.716361664,Ejected,717
0.000630957344480193,23680607.62115502,Ejected,72
0.00031622776601683794,23684332.6439559,Ejected,725
0.0012589254117941675,13426579.969474742,Ejected,339
0.000630957344480193,23680607.62115502,Ejected,323
0.0012589254117941675,13426579.969474742,Ejected,539
0.000630957344480193,23680607.62115502,Ejected,781
0.000630957344480193,24034049.52594838,Ejected,179
0.000630957344480193,24034049.52594838,Ejected,372
0.0012589254117941675,13779911.021303026,Ejected,597
0.000630957344480193,24034049.52594838,Ejected,469
0.000630957344480193,24387491.43074174,Ejected,296
0.0012589254117941675,14133242.073131308,Ejected,41
0.005011872336272725,36325084.658336446,Ejected,693
0.000630957344480193,24387491.43074174,Ejected,747
0.0012589254117941675,14133242.073131308,Ejected,178
0.000630957344480193,24740933.335535098,Ejected,437
0.0012589254117941675,14133242.073131308,Ejected,775
0.000630957344480193,24740933.335535098,Ejected,658
0.000630957344480193,24740933.335535098,Ejected,698
0.000630957344480193,24740933.335535098,Ejected,746
0.000630957344480193,25094375.240328453,Ejected,10
0.000630957344480193,25094375.240328453,Ejected,203
0.000630957344480193,25094375.240328453,Ejected,237
0.0012589254117941675,14486573.124959592,Ejected,349
0.00031622776601683794,25451820.15469888,Ejected,11
0.0012589254117941675,14486573.124959592,Ejected,677
0.0012589254117941675,14486573.124959592,Ejected,697
0.0012589254117941675,14486573.124959592,Ejected,42
0.0012589254117941675,14839904.176787874,Ejected,405
0.000630957344480193,25801259.049915172,Ejected,37
0.0012589254117941675,14839904.176787874,Ejected,617
0.0012589254117941675,14839904.176787874,Ejected,99
0.000630957344480193,25801259.049915172,Ejected,380
0.00031622776601683794,26158815.158996068,Ejected,368
0.000630957344480193,26154700.95470853,Ejected,100
0.0012589254117941675,15193235.228616156,Ejected,196
0.0012589254117941675,15193235.228616156,Ejected,464
0.000630957344480193,26154700.95470853,Ejected,632
0.005011872336272725,39499121.18188041,Ejected,246
0.0012589254117941675,15193235.228616156,Ejected,258
0.000630957344480193,26508142.85950189,Ejected,279
0.0012589254117941675,15546566.28044444,Ejected,29
0.00031622776601683794,26865810.16329326,Ejected,635
0.000630957344480193,26861584.764295246,Ejected,643
0.000630957344480193,27215026.669088606,Ejected,150
0.0012589254117941675,15546566.28044444,Ejected,762
0.000630957344480193,27215026.669088606,Ejected,325
0.000630957344480193,27215026.669088606,Ejected,498
0.000630957344480193,27215026.669088606,Ejected,753
0.0012589254117941675,16253228.384101005,Ejected,429
0.0012589254117941675,16253228.384101005,Ejected,773
0.000630957344480193,27921910.478675324,Ejected,618
0.000630957344480193,28275352.38346868,Ejected,312
0.0012589254117941675,16606559.435929287,Ejected,44
0.0012589254117941675,16606559.435929287,Ejected,160
0.000630957344480193,28275352.38346868,Ejected,654
0.000630957344480193,28275352.38346868,Ejected,751
0.000630957344480193,28628794.28826204,Ejected,94
0.0012589254117941675,16606559.435929287,Ejected,118
0.0012589254117941675,16606559.435929287,Ejected,155
0.00031622776601683794,28633297.67403624,Ejected,629
0.000630957344480193,28628794.28826204,Ejected,599
0.0012589254117941675,16959890.48775757,Ejected,205
0.0012589254117941675,16959890.48775757,Ejected,229
0.0012589254117941675,16959890.48775757,Ejected,166
0.0012589254117941675,16959890.48775757,Ejected,427
0.000630957344480193,29335678.097848758,Ejected,327
0.000630957344480193,29689120.002642117,Ejected,579
0.000630957344480193,29689120.002642117,Ejected,708
0.0012589254117941675,17666552.591414135,Ejected,60
0.0012589254117941675,17666552.591414135,Ejected,107
0.000630957344480193,30396003.812228832,Ejected,270
0.000630957344480193,30396003.812228832,Ejected,487
0.000630957344480193,30396003.812228832,Ejected,651
0.000630957344480193,30396003.812228832,Ejected,722
0.000630957344480193,30749445.71702219,Ejected,75
0.0012589254117941675,18019883.64324242,Ejected,92
0.00031622776601683794,31107780.189076405,Ejected,89
0.0012589254117941675,18019883.64324242,Ejected,586
0.0012589254117941675,18373214.695070703,Ejected,497
0.000630957344480193,31456329.52660891,Ejected,294
0.000630957344480193,31456329.52660891,Ejected,399
0.0012589254117941675,18373214.695070703,Ejected,187
0.00031622776601683794,31461277.691225,Ejected,695
0.000630957344480193,31809771.431402266,Ejected,56
0.000630957344480193,31809771.431402266,Ejected,26
0.0012589254117941675,18373214.695070703,Ejected,671
0.000630957344480193,31809771.431402266,Ejected,316
0.0025118864315095794,37429679.33470439,Ejected,636
0.000630957344480193,31809771.431402266,Ejected,720
0.0012589254117941675,18726545.746898983,Ejected,596
0.0012589254117941675,18726545.746898983,Ejected,755
0.0012589254117941675,19079876.798727266,Ejected,16
0.000630957344480193,32516655.240988985,Ejected,343
0.00031622776601683794,32875267.699819382,Ejected,471
0.0012589254117941675,19433207.85055555,Ejected,249
0.0012589254117941675,19433207.85055555,Ejected,796
0.000630957344480193,33223539.0505757,Ejected,536
0.000630957344480193,33576980.95536906,Ejected,7
0.000630957344480193,33576980.95536906,Ejected,21
0.000630957344480193,33930422.86016242,Ejected,218
0.0012589254117941675,20139869.954212114,Ejected,236
0.00031622776601683794,34289257.708413765,Ejected,71
0.0012589254117941675,20139869.954212114,Ejected,776
0.0012589254117941675,20139869.954212114,Ejected,3
0.0012589254117941675,20139869.954212114,Ejected,338
0.000630957344480193,34637306.66974913,Ejected,642
0.0012589254117941675,20493201.006040398,Ejected,265
0.000630957344480193,35344190.47933585,Ejected,12
0.00031622776601683794,34996252.712710954,Ejected,766
0.0012589254117941675,20846532.057868678,Ejected,320
0.000630957344480193,35697632.38412921,Ejected,58
0.00031622776601683794,35349750.21485955,Ejected,516
0.000630957344480193,36051074.28892257,Ejected,516
0.00031622776601683794,36056745.21915674,Ejected,221
0.000630957344480193,36404516.19371593,Ejected,444
0.000630957344480193,36404516.19371593,Ejected,764
0.000630957344480193,36757958.09850929,Ejected,3
0.000630957344480193,36757958.09850929,Ejected,305
0.0012589254117941675,21553194.161525246,Ejected,202
0.00031622776601683794,37117237.72560253,Ejected,47
0.0012589254117941675,21906525.21335353,Ejected,366
0.0012589254117941675,21906525.21335353,Ejected,370
0.00031622776601683794,37470735.22775113,Ejected,42
0.000630957344480193,37818283.81288936,Ejected,88
0.00031622776601683794,37470735.22775113,Ejected,362
0.00031622776601683794,37824232.72989972,Ejected,67
0.00031622776601683794,37824232.72989972,Ejected,681
0.00031622776601683794,38531227.73419691,Ejected,147
0.00031622776601683794,38531227.73419691,Ejected,180
0.0012589254117941675,22966518.368838377,Ejected,224
0.0012589254117941675,22966518.368838377,Ejected,544
0.000630957344480193,38878609.52726944,Ejected,776
0.0012589254117941675,23319849.420666657,Ejected,169
0.000630957344480193,39585493.33685616,Ejected,251
0.00031622776601683794,39238222.738494106,Ejected,677
0.0012589254117941675,23319849.420666657,Ejected,306
0.000630957344480193,39938935.241649516,Ejected,87
0.00031622776601683794,39945217.742791295,Ejected,407
0.000630957344480193,40999260.95602959,Ejected,647
0.0012589254117941675,24026511.524323225,Ejected,710
0.0012589254117941675,24733173.62797979,Ejected,404
0.0012589254117941675,24733173.62797979,Ejected,657
0.00031622776601683794,41359207.751385674,Ejected,701
0.00031622776601683794,41359207.751385674,Ejected,785
0.000630957344480193,42059586.670409665,Ejected,677
0.0012589254117941675,24733173.62797979,Ejected,635
0.000630957344480193,42413028.575203024,Ejected,398
0.000630957344480193,42413028.575203024,Ejected,737
0.0012589254117941675,25086504.679808073,Ejected,601
0.000630957344480193,43119912.38478974,Ejected,142
0.0012589254117941675,25086504.679808073,Ejected,531
0.000630957344480193,43119912.38478974,Ejected,281
0.00031622776601683794,42419700.25783146,Ejected,663
0.000630957344480193,44180238.09916981,Ejected,113
0.000630957344480193,44180238.09916981,Ejected,243
0.000630957344480193,44533680.00396317,Ejected,663
0.000630957344480193,45594005.71834325,Ejected,112
0.00031622776601683794,44540685.27072304,Ejected,641
0.00031622776601683794,44894182.77287163,Ejected,239
0.00031622776601683794,45247680.27502023,Ejected,703
0.000630957344480193,47361215.24231004,Ejected,141
0.00031622776601683794,45954675.279317416,Ejected,451
0.00031622776601683794,45954675.279317416,Ejected,608
0.000630957344480193,48774982.86148348,Ejected,106
0.000630957344480193,48774982.86148348,Ejected,561
0.000630957344480193,48774982.86148348,Ejected,585
0.000630957344480193,48774982.86148348,Ejected,792
0.0012589254117941675,28266484.146262616,Ejected,424
0.000630957344480193,49128424.76627684,Ejected,220
0.0012589254117941675,28619815.1980909,Ejected,156
0.00031622776601683794,47722162.79006039,Ejected,422
0.00031622776601683794,47722162.79006039,Ejected,513
0.000630957344480193,49835308.575863555,Ejected,535
0.000630957344480193,50188750.48065691,Ejected,65
0.00031622776601683794,48075660.29220899,Ejected,49
0.00031622776601683794,48782655.29650618,Ejected,312
0.00031622776601683794,50196645.30510057,Ejected,741
0.000630957344480193,53016285.71900378,Ejected,635
0.00031622776601683794,50550142.80724916,Ejected,216
0.000630957344480193,53369727.62379713,Ejected,450
0.000630957344480193,53723169.52859049,Ejected,140
0.000630957344480193,54430053.33817721,Ejected,230
0.000630957344480193,54783495.24297057,Ejected,228
0.0012589254117941675,31446463.612717163,Ejected,622
0.00031622776601683794,52671127.820140734,Ejected,619
0.00031622776601683794,52671127.820140734,Ejected,738
0.000630957344480193,56197262.86214401,Ejected,519
0.00031622776601683794,53024625.322289325,Ejected,744
0.00031622776601683794,53378122.824437924,Ejected,169
0.00031622776601683794,53378122.824437924,Ejected,205
0.000630957344480193,56550704.76693736,Ejected,710
0.000630957344480193,56904146.67173072,Ejected,222
0.00031622776601683794,53731620.32658652,Ejected,548
0.00031622776601683794,53731620.32658652,Ejected,630
0.0012589254117941675,32506456.76820201,Ejected,781
0.00031622776601683794,54085117.82873511,Ejected,103
0.000630957344480193,57611030.48131744,Ejected,221
0.000630957344480193,57964472.3861108,Ejected,121
0.0012589254117941675,32859787.82003029,Ejected,262
0.000630957344480193,58317914.29090416,Ejected,454
0.0012589254117941675,33213118.871858574,Ejected,281
0.000630957344480193,59731681.910077594,Ejected,711
0.000630957344480193,60085123.814870946,Ejected,189
0.00031622776601683794,56206102.84162669,Ejected,499
0.000630957344480193,60438565.719664305,Ejected,4
0.0012589254117941675,33919780.97551514,Ejected,519
0.00031622776601683794,56559600.34377529,Ejected,361
0.0012589254117941675,34273112.02734342,Ejected,207
0.000630957344480193,62559217.14842446,Ejected,588
0.00031622776601683794,58680585.356666856,Ejected,754
0.000630957344480193,63266100.95801117,Ejected,727
0.00031622776601683794,59034082.858815454,Ejected,658
0.000630957344480193,65386752.38677133,Ejected,234
0.00031622776601683794,61155067.87170702,Ejected,351
0.00031622776601683794,61155067.87170702,Ejected,433
0.00031622776601683794,62215560.37815281,Ejected,66
0.0012589254117941675,37453091.493797965,Ejected,443
0.000630957344480193,67507403.81553148,Ejected,553
0.000630957344480193,67507403.81553148,Ejected,581
0.000630957344480193,67507403.81553148,Ejected,644
0.000630957344480193,68214287.6251182,Ejected,167
0.00031622776601683794,62922555.38245,Ejected,609
0.00031622776601683794,63629550.3867472,Ejected,46
0.00031622776601683794,63983047.88889579,Ejected,683
0.0012589254117941675,38866415.7011111,Ejected,413
0.00031622776601683794,64336545.391044386,Ejected,22
0.00031622776601683794,64336545.391044386,Ejected,698
0.000630957344480193,70334939.05387835,Ejected,790
0.00031622776601683794,66104032.90178736,Ejected,441
0.00031622776601683794,66104032.90178736,Ejected,730
0.00031622776601683794,66457530.40393596,Ejected,269
0.00031622776601683794,67164525.40823315,Ejected,574
0.00031622776601683794,67518022.91038175,Ejected,452
0.00031622776601683794,67871520.41253033,Ejected,440
0.000630957344480193,74929683.816192,Ejected,736
0.00031622776601683794,68578515.41682753,Ejected,434
0.00031622776601683794,68932012.91897613,Ejected,197
0.00031622776601683794,68932012.91897613,Ejected,669
0.00031622776601683794,69285510.42112473,Ejected,110
0.00031622776601683794,69285510.42112473,Ejected,557
0.000630957344480193,76343451.43536544,Ejected,216
0.00031622776601683794,69992505.42542191,Ejected,468
0.00031622776601683794,70699500.4297191,Ejected,196
0.000630957344480193,78464102.8641256,Ejected,191
0.00031622776601683794,72113490.43831348,Ejected,541
0.0012589254117941675,44166381.47853534,Ejected,742
0.00031622776601683794,73173982.94475928,Ejected,438
0.000630957344480193,81645080.00726582,Ejected,299
0.00031622776601683794,74234475.45120506,Ejected,628
0.00031622776601683794,74587972.95335366,Ejected,527
0.00031622776601683794,74941470.45550226,Ejected,161
0.0012589254117941675,45579705.68584847,Ejected,466
0.000630957344480193,83058847.62643926,Ejected,684
0.00031622776601683794,76001962.96194804,Ejected,769
0.000630957344480193,85179499.0551994,Ejected,609
0.00031622776601683794,77769450.47269101,Ejected,603
0.0012589254117941675,48053023.04864645,Ejected,194
0.00031622776601683794,80243932.98773119,Ejected,508
0.00031622776601683794,80243932.98773119,Ejected,610
0.00031622776601683794,80243932.98773119,Ejected,788
0.00031622776601683794,80597430.48987977,Ejected,518
0.00031622776601683794,81657922.99632557,Ejected,354
0.00031622776601683794,82364918.00062275,Ejected,684
0.00031622776601683794,84485903.01351433,Ejected,559
0.00031622776601683794,84839400.51566292,Ejected,479
0.00031622776601683794,84839400.51566292,Ejected,727
0.00031622776601683794,85546395.51996012,Ejected,173
0.00031622776601683794,85546395.51996012,Ejected,428
0.00031622776601683794,86960385.5285545,Ejected,181
0.00031622776601683794,86960385.5285545,Ejected,492
0.00031622776601683794,86960385.5285545,Ejected,558
0.00031622776601683794,87313883.0307031,Ejected,631
0.0012589254117941675,53352988.82607069,Ejected,478
0.000630957344480193,96843081.91338024,Ejected,621
0.00031622776601683794,89788365.54574326,Ejected,726
0.00031622776601683794,90495360.55004045,Ejected,18
0.00031622776601683794,93676838.06937781,Ejected,387
0.00031622776601683794,93676838.06937781,Ejected,450
0.00031622776601683794,94383833.073675,Ejected,655
0.00031622776601683794,94383833.073675,Ejected,704
0.000630957344480193,103911920.0092474,Ejected,266
0.00031622776601683794,95444325.58012079,Ejected,225
0.00031622776601683794,95797823.08226939,Ejected,35
0.00031622776601683794,95797823.08226939,Ejected,470
0.00031622776601683794,96151320.58441798,Ejected,106
0.00031622776601683794,96151320.58441798,Ejected,317
0.00031622776601683794,96858315.58871517,Ejected,474
0.000630957344480193,106032571.43800756,Ejected,791
0.00031622776601683794,97918808.09516096,Ejected,454
0.00031622776601683794,98272305.59730956,Ejected,322
0.000630957344480193,108153222.8667677,Ejected,190
0.00031622776601683794,99332798.10375534,Ejected,787
0.00031622776601683794,99686295.60590394,Ejected,485
0.00031622776601683794,101100285.61449832,Ejected,687
0.00031622776601683794,104988758.13813287,Ejected,53
0.00031622776601683794,104988758.13813287,Ejected,748
0.00031622776601683794,107109743.15102445,Ejected,372
0.00031622776601683794,107463240.65317304,Ejected,729
0.00031622776601683794,110644718.1725104,Ejected,223
0.00031622776601683794,111351713.17680758,Ejected,99
0.00031622776601683794,113472698.18969916,Ejected,178
0.00031622776601683794,113472698.18969916,Ejected,652
0.00031622776601683794,113472698.18969916,Ejected,668
0.00031622776601683794,113472698.18969916,Ejected,776
0.00031622776601683794,113826195.69184776,Ejected,209
0.00031622776601683794,113826195.69184776,Ejected,364
0.00031622776601683794,114533190.69614495,Ejected,774
0.00031622776601683794,115593683.20259073,Ejected,273
0.00031622776601683794,115593683.20259073,Ejected,420
0.00031622776601683794,116300678.20688793,Ejected,206
0.00031622776601683794,119835653.22837389,Ejected,45
0.00031622776601683794,120896145.73481967,Ejected,715
0.00031622776601683794,124077623.25415702,Ejected,749
0.00031622776601683794,125845110.7649,Ejected,236
0.00031622776601683794,126905603.2713458,Ejected,464
0.00031622776601683794,129026588.28423737,Ejected,373
0.00031622776601683794,132208065.80357473,Ejected,403
0.00031622776601683794,133622055.8121691,Ejected,115
0.00031622776601683794,133975553.3143177,Ejected,94
0.00031622776601683794,134329050.8164663,Ejected,118
0.00031622776601683794,138217523.34010085,Ejected,382
0.00031622776601683794,139631513.34869522,Ejected,319
0.00031622776601683794,141045503.3572896,Ejected,686
0.00031622776601683794,141752498.3615868,Ejected,29
0.00031622776601683794,146347965.88951856,Ejected,679
0.00031622776601683794,146701463.39166713,Ejected,780
0.00031622776601683794,148115453.40026152,Ejected,139
0.00031622776601683794,151650428.42174748,Ejected,231
0.00031622776601683794,152003925.92389607,Ejected,363
0.00031622776601683794,153417915.93249047,Ejected,421
0.00031622776601683794,153417915.93249047,Ejected,731
0.00031622776601683794,158013383.4604222,Ejected,796
0.00031622776601683794,159073875.96686798,Ejected,595
0.00031622776601683794,160487865.97546238,Ejected,417
0.00031622776601683794,162962348.49050254,Ejected,50
0.00031622776601683794,162962348.49050254,Ejected,58
0.00031622776601683794,162962348.49050254,Ejected,596
0.00031622776601683794,170032298.53347445,Ejected,213
0.00031622776601683794,173567273.5549604,Ejected,728
