0.0025118864315095794,0.0,Captured,163
0.000630957344480193,0.0,Captured,154
0.000630957344480193,0.0,Captured,566
0.01,0.0,Captured,10
0.01,0.0,Captured,783
0.01,0.0,Captured,17
0.005011872336272725,0.0,Captured,99
0.005011872336272725,0.0,Captured,141
0.01,13930.520662939849,Ejected,470
0.01,16915.632233569817,Ejected,66
0.0012589254117941675,8994.34017905595,Captured,563
0.01,16915.632233569817,Ejected,390
0.01,16915.632233569817,Ejected,634
0.01,17910.669423779804,Ejected,91
0.01,18905.706613989794,Ejected,142
0.01,18905.706613989794,Ejected,507
0.01,18905.706613989794,Ejected,525
0.01,18905.706613989794,Ejected,752
0.01,19900.74380419978,Ejected,33
0.01,19900.74380419978,Ejected,238
0.01,19900.74380419978,Ejected,602
0.01,19900.74380419978,Ejected,489
0.01,19900.74380419978,Ejected,535
0.01,19900.74380419978,Ejected,706
0.01,19900.74380419978,Ejected,774
0.01,20895.78099440977,Ejected,259
0.01,20895.78099440977,Ejected,341
0.01,20895.78099440977,Ejected,346
0.01,20895.78099440977,Ejected,395
0.01,20895.78099440977,Ejected,435
0.01,20895.78099440977,Ejected,600
0.01,20895.78099440977,Ejected,581
0.01,21890.818184619762,Ejected,45
0.01,21890.818184619762,Ejected,54
0.01,21890.818184619762,Ejected,181
0.01,21890.818184619762,Ejected,312
0.01,21890.818184619762,Ejected,548
0.01,21890.818184619762,Ejected,461
0.01,21890.818184619762,Ejected,542
0.01,21890.818184619762,Ejected,712
0.01,21890.818184619762,Ejected,720
0.01,21890.818184619762,Ejected,792
0.01,22885.85537482975,Ejected,456
0.01,22885.85537482975,Ejected,468
0.01,22885.85537482975,Ejected,313
0.01,22885.85537482975,Ejected,463
0.01,22885.85537482975,Ejected,517
0.01,22885.85537482975,Ejected,626
0.01,22885.85537482975,Ejected,654
0.01,22885.85537482975,Ejected,658
0.01,22885.85537482975,Ejected,625
0.01,23880.89256503974,Ejected,36
0.01,23880.89256503974,Ejected,348
0.01,23880.89256503974,Ejected,433
0.01,23880.89256503974,Ejected,521
0.01,23880.89256503974,Ejected,571
0.01,23880.89256503974,Ejected,589
0.01,23880.89256503974,Ejected,641
0.01,23880.89256503974,Ejected,718
0.01,23880.89256503974,Ejected,766
0.01,23880.89256503974,Ejected,795
0.01,24875.92975524973,Ejected,39
0.01,24875.92975524973,Ejected,24
0.01,24875.92975524973,Ejected,68
0.01,24875.92975524973,Ejected,106
0.01,24875.92975524973,Ejected,213
0.01,24875.92975524973,Ejected,258
0.01,24875.92975524973,Ejected,287
0.01,24875.92975524973,Ejected,512
0.01,24875.92975524973,Ejected,387
0.01,24875.92975524973,Ejected,413
0.01,24875.92975524973,Ejected,427
0.01,24875.92975524973,Ejected,636
0.01,24875.92975524973,Ejected,519
0.01,24875.92975524973,Ejected,555
0.01,24875.92975524973,Ejected,677
0.01,24875.92975524973,Ejected,726
0.01,24875.92975524973,Ejected,785
0.01,25870.966945459717,Ejected,8
0.01,25870.966945459717,Ejected,214
0.01,25870.966945459717,Ejected,239
0.01,25870.966945459717,Ejected,301
0.01,25870.966945459717,Ejected,524
0.01,25870.966945459717,Ejected,337
0.01,25870.966945459717,Ejected,391
0.01,25870.966945459717,Ejected,604
0.01,25870.966945459717,Ejected,773
0.01,26866.004135669707,Ejected,169
0.01,26866.004135669707,Ejected,176
0.01,26866.004135669707,Ejected,253
0.01,26866.004135669707,Ejected,300
0.01,26866.004135669707,Ejected,290
0.01,26866.004135669707,Ejected,305
0.01,26866.004135669707,Ejected,532
0.01,26866.004135669707,Ejected,556
0.01,26866.004135669707,Ejected,453
0.01,27861.041325879698,Ejected,1
0.01,27861.041325879698,Ejected,148
0.01,27861.041325879698,Ejected,153
0.01,27861.041325879698,Ejected,157
0.01,27861.041325879698,Ejected,150
0.01,27861.041325879698,Ejected,282
0.01,27861.041325879698,Ejected,308
0.01,27861.041325879698,Ejected,392
0.01,27861.041325879698,Ejected,508
0.01,27861.041325879698,Ejected,321
0.01,27861.041325879698,Ejected,514
0.01,27861.041325879698,Ejected,558
0.01,27861.041325879698,Ejected,559
0.01,27861.041325879698,Ejected,740
0.01,27861.041325879698,Ejected,662
0.01,27861.041325879698,Ejected,764
0.01,28856.078516089685,Ejected,83
0.01,28856.078516089685,Ejected,218
0.01,28856.078516089685,Ejected,242
0.01,28856.078516089685,Ejected,294
0.01,28856.078516089685,Ejected,329
0.01,28856.078516089685,Ejected,582
0.01,28856.078516089685,Ejected,586
0.01,28856.078516089685,Ejected,597
0.01,28856.078516089685,Ejected,722
0.01,28856.078516089685,Ejected,734
0.01,28856.078516089685,Ejected,746
0.01,28856.078516089685,Ejected,727
0.01,28856.078516089685,Ejected,743
0.01,29851.115706299675,Ejected,21
0.01,29851.115706299675,Ejected,97
0.01,29851.115706299675,Ejected,109
0.01,29851.115706299675,Ejected,236
0.01,29851.115706299675,Ejected,187
0.01,29851.115706299675,Ejected,472
0.01,29851.115706299675,Ejected,285
0.01,29851.115706299675,Ejected,540
0.01,29851.115706299675,Ejected,419
0.01,29851.115706299675,Ejected,660
0.01,29851.115706299675,Ejected,601
0.01,30846.152896509662,Ejected,170
0.01,30846.152896509662,Ejected,228
0.01,30846.152896509662,Ejected,280
0.01,30846.152896509662,Ejected,440
0.01,30846.152896509662,Ejected,580
0.01,30846.152896509662,Ejected,735
0.01,30846.152896509662,Ejected,791
0.01,31841.190086719653,Ejected,29
0.01,31841.190086719653,Ejected,344
0.01,31841.190086719653,Ejected,372
0.01,31841.190086719653,Ejected,326
0.01,31841.190086719653,Ejected,297
0.01,31841.190086719653,Ejected,317
0.01,31841.190086719653,Ejected,379
0.01,31841.190086719653,Ejected,657
0.01,31841.190086719653,Ejected,709
0.01,31841.190086719653,Ejected,739
0.01,32836.22727692964,Ejected,14
0.01,32836.22727692964,Ejected,19
0.01,32836.22727692964,Ejected,140
0.01,32836.22727692964,Ejected,163
0.01,32836.22727692964,Ejected,220
0.01,32836.22727692964,Ejected,219
0.01,32836.22727692964,Ejected,365
0.01,32836.22727692964,Ejected,385
0.01,32836.22727692964,Ejected,716
0.01,32836.22727692964,Ejected,565
0.01,32836.22727692964,Ejected,627
0.01,32836.22727692964,Ejected,750
0.01,33831.264467139634,Ejected,162
0.01,33831.264467139634,Ejected,288
0.01,33831.264467139634,Ejected,292
0.01,33831.264467139634,Ejected,352
0.01,33831.264467139634,Ejected,418
0.01,33831.264467139634,Ejected,640
0.01,33831.264467139634,Ejected,562
0.01,33831.264467139634,Ejected,574
0.01,33831.264467139634,Ejected,681
0.01,33831.264467139634,Ejected,667
0.01,33831.264467139634,Ejected,707
0.01,34826.30165734962,Ejected,30
0.01,34826.30165734962,Ejected,492
0.01,34826.30165734962,Ejected,366
0.01,34826.30165734962,Ejected,668
0.01,34826.30165734962,Ejected,688
0.01,34826.30165734962,Ejected,618
0.01,34826.30165734962,Ejected,780
0.01,34826.30165734962,Ejected,679
0.01,35821.33884755961,Ejected,147
0.01,35821.33884755961,Ejected,293
0.01,35821.33884755961,Ejected,369
0.01,35821.33884755961,Ejected,371
0.01,35821.33884755961,Ejected,502
0.01,35821.33884755961,Ejected,491
0.01,35821.33884755961,Ejected,570
0.01,35821.33884755961,Ejected,578
0.01,36816.3760377696,Ejected,112
0.01,36816.3760377696,Ejected,121
0.01,36816.3760377696,Ejected,234
0.01,36816.3760377696,Ejected,223
0.01,36816.3760377696,Ejected,336
0.01,36816.3760377696,Ejected,309
0.01,36816.3760377696,Ejected,449
0.01,36816.3760377696,Ejected,656
0.01,36816.3760377696,Ejected,469
0.01,37811.41322797959,Ejected,43
0.01,37811.41322797959,Ejected,335
0.01,37811.41322797959,Ejected,414
0.01,37811.41322797959,Ejected,510
0.01,38806.450418189575,Ejected,194
0.01,38806.450418189575,Ejected,476
0.01,38806.450418189575,Ejected,339
0.01,38806.450418189575,Ejected,381
0.01,38806.450418189575,Ejected,386
0.01,38806.450418189575,Ejected,652
0.01,38806.450418189575,Ejected,551
0.01,38806.450418189575,Ejected,650
0.005011872336272725,22942.579217435254,Ejected,678
0.01,39801.48760839956,Ejected,141
0.01,39801.48760839956,Ejected,146
0.01,39801.48760839956,Ejected,197
0.01,39801.48760839956,Ejected,199
0.01,39801.48760839956,Ejected,368
0.01,39801.48760839956,Ejected,380
0.005011872336272725,23940.08266167157,Ejected,332
0.01,39801.48760839956,Ejected,402
0.005011872336272725,23940.08266167157,Ejected,246
0.01,39801.48760839956,Ejected,603
0.01,39801.48760839956,Ejected,687
0.01,39801.48760839956,Ejected,778
0.01,40796.52479860956,Ejected,323
0.01,40796.52479860956,Ejected,459
0.01,40796.52479860956,Ejected,629
0.01,40796.52479860956,Ejected,737
0.01,40796.52479860956,Ejected,753
0.005011872336272725,25935.089550144203,Ejected,39
0.005011872336272725,25935.089550144203,Ejected,233
0.01,42786.59917902953,Ejected,88
0.01,42786.59917902953,Ejected,104
0.01,42786.59917902953,Ejected,132
0.005011872336272725,25935.089550144203,Ejected,543
0.01,42786.59917902953,Ejected,451
0.005011872336272725,25935.089550144203,Ejected,564
0.01,42786.59917902953,Ejected,777
0.01,43781.636369239524,Ejected,122
0.01,43781.636369239524,Ejected,230
0.005011872336272725,26932.592994380517,Ejected,273
0.01,43781.636369239524,Ejected,302
0.01,43781.636369239524,Ejected,319
0.01,43781.636369239524,Ejected,648
0.000630957344480193,21993.062751868903,Ejected,79
0.01,43781.636369239524,Ejected,738
0.01,43781.636369239524,Ejected,755
0.01,43781.636369239524,Ejected,793
0.01,44776.67355944951,Ejected,79
0.01,44776.67355944951,Ejected,211
0.01,44776.67355944951,Ejected,340
0.01,44776.67355944951,Ejected,334
0.005011872336272725,27930.09643861683,Ejected,200
0.01,44776.67355944951,Ejected,446
0.01,44776.67355944951,Ejected,567
0.01,44776.67355944951,Ejected,686
0.005011872336272725,27930.09643861683,Ejected,539
0.0025118864315095794,28963.646120038353,Captured,645
0.01,44776.67355944951,Ejected,799
0.01,45771.7107496595,Ejected,31
0.01,45771.7107496595,Ejected,221
0.01,45771.7107496595,Ejected,376
0.01,45771.7107496595,Ejected,506
0.01,45771.7107496595,Ejected,628
0.01,45771.7107496595,Ejected,708
0.005011872336272725,28927.59988285315,Ejected,194
0.01,45771.7107496595,Ejected,643
0.005011872336272725,28927.59988285315,Ejected,419
0.01,46766.74793986949,Ejected,15
0.005011872336272725,28927.59988285315,Ejected,695
0.01,46766.74793986949,Ejected,384
0.005011872336272725,28927.59988285315,Ejected,470
0.01,46766.74793986949,Ejected,342
0.005011872336272725,28927.59988285315,Ejected,544
0.005011872336272725,28927.59988285315,Ejected,741
0.01,46766.74793986949,Ejected,471
0.01,46766.74793986949,Ejected,527
0.01,46766.74793986949,Ejected,646
0.01,46766.74793986949,Ejected,703
0.005011872336272725,29925.103327089462,Ejected,187
0.01,47761.78513007948,Ejected,22
0.01,47761.78513007948,Ejected,120
0.0025118864315095794,30961.138955903065,Ejected,275
0.01,47761.78513007948,Ejected,267
0.01,47761.78513007948,Ejected,436
0.01,47761.78513007948,Ejected,277
0.01,48756.822320289466,Ejected,0
0.01,48756.822320289466,Ejected,42
0.01,48756.822320289466,Ejected,96
0.0025118864315095794,30961.138955903065,Ejected,746
0.01,48756.822320289466,Ejected,576
0.01,48756.822320289466,Ejected,537
0.005011872336272725,30922.60677132578,Ejected,703
0.01,48756.822320289466,Ejected,665
0.005011872336272725,30922.60677132578,Ejected,791
0.01,48756.822320289466,Ejected,749
0.01,48756.822320289466,Ejected,751
0.01,49751.85951049946,Ejected,105
0.01,49751.85951049946,Ejected,87
0.01,49751.85951049946,Ejected,208
0.0025118864315095794,31959.885373835423,Captured,663
0.01,49751.85951049946,Ejected,306
0.005011872336272725,31920.110215562094,Ejected,60
0.005011872336272725,31920.110215562094,Ejected,127
0.01,49751.85951049946,Ejected,642
0.01,50746.89670070945,Ejected,49
0.005011872336272725,31920.110215562094,Ejected,615
0.01,50746.89670070945,Ejected,192
0.01,50746.89670070945,Ejected,252
0.005011872336272725,31920.110215562094,Ejected,574
0.01,50746.89670070945,Ejected,450
0.005011872336272725,31920.110215562094,Ejected,766
0.01,50746.89670070945,Ejected,605
0.01,50746.89670070945,Ejected,730
0.005011872336272725,32917.61365979841,Ejected,188
0.01,51741.933890919434,Ejected,4
0.005011872336272725,32917.61365979841,Ejected,291
0.01,51741.933890919434,Ejected,115
0.01,51741.933890919434,Ejected,171
0.005011872336272725,32917.61365979841,Ejected,400
0.01,51741.933890919434,Ejected,360
0.005011872336272725,32917.61365979841,Ejected,466
0.005011872336272725,32917.61365979841,Ejected,621
0.005011872336272725,32917.61365979841,Ejected,661
0.01,51741.933890919434,Ejected,479
0.0025118864315095794,33957.37820970014,Ejected,108
0.01,51741.933890919434,Ejected,531
0.005011872336272725,32917.61365979841,Ejected,692
0.01,52736.97108112943,Ejected,92
0.01,52736.97108112943,Ejected,108
0.005011872336272725,33915.117104034725,Ejected,335
0.005011872336272725,33915.117104034725,Ejected,452
0.005011872336272725,33915.117104034725,Ejected,516
0.005011872336272725,33915.117104034725,Ejected,522
0.005011872336272725,33915.117104034725,Ejected,796
0.005011872336272725,34912.62054827104,Ejected,96
0.005011872336272725,34912.62054827104,Ejected,215
0.005011872336272725,34912.62054827104,Ejected,231
0.01,53732.008271339415,Ejected,676
0.01,53732.008271339415,Ejected,768
0.005011872336272725,34912.62054827104,Ejected,286
0.005011872336272725,34912.62054827104,Ejected,380
0.0025118864315095794,34956.1246276325,Ejected,603
0.01,53732.008271339415,Ejected,769
0.0025118864315095794,34956.1246276325,Ejected,723
0.01,54727.0454615494,Ejected,60
0.01,54727.0454615494,Ejected,307
0.01,54727.0454615494,Ejected,554
0.0025118864315095794,35954.871045564854,Ejected,1
0.005011872336272725,35910.12399250735,Ejected,317
0.0025118864315095794,35954.871045564854,Ejected,304
0.01,55722.082651759396,Ejected,174
0.01,55722.082651759396,Ejected,229
0.005011872336272725,35910.12399250735,Ejected,434
0.01,55722.082651759396,Ejected,383
0.01,55722.082651759396,Ejected,579
0.01,55722.082651759396,Ejected,638
0.01,55722.082651759396,Ejected,653
0.005011872336272725,35910.12399250735,Ejected,792
0.01,56717.11984196938,Ejected,26
0.01,56717.11984196938,Ejected,81
0.005011872336272725,36907.62743674367,Ejected,245
0.01,56717.11984196938,Ejected,264
0.0025118864315095794,36953.617463497205,Ejected,28
0.01,56717.11984196938,Ejected,231
0.005011872336272725,36907.62743674367,Ejected,655
0.005011872336272725,36907.62743674367,Ejected,602
0.01,56717.11984196938,Ejected,651
0.005011872336272725,36907.62743674367,Ejected,636
0.005011872336272725,37905.13088097999,Ejected,14
0.005011872336272725,37905.13088097999,Ejected,128
0.005011872336272725,37905.13088097999,Ejected,160
0.01,57712.15703217937,Ejected,457
0.01,57712.15703217937,Ejected,495
0.005011872336272725,37905.13088097999,Ejected,529
0.01,58707.19422238936,Ejected,23
0.005011872336272725,37905.13088097999,Ejected,534
0.005011872336272725,37905.13088097999,Ejected,578
0.005011872336272725,37905.13088097999,Ejected,552
0.005011872336272725,37905.13088097999,Ejected,676
0.01,58707.19422238936,Ejected,332
0.005011872336272725,37905.13088097999,Ejected,760
0.005011872336272725,38902.6343252163,Ejected,13
0.005011872336272725,38902.6343252163,Ejected,94
0.01,58707.19422238936,Ejected,462
0.005011872336272725,38902.6343252163,Ejected,147
0.01,59702.23141259935,Ejected,89
0.01,59702.23141259935,Ejected,123
0.005011872336272725,38902.6343252163,Ejected,711
0.005011872336272725,38902.6343252163,Ejected,456
0.005011872336272725,38902.6343252163,Ejected,673
0.005011872336272725,38902.6343252163,Ejected,528
0.01,59702.23141259935,Ejected,438
0.005011872336272725,38902.6343252163,Ejected,712
0.0025118864315095794,38951.11029936192,Ejected,262
0.01,59702.23141259935,Ejected,758
0.0025118864315095794,38951.11029936192,Ejected,417
0.01,60697.26860280934,Ejected,172
0.005011872336272725,39900.137769452616,Ejected,312
0.0025118864315095794,38951.11029936192,Ejected,520
0.005011872336272725,39900.137769452616,Ejected,495
0.005011872336272725,39900.137769452616,Ejected,394
0.005011872336272725,39900.137769452616,Ejected,625
0.005011872336272725,39900.137769452616,Ejected,508
0.005011872336272725,39900.137769452616,Ejected,645
0.01,60697.26860280934,Ejected,497
0.005011872336272725,39900.137769452616,Ejected,632
0.0025118864315095794,39949.85671729428,Ejected,125
0.005011872336272725,40897.641213688934,Ejected,82
0.01,61692.305793019324,Ejected,217
0.01,61692.305793019324,Ejected,388
0.0025118864315095794,39949.85671729428,Ejected,320
0.005011872336272725,40897.641213688934,Ejected,325
0.005011872336272725,40897.641213688934,Ejected,459
0.005011872336272725,40897.641213688934,Ejected,611
0.005011872336272725,40897.641213688934,Ejected,450
0.01,62687.34298322932,Ejected,64
0.01,62687.34298322932,Ejected,99
0.01,62687.34298322932,Ejected,460
0.01,62687.34298322932,Ejected,544
0.01,62687.34298322932,Ejected,345
0.005011872336272725,41895.14465792525,Ejected,120
0.005011872336272725,41895.14465792525,Ejected,174
0.01,62687.34298322932,Ejected,682
0.0025118864315095794,40948.60313522664,Ejected,248
0.005011872336272725,41895.14465792525,Ejected,441
0.005011872336272725,41895.14465792525,Ejected,487
0.0025118864315095794,40948.60313522664,Ejected,402
0.01,63682.380173439306,Ejected,276
0.01,63682.380173439306,Ejected,399
0.005011872336272725,41895.14465792525,Ejected,734
0.005011872336272725,42892.64810216156,Ejected,253
0.005011872336272725,42892.64810216156,Ejected,232
0.01,64677.41736364929,Captured,70
0.0025118864315095794,41947.349553158994,Ejected,31
0.01,64677.41736364929,Ejected,173
0.000630957344480193,31989.90945726386,Captured,410
0.01,64677.41736364929,Ejected,424
0.005011872336272725,42892.64810216156,Ejected,587
0.005011872336272725,42892.64810216156,Ejected,330
0.01,64677.41736364929,Ejected,458
0.01,64677.41736364929,Ejected,693
0.01,64677.41736364929,Ejected,699
0.005011872336272725,42892.64810216156,Ejected,746
0.005011872336272725,43890.15154639788,Ejected,125
0.005011872336272725,43890.15154639788,Ejected,207
0.005011872336272725,43890.15154639788,Ejected,196
0.0025118864315095794,41947.349553158994,Ejected,724
0.01,65672.45455385928,Ejected,324
0.005011872336272725,43890.15154639788,Ejected,236
0.01,65672.45455385928,Ejected,415
0.005011872336272725,43890.15154639788,Ejected,565
0.01,66667.49174406927,Ejected,212
0.0025118864315095794,42946.09597109135,Ejected,695
0.005011872336272725,44887.6549906342,Ejected,164
0.005011872336272725,44887.6549906342,Ejected,193
0.01,66667.49174406927,Ejected,498
0.0025118864315095794,42946.09597109135,Ejected,586
0.0025118864315095794,42946.09597109135,Ejected,598
0.0025118864315095794,42946.09597109135,Ejected,673
0.01,67662.52893427927,Ejected,6
0.005011872336272725,44887.6549906342,Ejected,659
0.01,67662.52893427927,Ejected,110
0.005011872336272725,44887.6549906342,Ejected,422
0.01,67662.52893427927,Ejected,373
0.0025118864315095794,43944.8423890237,Ejected,252
0.005011872336272725,44887.6549906342,Ejected,780
0.0025118864315095794,43944.8423890237,Ejected,380
0.0025118864315095794,43944.8423890237,Ejected,496
0.0012589254117941675,38975.474109242445,Ejected,37
0.005011872336272725,45885.15843487051,Ejected,369
0.005011872336272725,45885.15843487051,Ejected,483
0.01,68657.56612448925,Ejected,448
0.005011872336272725,45885.15843487051,Ejected,679
0.005011872336272725,45885.15843487051,Ejected,506
0.01,68657.56612448925,Ejected,486
0.005011872336272725,45885.15843487051,Ejected,562
0.0025118864315095794,44943.58880695606,Ejected,50
0.01,68657.56612448925,Ejected,593
0.01,68657.56612448925,Ejected,714
0.005011872336272725,46882.661879106825,Ejected,19
0.005011872336272725,46882.661879106825,Ejected,31
0.0025118864315095794,44943.58880695606,Ejected,331
0.005011872336272725,46882.661879106825,Ejected,177
0.005011872336272725,46882.661879106825,Ejected,148
0.005011872336272725,46882.661879106825,Ejected,327
0.0025118864315095794,44943.58880695606,Ejected,635
0.005011872336272725,46882.661879106825,Ejected,298
0.005011872336272725,46882.661879106825,Ejected,392
0.005011872336272725,46882.661879106825,Ejected,563
0.005011872336272725,46882.661879106825,Ejected,743
0.0025118864315095794,44943.58880695606,Ejected,741
0.0025118864315095794,44943.58880695606,Ejected,704
0.0025118864315095794,45942.33522488842,Ejected,4
0.0025118864315095794,45942.33522488842,Ejected,30
0.0025118864315095794,45942.33522488842,Ejected,109
0.0025118864315095794,45942.33522488842,Ejected,179
0.01,70647.64050490923,Ejected,281
0.0025118864315095794,45942.33522488842,Ejected,170
0.005011872336272725,47880.16532334314,Ejected,140
0.01,70647.64050490923,Ejected,355
0.005011872336272725,47880.16532334314,Ejected,283
0.0025118864315095794,45942.33522488842,Ejected,448
0.0025118864315095794,45942.33522488842,Ejected,623
0.005011872336272725,47880.16532334314,Ejected,406
0.005011872336272725,47880.16532334314,Ejected,727
0.0025118864315095794,45942.33522488842,Ejected,691
0.005011872336272725,47880.16532334314,Ejected,797
0.005011872336272725,48877.66876757945,Ejected,71
0.005011872336272725,48877.66876757945,Ejected,126
0.0025118864315095794,46941.081642820776,Ejected,54
0.005011872336272725,48877.66876757945,Ejected,263
0.0025118864315095794,46941.081642820776,Ejected,152
0.01,72637.7148853292,Ejected,20
0.0025118864315095794,46941.081642820776,Ejected,335
0.0025118864315095794,46941.081642820776,Ejected,696
0.005011872336272725,49875.17221181577,Ejected,132
0.005011872336272725,49875.17221181577,Ejected,222
0.0025118864315095794,47939.828060753134,Ejected,142
0.01,73632.7520755392,Ejected,528
0.005011872336272725,49875.17221181577,Ejected,509
0.005011872336272725,49875.17221181577,Ejected,675
0.005011872336272725,49875.17221181577,Ejected,687
0.005011872336272725,49875.17221181577,Ejected,585
0.01,73632.7520755392,Ejected,612
0.0025118864315095794,47939.828060753134,Ejected,551
0.005011872336272725,49875.17221181577,Ejected,654
0.01,74627.78926574919,Ejected,62
0.005011872336272725,49875.17221181577,Captured,738
0.005011872336272725,50872.67565605209,Ejected,89
0.005011872336272725,50872.67565605209,Ejected,280
0.005011872336272725,50872.67565605209,Ejected,357
0.005011872336272725,50872.67565605209,Ejected,413
0.005011872336272725,50872.67565605209,Ejected,447
0.005011872336272725,50872.67565605209,Ejected,691
0.01,75622.82645595918,Ejected,9
0.0025118864315095794,48938.57447868549,Ejected,497
0.0025118864315095794,48938.57447868549,Ejected,616
0.01,75622.82645595918,Ejected,501
0.005011872336272725,51870.179100288406,Ejected,259
0.005011872336272725,51870.179100288406,Ejected,210
0.005011872336272725,51870.179100288406,Ejected,460
0.005011872336272725,51870.179100288406,Ejected,504
0.01,76617.86364616916,Ejected,423
0.0025118864315095794,49937.32089661785,Ejected,334
0.005011872336272725,51870.179100288406,Ejected,724
0.005011872336272725,51870.179100288406,Ejected,786
0.005011872336272725,52867.682544524716,Ejected,55
0.0025118864315095794,49937.32089661785,Ejected,408
0.005011872336272725,52867.682544524716,Ejected,34
0.005011872336272725,52867.682544524716,Ejected,50
0.005011872336272725,52867.682544524716,Ejected,57
0.005011872336272725,52867.682544524716,Ejected,76
0.0025118864315095794,49937.32089661785,Ejected,533
0.005011872336272725,52867.682544524716,Ejected,170
0.005011872336272725,52867.682544524716,Ejected,389
0.005011872336272725,52867.682544524716,Ejected,527
0.005011872336272725,52867.682544524716,Ejected,579
0.0025118864315095794,50936.06731455021,Ejected,71
0.01,77612.90083637915,Ejected,724
0.01,77612.90083637915,Ejected,573
0.01,77612.90083637915,Ejected,663
0.01,78607.93802658914,Ejected,16
0.005011872336272725,53865.18598876103,Ejected,45
0.005011872336272725,53865.18598876103,Ejected,61
0.0025118864315095794,50936.06731455021,Ejected,453
0.01,78607.93802658914,Ejected,274
0.005011872336272725,53865.18598876103,Ejected,285
0.0025118864315095794,50936.06731455021,Ejected,510
0.01,78607.93802658914,Ejected,568
0.005011872336272725,53865.18598876103,Ejected,401
0.0025118864315095794,50936.06731455021,Ejected,730
0.0025118864315095794,51934.813732482566,Ejected,110
0.01,79602.97521679912,Ejected,496
0.005011872336272725,54862.68943299735,Ejected,130
0.0025118864315095794,51934.813732482566,Ejected,428
0.0025118864315095794,51934.813732482566,Ejected,438
0.01,80598.01240700913,Ejected,139
0.0025118864315095794,51934.813732482566,Ejected,798
0.0025118864315095794,52933.560150414916,Ejected,40
0.01,80598.01240700913,Ejected,616
0.005011872336272725,55860.19287723366,Ejected,42
0.005011872336272725,55860.19287723366,Ejected,149
0.005011872336272725,55860.19287723366,Ejected,124
0.005011872336272725,55860.19287723366,Ejected,199
0.0025118864315095794,52933.560150414916,Ejected,291
0.005011872336272725,55860.19287723366,Ejected,331
0.01,80598.01240700913,Ejected,779
0.0025118864315095794,52933.560150414916,Ejected,377
0.0025118864315095794,52933.560150414916,Ejected,429
0.0025118864315095794,52933.560150414916,Ejected,441
0.01,81593.04959721911,Ejected,184
0.0025118864315095794,52933.560150414916,Ejected,492
0.0025118864315095794,52933.560150414916,Ejected,647
0.005011872336272725,55860.19287723366,Ejected,382
0.0025118864315095794,52933.560150414916,Ejected,590
0.005011872336272725,55860.19287723366,Ejected,685
0.01,81593.04959721911,Captured,410
0.0025118864315095794,52933.560150414916,Ejected,626
0.01,81593.04959721911,Ejected,481
0.01,81593.04959721911,Ejected,599
0.005011872336272725,55860.19287723366,Ejected,758
0.01,81593.04959721911,Ejected,669
0.0025118864315095794,52933.560150414916,Ejected,786
0.005011872336272725,56857.69632146998,Ejected,26
0.005011872336272725,56857.69632146998,Ejected,391
0.005011872336272725,56857.69632146998,Ejected,417
0.0025118864315095794,53932.306568347274,Ejected,293
0.005011872336272725,56857.69632146998,Ejected,639
0.005011872336272725,56857.69632146998,Ejected,573
0.0025118864315095794,53932.306568347274,Ejected,524
0.005011872336272725,56857.69632146998,Ejected,588
0.005011872336272725,56857.69632146998,Ejected,592
0.005011872336272725,56857.69632146998,Ejected,728
0.01,83583.12397763909,Ejected,145
0.01,83583.12397763909,Ejected,320
0.0025118864315095794,54931.05298627963,Ejected,5
0.01,83583.12397763909,Ejected,494
0.005011872336272725,57855.1997657063,Ejected,350
0.005011872336272725,57855.1997657063,Ejected,410
0.0025118864315095794,54931.05298627963,Ejected,354
0.005011872336272725,57855.1997657063,Ejected,721
0.01,84578.16116784907,Ejected,237
0.005011872336272725,58852.70320994261,Ejected,62
0.005011872336272725,58852.70320994261,Ejected,153
0.0025118864315095794,55929.79940421199,Ejected,9
0.0025118864315095794,55929.79940421199,Captured,60
0.0025118864315095794,55929.79940421199,Ejected,212
0.005011872336272725,58852.70320994261,Ejected,537
0.01,85573.19835805906,Ejected,284
0.0025118864315095794,55929.79940421199,Ejected,619
0.0025118864315095794,55929.79940421199,Ejected,683
0.0025118864315095794,55929.79940421199,Ejected,572
0.0025118864315095794,55929.79940421199,Ejected,775
0.005011872336272725,59850.206654178925,Ejected,133
0.005011872336272725,59850.206654178925,Ejected,287
0.0025118864315095794,56928.54582214435,Ejected,80
0.0025118864315095794,56928.54582214435,Ejected,104
0.0025118864315095794,56928.54582214435,Ejected,83
0.0012589254117941675,49968.55655031083,Ejected,122
0.0025118864315095794,56928.54582214435,Ejected,583
0.01,87563.27273847905,Ejected,53
0.005011872336272725,60847.71009841524,Ejected,151
0.005011872336272725,60847.71009841524,Ejected,218
0.005011872336272725,60847.71009841524,Ejected,488
0.0025118864315095794,57927.292240076706,Ejected,121
0.0025118864315095794,57927.292240076706,Ejected,324
0.0025118864315095794,57927.292240076706,Ejected,419
0.01,88558.30992868904,Ejected,235
0.0025118864315095794,57927.292240076706,Ejected,567
0.0025118864315095794,57927.292240076706,Ejected,578
0.0025118864315095794,57927.292240076706,Ejected,653
0.01,88558.30992868904,Ejected,621
0.005011872336272725,61845.21354265156,Ejected,493
0.01,89553.34711889902,Ejected,102
0.01,89553.34711889902,Ejected,76
0.01,89553.34711889902,Ejected,394
0.01,89553.34711889902,Ejected,434
0.0025118864315095794,58926.03865800906,Ejected,260
0.0025118864315095794,58926.03865800906,Ejected,351
0.0025118864315095794,58926.03865800906,Ejected,298
0.01,89553.34711889902,Ejected,547
0.005011872336272725,62842.71698688787,Ejected,346
0.01,90548.38430910901,Ejected,428
0.005011872336272725,62842.71698688787,Ejected,646
0.0025118864315095794,59924.785075941414,Ejected,39
0.0025118864315095794,59924.785075941414,Ejected,117
0.0025118864315095794,59924.785075941414,Ejected,199
0.005011872336272725,63840.22043112419,Ejected,44
0.01,91543.421499319,Ejected,69
0.01,91543.421499319,Ejected,114
0.0025118864315095794,59924.785075941414,Ejected,443
0.0025118864315095794,59924.785075941414,Ejected,396
0.0025118864315095794,59924.785075941414,Ejected,413
0.0025118864315095794,59924.785075941414,Ejected,477
0.005011872336272725,63840.22043112419,Ejected,507
0.0012589254117941675,52966.66994332948,Ejected,154
0.01,91543.421499319,Ejected,533
0.0025118864315095794,59924.785075941414,Ejected,716
0.000630957344480193,45985.4948448168,Captured,680
0.005011872336272725,63840.22043112419,Ejected,628
0.0025118864315095794,60923.53149387377,Ejected,25
0.0025118864315095794,60923.53149387377,Ejected,437
0.005011872336272725,64837.723875360505,Ejected,635
0.005011872336272725,64837.723875360505,Ejected,683
0.01,92538.458689529,Ejected,757
0.0025118864315095794,60923.53149387377,Ejected,679
0.0025118864315095794,61922.27791180613,Ejected,57
0.005011872336272725,65835.22731959682,Ejected,264
0.005011872336272725,65835.22731959682,Ejected,254
0.01,93533.49587973898,Ejected,771
0.0012589254117941675,53966.0410743357,Ejected,718
0.005011872336272725,65835.22731959682,Captured,444
0.01,94528.53306994897,Ejected,406
0.0025118864315095794,61922.27791180613,Ejected,703
0.01,94528.53306994897,Ejected,429
0.005011872336272725,66832.73076383314,Ejected,41
0.005011872336272725,66832.73076383314,Ejected,65
0.005011872336272725,66832.73076383314,Ejected,109
0.005011872336272725,66832.73076383314,Ejected,271
0.0025118864315095794,62921.02432973849,Ejected,279
0.0025118864315095794,62921.02432973849,Ejected,468
0.005011872336272725,66832.73076383314,Ejected,662
0.0025118864315095794,62921.02432973849,Ejected,713
0.01,96518.60745036895,Ejected,193
0.0025118864315095794,63919.770747670846,Ejected,14
0.0025118864315095794,63919.770747670846,Ejected,18
0.005011872336272725,67830.23420806945,Ejected,577
0.01,96518.60745036895,Ejected,719
0.005011872336272725,67830.23420806945,Ejected,753
0.01,97513.64464057893,Ejected,314
0.0025118864315095794,63919.770747670846,Ejected,707
0.005011872336272725,68827.73765230576,Ejected,295
0.005011872336272725,68827.73765230576,Ejected,316
0.005011872336272725,68827.73765230576,Ejected,250
0.0012589254117941675,56964.15446735435,Ejected,152
0.005011872336272725,68827.73765230576,Ejected,667
0.005011872336272725,68827.73765230576,Ejected,657
0.01,98508.68183078892,Ejected,80
0.005011872336272725,69825.24109654209,Ejected,16
0.0025118864315095794,64918.5171656032,Ejected,412
0.005011872336272725,69825.24109654209,Ejected,116
0.01,99503.71902099892,Ejected,119
0.005011872336272725,69825.24109654209,Ejected,737
0.0012589254117941675,57963.52559836056,Ejected,324
0.0025118864315095794,65917.26358353556,Ejected,209
0.01,99503.71902099892,Ejected,671
0.0025118864315095794,65917.26358353556,Ejected,407
0.0025118864315095794,65917.26358353556,Ejected,317
0.005011872336272725,70822.7445407784,Ejected,289
0.01,100498.7562112089,Ejected,592
0.0025118864315095794,65917.26358353556,Ejected,738
0.005011872336272725,71820.2479850147,Ejected,165
0.01,101493.7934014189,Ejected,244
0.0025118864315095794,66916.01000146792,Ejected,365
0.01,101493.7934014189,Ejected,401
0.0025118864315095794,66916.01000146792,Ejected,416
0.005011872336272725,71820.2479850147,Ejected,689
0.0012589254117941675,58962.89672936678,Ejected,692
0.01,102488.83059162888,Ejected,46
0.0025118864315095794,67914.75641940028,Ejected,17
0.0025118864315095794,67914.75641940028,Ejected,183
0.005011872336272725,73815.25487348734,Ejected,244
0.01,103483.86778183887,Ejected,765
0.01,104478.90497204885,Ejected,35
0.0025118864315095794,68913.50283733263,Ejected,315
0.0025118864315095794,68913.50283733263,Ejected,444
0.0025118864315095794,68913.50283733263,Ejected,469
0.0025118864315095794,68913.50283733263,Ejected,517
0.0025118864315095794,68913.50283733263,Ejected,617
0.0025118864315095794,68913.50283733263,Ejected,677
0.005011872336272725,74812.75831772365,Ejected,56
0.0025118864315095794,69912.249255265,Ejected,0
0.01,105473.94216225886,Ejected,483
0.0025118864315095794,69912.249255265,Ejected,418
0.0012589254117941675,61961.01012238543,Ejected,295
0.005011872336272725,75810.26176195998,Ejected,239
0.0025118864315095794,69912.249255265,Ejected,705
0.01,106468.97935246884,Ejected,504
0.0025118864315095794,69912.249255265,Ejected,792
0.0025118864315095794,70910.99567319735,Ejected,35
0.0025118864315095794,70910.99567319735,Ejected,149
0.005011872336272725,75810.26176195998,Ejected,530
0.005011872336272725,75810.26176195998,Ejected,604
0.01,107464.01654267883,Ejected,431
0.005011872336272725,76807.76520619629,Ejected,217
0.0012589254117941675,62960.38125339165,Ejected,275
0.01,107464.01654267883,Ejected,509
0.0025118864315095794,70910.99567319735,Ejected,613
0.0025118864315095794,70910.99567319735,Ejected,604
0.0025118864315095794,70910.99567319735,Ejected,689
0.0012589254117941675,62960.38125339165,Ejected,531
0.005011872336272725,76807.76520619629,Ejected,446
0.01,108459.05373288882,Ejected,255
0.0025118864315095794,71909.74209112971,Ejected,84
0.005011872336272725,77805.2686504326,Ejected,277
0.0025118864315095794,71909.74209112971,Ejected,523
0.0025118864315095794,71909.74209112971,Ejected,493
0.005011872336272725,77805.2686504326,Ejected,502
0.005011872336272725,77805.2686504326,Ejected,582
0.01,109454.0909230988,Ejected,493
0.0025118864315095794,72908.48850906205,Ejected,67
0.0025118864315095794,72908.48850906205,Ejected,162
0.005011872336272725,78802.77209466892,Ejected,104
0.0025118864315095794,72908.48850906205,Ejected,311
0.005011872336272725,78802.77209466892,Ejected,559
0.0025118864315095794,72908.48850906205,Ejected,433
0.005011872336272725,78802.77209466892,Ejected,774
0.005011872336272725,79800.27553890523,Ejected,143
0.01,111444.16530351879,Ejected,416
0.0025118864315095794,73907.23492699441,Ejected,177
0.01,111444.16530351879,Captured,615
0.0025118864315095794,73907.23492699441,Ejected,458
0.0012589254117941675,65958.4946464103,Ejected,63
0.0025118864315095794,73907.23492699441,Ejected,529
0.005011872336272725,79800.27553890523,Ejected,624
0.005011872336272725,80797.77898314154,Ejected,157
0.0025118864315095794,74905.98134492677,Ejected,547
0.0025118864315095794,74905.98134492677,Ejected,486
0.0025118864315095794,74905.98134492677,Ejected,592
0.01,114429.27687414875,Ejected,41
0.0025118864315095794,75904.72776285913,Ejected,23
0.01,115424.31406435874,Ejected,116
0.0025118864315095794,75904.72776285913,Ejected,557
0.01,115424.31406435874,Ejected,361
0.005011872336272725,82792.78587161418,Ejected,647
0.0012589254117941675,67957.23690842272,Ejected,443
0.0025118864315095794,76903.47418079148,Ejected,327
0.0012589254117941675,67957.23690842272,Ejected,691
0.0012589254117941675,67957.23690842272,Ejected,717
0.0025118864315095794,76903.47418079148,Ejected,456
0.0025118864315095794,76903.47418079148,Ejected,457
0.0025118864315095794,76903.47418079148,Ejected,649
0.0012589254117941675,68956.60803942895,Ejected,126
0.0025118864315095794,77902.22059872384,Ejected,11
0.0025118864315095794,77902.22059872384,Ejected,20
0.005011872336272725,83790.2893158505,Ejected,686
0.005011872336272725,84787.79276008681,Ejected,300
0.005011872336272725,84787.79276008681,Ejected,230
0.005011872336272725,84787.79276008681,Ejected,451
0.01,118409.42563498871,Ejected,198
0.0025118864315095794,77902.22059872384,Ejected,706
0.005011872336272725,85785.29620432312,Ejected,70
0.0025118864315095794,78900.9670166562,Ejected,126
0.0025118864315095794,78900.9670166562,Ejected,150
0.01,119404.4628251987,Ejected,118
0.0012589254117941675,70955.35030144137,Ejected,59
0.005011872336272725,86782.79964855945,Ejected,49
0.005011872336272725,86782.79964855945,Ejected,118
0.005011872336272725,86782.79964855945,Ejected,375
0.0012589254117941675,70955.35030144137,Ejected,367
0.01,120399.50001540869,Ejected,732
0.005011872336272725,86782.79964855945,Ejected,431
0.0025118864315095794,79899.71343458856,Ejected,241
0.01,120399.50001540869,Ejected,775
0.0025118864315095794,79899.71343458856,Ejected,532
0.0025118864315095794,80898.45985252091,Ejected,77
0.005011872336272725,87780.30309279576,Ejected,372
0.005011872336272725,87780.30309279576,Ejected,781
0.0012589254117941675,71954.7214324476,Ejected,647
0.0012589254117941675,71954.7214324476,Ejected,719
0.01,123384.61158603865,Ejected,86
0.0025118864315095794,81897.20627045327,Ejected,144
0.0025118864315095794,81897.20627045327,Ejected,165
0.0025118864315095794,81897.20627045327,Ejected,362
0.0012589254117941675,72954.09256345381,Ejected,607
0.0012589254117941675,72954.09256345381,Ejected,771
0.0012589254117941675,72954.09256345381,Ejected,768
0.0025118864315095794,82895.95268838563,Ejected,41
0.01,125374.68596645864,Ejected,400
0.0012589254117941675,73953.46369446004,Ejected,162
0.0025118864315095794,82895.95268838563,Ejected,274
0.0025118864315095794,82895.95268838563,Ejected,364
0.0025118864315095794,82895.95268838563,Ejected,535
0.005011872336272725,90772.8134255047,Ejected,268
0.0025118864315095794,82895.95268838563,Ejected,502
0.01,126369.72315666862,Ejected,72
0.005011872336272725,90772.8134255047,Ejected,680
0.01,126369.72315666862,Ejected,674
0.0012589254117941675,74952.83482546624,Ejected,268
0.0012589254117941675,74952.83482546624,Ejected,170
0.0025118864315095794,83894.69910631799,Ejected,480
0.0025118864315095794,83894.69910631799,Ejected,595
0.0025118864315095794,83894.69910631799,Ejected,774
0.0012589254117941675,75952.20595647246,Ejected,91
0.005011872336272725,92767.82031397734,Ejected,209
0.0025118864315095794,84893.44552425035,Ejected,244
0.0025118864315095794,85892.1919421827,Ejected,61
0.01,130349.87191750857,Ejected,103
0.0012589254117941675,76951.57708747868,Ejected,161
0.005011872336272725,93765.32375821365,Ejected,649
0.0025118864315095794,85892.1919421827,Ejected,549
0.01,131344.90910771856,Ejected,38
0.0025118864315095794,86890.93836011506,Ejected,48
0.005011872336272725,94762.82720244996,Ejected,443
0.005011872336272725,94762.82720244996,Ejected,763
0.0012589254117941675,78950.31934949111,Ejected,95
0.0025118864315095794,87889.6847780474,Ejected,513
0.0025118864315095794,87889.6847780474,Ejected,624
0.0025118864315095794,87889.6847780474,Ejected,654
0.005011872336272725,96757.8340909226,Ejected,666
0.01,134330.02067834855,Ejected,466
0.01,134330.02067834855,Ejected,546
0.0012589254117941675,79949.69048049733,Ejected,195
0.0025118864315095794,88888.43119597976,Ejected,794
0.0025118864315095794,89887.17761391212,Ejected,97
0.0025118864315095794,89887.17761391212,Ejected,135
0.0025118864315095794,89887.17761391212,Ejected,164
0.0025118864315095794,89887.17761391212,Ejected,280
0.01,137315.1322489785,Ejected,270
0.0025118864315095794,90885.92403184448,Ejected,399
0.0012589254117941675,81948.43274250976,Ejected,477
0.0025118864315095794,91884.67044977684,Ejected,178
0.0025118864315095794,91884.67044977684,Ejected,288
0.005011872336272725,100747.84786786787,Ejected,555
0.005011872336272725,100747.84786786787,Ejected,414
0.0025118864315095794,91884.67044977684,Ejected,483
0.0012589254117941675,82947.80387351598,Ejected,304
0.0025118864315095794,92883.4168677092,Ejected,103
0.0025118864315095794,92883.4168677092,Ejected,194
0.01,140300.24381960847,Ejected,782
0.005011872336272725,101745.35131210418,Ejected,772
0.005011872336272725,102742.85475634049,Ejected,779
0.0025118864315095794,93882.16328564155,Ejected,308
0.01,143285.35539023843,Ejected,247
0.0025118864315095794,94880.90970357391,Ejected,93
0.0012589254117941675,84946.5461355284,Ejected,522
0.005011872336272725,103740.35820057681,Ejected,776
0.005011872336272725,104737.86164481312,Ejected,319
0.005011872336272725,104737.86164481312,Ejected,296
0.01,144280.39258044842,Ejected,188
0.0012589254117941675,85945.91726653463,Ejected,112
0.0012589254117941675,85945.91726653463,Ejected,635
0.0025118864315095794,95879.65612150627,Ejected,190
0.0012589254117941675,86945.28839754085,Ejected,28
0.005011872336272725,105735.36508904943,Ejected,462
0.005011872336272725,105735.36508904943,Ejected,658
0.01,146270.4669608684,Ejected,111
0.0025118864315095794,95879.65612150627,Ejected,676
0.0025118864315095794,96878.40253943863,Ejected,106
0.0012589254117941675,86945.28839754085,Ejected,597
0.0025118864315095794,96878.40253943863,Ejected,231
0.005011872336272725,106732.86853328576,Captured,454
0.005011872336272725,106732.86853328576,Ejected,540
0.01,147265.5041510784,Ejected,363
0.01,147265.5041510784,Ejected,678
0.01,147265.5041510784,Ejected,710
0.005011872336272725,107730.37197752207,Ejected,333
0.0025118864315095794,97877.14895737098,Ejected,66
0.0012589254117941675,87944.65952854707,Ejected,744
0.01,148260.5413412884,Ejected,649
0.0012589254117941675,88944.03065955327,Ejected,662
0.0025118864315095794,98875.89537530334,Ejected,503
0.01,151245.65291191835,Ejected,364
0.005011872336272725,109725.3788659947,Ejected,620
0.0025118864315095794,99874.6417932357,Ejected,292
0.005011872336272725,110722.88231023101,Ejected,228
0.01,151245.65291191835,Ejected,759
0.0012589254117941675,90942.77292156572,Ejected,389
0.0012589254117941675,90942.77292156572,Ejected,593
0.005011872336272725,111720.38575446732,Ejected,535
0.0025118864315095794,100873.38821116806,Ejected,514
0.0025118864315095794,100873.38821116806,Ejected,773
0.0012589254117941675,91942.14405257192,Ejected,499
0.000630957344480193,78975.08897262016,Ejected,383
0.0012589254117941675,91942.14405257192,Ejected,655
0.0025118864315095794,101872.13462910042,Ejected,226
0.0012589254117941675,91942.14405257192,Ejected,728
0.01,156220.8388629683,Ejected,13
0.01,156220.8388629683,Ejected,675
0.0012589254117941675,93940.88631458436,Ejected,55
0.0012589254117941675,93940.88631458436,Ejected,461
0.0025118864315095794,103869.62746496513,Ejected,776
0.005011872336272725,115710.3995314126,Ejected,788
0.01,159205.95043359825,Ejected,362
0.0012589254117941675,94940.25744559059,Ejected,620
0.0025118864315095794,104868.37388289747,Ejected,389
0.01,160200.98762380827,Ejected,407
0.005011872336272725,117705.40641988521,Ejected,15
0.0025118864315095794,105867.12030082983,Ejected,75
0.005011872336272725,117705.40641988521,Ejected,494
0.005011872336272725,118702.90986412154,Ejected,180
0.0025118864315095794,106865.86671876219,Ejected,3
0.0012589254117941675,96938.99970760301,Ejected,305
0.0012589254117941675,96938.99970760301,Ejected,329
0.005011872336272725,118702.90986412154,Ejected,767
0.01,162191.06200422824,Ejected,789
0.0012589254117941675,97938.37083860923,Ejected,79
0.0012589254117941675,97938.37083860923,Ejected,336
0.01,165176.1735748582,Ejected,143
0.005011872336272725,120697.91675259417,Captured,613
0.0012589254117941675,98937.74196961544,Ejected,219
0.0012589254117941675,98937.74196961544,Ejected,158
0.0025118864315095794,108863.3595546269,Ejected,92
0.0025118864315095794,108863.3595546269,Ejected,99
0.0012589254117941675,98937.74196961544,Ejected,643
0.0012589254117941675,98937.74196961544,Ejected,674
0.005011872336272725,122692.9236410668,Ejected,23
0.005011872336272725,122692.9236410668,Ejected,334
0.0025118864315095794,109862.10597255926,Ejected,534
0.000630957344480193,85972.88166639663,Ejected,499
0.005011872336272725,122692.9236410668,Ejected,785
0.005011872336272725,123690.42708530312,Ejected,38
0.0025118864315095794,110860.85239049162,Ejected,63
0.005011872336272725,123690.42708530312,Ejected,237
0.0012589254117941675,100936.48423162788,Ejected,316
0.0012589254117941675,100936.48423162788,Ejected,693
0.0025118864315095794,110860.85239049162,Ejected,701
0.0012589254117941675,101935.8553626341,Ejected,478
0.005011872336272725,125685.43397377574,Ejected,27
0.01,171146.39671611812,Ejected,700
0.005011872336272725,125685.43397377574,Ejected,498
0.0025118864315095794,112858.34522635634,Ejected,203
0.005011872336272725,126682.93741801206,Ejected,553
0.0012589254117941675,103934.59762464653,Ejected,149
0.005011872336272725,127680.44086224838,Ejected,25
0.0012589254117941675,103934.59762464653,Ejected,190
0.005011872336272725,127680.44086224838,Ejected,556
0.005011872336272725,127680.44086224838,Ejected,684
0.01,174131.5082867481,Ejected,482
0.0012589254117941675,104933.96875565275,Ejected,27
0.0012589254117941675,104933.96875565275,Ejected,65
0.005011872336272725,128677.94430648469,Ejected,191
0.0025118864315095794,114855.83806222105,Ejected,449
0.000630957344480193,90971.3050190941,Ejected,0
0.0025118864315095794,115854.58448015341,Ejected,79
0.000630957344480193,90971.3050190941,Ejected,165
0.0012589254117941675,105933.33988665896,Ejected,523
0.0012589254117941675,105933.33988665896,Ejected,651
0.0025118864315095794,115854.58448015341,Ejected,538
0.005011872336272725,131670.45463919363,Ejected,103
0.01,178111.65704758806,Ejected,672
0.005011872336272725,131670.45463919363,Ejected,288
0.005011872336272725,131670.45463919363,Ejected,405
0.0012589254117941675,106932.71101766518,Ejected,526
0.005011872336272725,132667.95808342996,Ejected,36
0.005011872336272725,132667.95808342996,Ejected,156
0.0012589254117941675,107932.0821486714,Ejected,378
0.0025118864315095794,118850.82373395048,Ejected,133
0.0012589254117941675,108931.4532796776,Ejected,193
0.0012589254117941675,108931.4532796776,Ejected,270
0.0012589254117941675,108931.4532796776,Ejected,469
0.0025118864315095794,119849.57015188283,Ejected,154
0.005011872336272725,134662.96497190258,Ejected,671
0.01,183086.842998638,Ejected,185
0.0012589254117941675,109930.82441068382,Ejected,549
0.0012589254117941675,109930.82441068382,Ejected,689
0.0025118864315095794,120848.31656981519,Ejected,273
0.0012589254117941675,110930.19554169005,Ejected,337
0.0025118864315095794,120848.31656981519,Ejected,506
0.0012589254117941675,110930.19554169005,Ejected,775
0.0012589254117941675,111929.56667269627,Ejected,3
0.0025118864315095794,121847.06298774754,Ejected,693
0.000630957344480193,95969.72837179159,Ejected,784
0.0025118864315095794,121847.06298774754,Ejected,790
0.005011872336272725,138652.97874884785,Ejected,119
0.01,187066.99175947797,Ejected,503
0.0012589254117941675,112928.93780370247,Ejected,114
0.0025118864315095794,123844.55582361226,Ejected,137
0.0025118864315095794,123844.55582361226,Ejected,473
0.0025118864315095794,123844.55582361226,Ejected,466
0.0012589254117941675,113928.3089347087,Ejected,391
0.0025118864315095794,124843.30224154462,Ejected,461
0.005011872336272725,140647.98563732047,Ejected,740
0.0012589254117941675,114927.68006571491,Ejected,271
0.0012589254117941675,114927.68006571491,Ejected,431
0.0025118864315095794,125842.04865947698,Ejected,55
0.0025118864315095794,125842.04865947698,Ejected,295
0.005011872336272725,141645.4890815568,Ejected,750
0.0025118864315095794,126840.79507740933,Ejected,12
0.0025118864315095794,126840.79507740933,Ejected,310
0.005011872336272725,143640.4959700294,Ejected,145
0.000630957344480193,99968.46705394957,Ejected,498
0.0012589254117941675,116926.42232772734,Ejected,83
0.0012589254117941675,116926.42232772734,Ejected,85
0.0025118864315095794,126840.79507740933,Ejected,658
0.0012589254117941675,116926.42232772734,Ejected,230
0.0012589254117941675,116926.42232772734,Ejected,362
0.0025118864315095794,127839.54149534169,Ejected,559
0.0012589254117941675,118925.16458973978,Ejected,313
0.005011872336272725,146633.00630273836,Ejected,320
0.0012589254117941675,118925.16458973978,Ejected,358
0.0012589254117941675,118925.16458973978,Ejected,669
0.0025118864315095794,129837.0343312064,Ejected,257
0.005011872336272725,146633.00630273836,Ejected,648
0.0012589254117941675,119924.53572074599,Ejected,105
0.005011872336272725,147630.50974697468,Ejected,339
0.005011872336272725,147630.50974697468,Ejected,501
0.0025118864315095794,130835.78074913876,Captured,400
0.0012589254117941675,120923.90685175221,Ejected,229
0.005011872336272725,149625.5166354473,Ejected,84
0.0012589254117941675,120923.90685175221,Ejected,751
0.005011872336272725,149625.5166354473,Ejected,795
0.000630957344480193,104966.89040664704,Ejected,14
0.0025118864315095794,132833.27358500348,Ejected,49
0.0012589254117941675,121923.27798275843,Ejected,365
0.0012589254117941675,121923.27798275843,Ejected,715
0.0012589254117941675,121923.27798275843,Ejected,696
0.005011872336272725,150623.02007968363,Ejected,755
0.005011872336272725,150623.02007968363,Ejected,677
0.0025118864315095794,132833.27358500348,Ejected,747
0.005011872336272725,151620.52352391995,Ejected,78
0.005011872336272725,151620.52352391995,Ejected,185
0.0012589254117941675,122922.64911376464,Ejected,323
0.0025118864315095794,133832.02000293584,Ejected,145
0.0025118864315095794,133832.02000293584,Ejected,282
0.0025118864315095794,133832.02000293584,Ejected,585
0.0012589254117941675,123922.02024477086,Captured,70
0.005011872336272725,152618.02696815625,Ejected,429
0.0025118864315095794,134830.7664208682,Ejected,53
0.005011872336272725,152618.02696815625,Captured,428
0.0025118864315095794,134830.7664208682,Ejected,200
0.0025118864315095794,134830.7664208682,Ejected,383
0.0025118864315095794,134830.7664208682,Ejected,431
0.0025118864315095794,134830.7664208682,Ejected,659
0.0012589254117941675,124921.39137577708,Ejected,537
0.005011872336272725,154613.0338566289,Ejected,377
0.005011872336272725,155610.5373008652,Ejected,597
0.0012589254117941675,126920.1336377895,Ejected,456
0.0012589254117941675,126920.1336377895,Ejected,438
0.01,209952.8471343077,Ejected,763
0.000630957344480193,108965.62908880503,Ejected,585
0.0012589254117941675,126920.1336377895,Ejected,684
0.0025118864315095794,137827.00567466527,Ejected,580
0.0025118864315095794,138825.75209259763,Ejected,111
0.0012589254117941675,127919.50476879573,Ejected,599
0.005011872336272725,158603.04763357414,Ejected,297
0.0012589254117941675,127919.50476879573,Ejected,586
0.000630957344480193,110964.99842988401,Ejected,375
0.0012589254117941675,129918.24703080815,Ejected,407
0.005011872336272725,160598.0545220468,Ejected,638
0.005011872336272725,161595.5579662831,Ejected,67
0.0012589254117941675,130917.61816181437,Ejected,440
0.01,217913.14465598762,Ejected,137
0.01,217913.14465598762,Ejected,156
0.0025118864315095794,142820.73776432706,Ejected,158
0.005011872336272725,163590.56485475574,Ejected,241
0.005011872336272725,163590.56485475574,Ejected,252
0.0012589254117941675,131916.9892928206,Ejected,577
0.0025118864315095794,143819.48418225942,Ejected,329
0.005011872336272725,164588.06829899206,Ejected,642
0.0012589254117941675,132916.36042382682,Ejected,621
0.0012589254117941675,132916.36042382682,Ejected,747
0.0025118864315095794,143819.48418225942,Ejected,562
0.01,221893.29341682757,Ejected,248
0.0025118864315095794,144818.23060019175,Ejected,717
0.01,221893.29341682757,Ejected,587
0.0012589254117941675,134915.10268583923,Ejected,427
0.000630957344480193,115963.4217825815,Ejected,494
0.005011872336272725,167580.578631701,Ejected,461
0.0012589254117941675,134915.10268583923,Ejected,595
0.01,223883.36779724757,Ejected,63
0.0012589254117941675,135914.47381684545,Ejected,278
0.0012589254117941675,136913.84494785167,Ejected,227
0.000630957344480193,118962.47579419999,Ejected,24
0.0012589254117941675,137913.2160788579,Ejected,497
0.0025118864315095794,148813.21627192118,Ejected,425
0.0012589254117941675,138912.5872098641,Ejected,147
0.0012589254117941675,138912.5872098641,Ejected,395
0.0012589254117941675,138912.5872098641,Ejected,654
0.0012589254117941675,139911.95834087033,Ejected,80
0.0012589254117941675,139911.95834087033,Ejected,249
0.01,231843.66531892747,Ejected,303
0.000630957344480193,120961.84513527897,Ejected,724
0.000630957344480193,120961.84513527897,Ejected,764
0.005011872336272725,176558.10962982784,Ejected,551
0.005011872336272725,178553.11651830046,Ejected,18
0.0025118864315095794,153806.94836158297,Ejected,550
0.0012589254117941675,142910.07173388897,Ejected,799
0.0012589254117941675,143909.4428648952,Ejected,106
0.0012589254117941675,143909.4428648952,Ejected,786
0.0012589254117941675,144908.8139959014,Ejected,7
0.000630957344480193,125960.26848797646,Ejected,56
0.005011872336272725,182543.13029524573,Ejected,365
0.0025118864315095794,157801.9340333124,Ejected,62
0.005011872336272725,182543.13029524573,Ejected,778
0.0025118864315095794,157801.9340333124,Ejected,436
0.0012589254117941675,146907.55625791385,Ejected,413
0.0012589254117941675,146907.55625791385,Ejected,701
0.0012589254117941675,147906.92738892007,Ejected,97
0.005011872336272725,184538.13718371835,Ejected,545
0.0012589254117941675,147906.92738892007,Ejected,764
0.0025118864315095794,160798.17328710947,Ejected,218
0.0012589254117941675,149905.66965093248,Ejected,267
0.0025118864315095794,160798.17328710947,Ejected,762
0.000630957344480193,129959.00717013443,Ejected,328
0.0012589254117941675,150905.0407819387,Ejected,368
0.005011872336272725,188528.15096066362,Ejected,650
0.005011872336272725,189525.65440489992,Ejected,523
0.000630957344480193,130958.69184067393,Ejected,661
0.0012589254117941675,151904.41191294492,Ejected,656
0.005011872336272725,190523.15784913625,Ejected,491
0.000630957344480193,131958.37651121343,Ejected,102
0.005011872336272725,191520.66129337257,Ejected,43
0.0025118864315095794,163794.41254090655,Ejected,432
0.0012589254117941675,152903.78304395115,Ejected,451
0.0025118864315095794,165791.90537677126,Ejected,112
0.0025118864315095794,165791.90537677126,Ejected,230
0.005011872336272725,195510.6750703178,Ejected,407
0.0012589254117941675,156901.267567976,Ejected,17
0.0012589254117941675,157900.63869898222,Ejected,151
0.0025118864315095794,168788.14463056833,Ejected,368
0.0012589254117941675,157900.63869898222,Ejected,761
0.0012589254117941675,158900.00982998844,Ejected,372
0.0012589254117941675,158900.00982998844,Ejected,769
0.0025118864315095794,170785.63746643305,Ejected,215
0.0012589254117941675,159899.38096099466,Ejected,434
0.0025118864315095794,172783.13030229777,Ejected,122
0.0012589254117941675,162897.4943540133,Ejected,396
0.000630957344480193,140955.53854606888,Ejected,434
0.000630957344480193,140955.53854606888,Ejected,523
0.005011872336272725,205485.70951268097,Ejected,175
0.005011872336272725,205485.70951268097,Ejected,204
0.0025118864315095794,174780.62313816248,Ejected,314
0.0012589254117941675,163896.86548501952,Ejected,600
0.0012589254117941675,163896.86548501952,Ejected,645
0.0012589254117941675,165895.60774703196,Ejected,130
0.0012589254117941675,165895.60774703196,Ejected,177
0.0025118864315095794,177776.86239195953,Ejected,465
0.0012589254117941675,166894.97887803818,Ejected,712
0.0012589254117941675,167894.3500090444,Ejected,312
0.0012589254117941675,167894.3500090444,Ejected,321
0.0012589254117941675,167894.3500090444,Ejected,520
0.000630957344480193,144954.27722822686,Ejected,656
0.000630957344480193,145953.96189876637,Ejected,44
0.0012589254117941675,169893.0922710568,Ejected,57
0.0012589254117941675,169893.0922710568,Ejected,117
0.0012589254117941675,169893.0922710568,Ejected,274
0.0012589254117941675,169893.0922710568,Ejected,697
0.0025118864315095794,182770.59448162132,Ejected,463
0.0025118864315095794,182770.59448162132,Ejected,778
0.0012589254117941675,172891.20566407547,Ejected,446
0.000630957344480193,150952.38525146383,Ejected,306
0.005011872336272725,219450.7577319894,Captured,681
0.000630957344480193,151952.06992200334,Ejected,396
0.0025118864315095794,186765.58015335075,Ejected,793
0.000630957344480193,152951.75459254283,Ejected,257
0.0012589254117941675,176888.69018810033,Ejected,515
0.005011872336272725,223440.77150893465,Ejected,169
0.000630957344480193,153951.43926308234,Ejected,754
0.0012589254117941675,178887.43245011277,Ejected,657
0.0012589254117941675,180886.1747121252,Ejected,188
0.0012589254117941675,180886.1747121252,Ejected,359
0.005011872336272725,226433.2818416436,Ejected,464
0.0025118864315095794,191759.31224301254,Ejected,612
0.000630957344480193,156950.49327470083,Ejected,215
0.000630957344480193,156950.49327470083,Ejected,600
0.000630957344480193,157950.1779452403,Ejected,76
0.000630957344480193,157950.1779452403,Ejected,143
0.0012589254117941675,182884.91697413765,Ejected,132
0.0025118864315095794,193756.80507887725,Ejected,153
0.000630957344480193,157950.1779452403,Ejected,666
0.0012589254117941675,184883.65923615007,Ejected,103
0.005011872336272725,231420.7990628252,Ejected,586
0.0012589254117941675,185883.0303671563,Ejected,144
0.000630957344480193,160949.2319568588,Ejected,486
0.000630957344480193,160949.2319568588,Ejected,506
0.0012589254117941675,185883.0303671563,Ejected,682
0.0012589254117941675,185883.0303671563,Ejected,698
0.000630957344480193,161948.91662739828,Ejected,318
0.0012589254117941675,186882.4014981625,Ejected,678
0.0012589254117941675,187881.77262916873,Ejected,753
0.0012589254117941675,188881.14376017495,Ejected,110
0.000630957344480193,163948.28596847728,Ejected,42
0.0012589254117941675,189880.51489118117,Ejected,277
0.005011872336272725,238403.3231724794,Ejected,58
0.000630957344480193,166947.33998009577,Ejected,109
0.000630957344480193,166947.33998009577,Ejected,268
0.0012589254117941675,193877.99941520602,Ejected,45
0.000630957344480193,167947.02465063526,Ejected,179
0.000630957344480193,167947.02465063526,Ejected,290
0.000630957344480193,167947.02465063526,Ejected,455
0.0012589254117941675,194877.37054621225,Ejected,468
0.0012589254117941675,194877.37054621225,Ejected,398
0.000630957344480193,168946.70932117477,Ejected,227
0.0012589254117941675,195876.74167721847,Ejected,86
0.0025118864315095794,206740.5085119979,Ejected,114
0.0012589254117941675,195876.74167721847,Ejected,345
0.0012589254117941675,195876.74167721847,Ejected,334
0.0012589254117941675,196876.1128082247,Ejected,542
0.000630957344480193,170946.07866225374,Ejected,197
0.0012589254117941675,197875.48393923088,Ejected,92
0.0012589254117941675,197875.48393923088,Ejected,261
0.0025118864315095794,208738.0013478626,Captured,568
0.0012589254117941675,197875.48393923088,Ejected,650
0.000630957344480193,171945.76333279326,Ejected,419
0.0025118864315095794,209736.74776579495,Ejected,265
0.0012589254117941675,198874.8550702371,Ejected,410
0.0025118864315095794,209736.74776579495,Ejected,627
0.0025118864315095794,210735.4941837273,Ejected,10
0.0025118864315095794,212732.98701959202,Ejected,29
0.000630957344480193,174944.81734441174,Ejected,10
0.0025118864315095794,212732.98701959202,Ejected,636
0.000630957344480193,174944.81734441174,Ejected,631
0.0025118864315095794,213731.73343752438,Ejected,615
0.000630957344480193,176944.18668549074,Ejected,519
0.0012589254117941675,205870.45298728062,Ejected,223
0.000630957344480193,177943.87135603023,Ejected,355
0.0025118864315095794,216727.97269132145,Ejected,349
0.0012589254117941675,206869.82411828684,Ejected,107
0.005011872336272725,259350.89550144202,Ejected,22
0.000630957344480193,178943.5560265697,Ejected,734
0.0025118864315095794,218725.46552718617,Ejected,107
0.0012589254117941675,207869.19524929306,Ejected,738
0.0025118864315095794,218725.46552718617,Ejected,656
0.0012589254117941675,208868.56638029928,Ejected,196
0.0012589254117941675,208868.56638029928,Ejected,416
0.0025118864315095794,219724.21194511853,Captured,699
0.0025118864315095794,219724.21194511853,Ejected,753
0.0012589254117941675,210867.30864231172,Ejected,136
0.0012589254117941675,210867.30864231172,Ejected,325
0.0012589254117941675,210867.30864231172,Ejected,353
0.000630957344480193,181942.6100381882,Ejected,780
0.0012589254117941675,210867.30864231172,Ejected,625
0.0025118864315095794,221721.70478098324,Ejected,783
0.0025118864315095794,221721.70478098324,Ejected,752
0.000630957344480193,182942.2947087277,Ejected,763
0.000630957344480193,183941.9793792672,Ejected,98
0.0012589254117941675,212866.05090432413,Ejected,16
0.00031622776601683794,164973.9173951735,Ejected,120
0.000630957344480193,183941.9793792672,Ejected,502
0.0025118864315095794,223719.19761684796,Ejected,415
0.0012589254117941675,212866.05090432413,Ejected,680
0.000630957344480193,185941.3487203462,Ejected,41
0.000630957344480193,185941.3487203462,Ejected,239
0.005011872336272725,268328.42649956886,Ejected,435
0.000630957344480193,185941.3487203462,Ejected,460
0.000630957344480193,186941.03339088568,Ejected,59
0.005011872336272725,269325.92994380515,Ejected,742
0.0012589254117941675,216863.53542834902,Ejected,251
0.0025118864315095794,227714.1832885774,Ejected,507
0.0012589254117941675,217862.9065593552,Ejected,403
0.00031622776601683794,169973.12701320907,Ejected,167
0.0025118864315095794,231709.16896030682,Ejected,439
0.000630957344480193,192939.14141412266,Ejected,23
0.0025118864315095794,233706.66179617154,Ejected,208
0.0025118864315095794,234705.4082141039,Ejected,206
0.0012589254117941675,224858.50447639872,Ejected,732
0.000630957344480193,195938.19542574114,Ejected,307
0.0025118864315095794,238700.39388583333,Ejected,640
0.0025118864315095794,239699.14030376566,Ejected,240
0.0025118864315095794,239699.14030376566,Ejected,424
0.000630957344480193,198937.24943735963,Ejected,18
0.00031622776601683794,177971.86240206598,Ejected,732
0.000630957344480193,198937.24943735963,Ejected,696
0.000630957344480193,199936.93410789914,Ejected,265
0.0025118864315095794,242695.37955756273,Ejected,593
0.000630957344480193,200936.61877843863,Ejected,762
0.0012589254117941675,233852.84465545468,Ejected,765
0.000630957344480193,202935.98811951763,Ejected,354
0.0012589254117941675,234852.2157864609,Ejected,558
0.000630957344480193,203935.6727900571,Ejected,528
0.0012589254117941675,235851.58691746712,Ejected,370
0.000630957344480193,204935.3574605966,Ejected,174
0.000630957344480193,204935.3574605966,Ejected,230
0.00031622776601683794,185970.59779092288,Ejected,655
0.000630957344480193,207934.41147221508,Ejected,202
0.000630957344480193,209933.78081329408,Ejected,74
0.00031622776601683794,188970.1235617442,Ejected,626
0.000630957344480193,209933.78081329408,Ejected,567
0.000630957344480193,209933.78081329408,Ejected,658
0.000630957344480193,210933.46548383357,Ejected,695
0.000630957344480193,211933.15015437308,Ejected,755
0.000630957344480193,212932.83482491257,Ejected,151
0.000630957344480193,212932.83482491257,Ejected,317
0.0012589254117941675,245845.29822752927,Ejected,566
0.00031622776601683794,191969.64933256555,Ejected,690
0.0012589254117941675,246844.6693585355,Ejected,131
0.0012589254117941675,246844.6693585355,Ejected,439
0.000630957344480193,213932.51949545206,Ejected,549
0.00031622776601683794,193969.33317977976,Ejected,105
0.0012589254117941675,249842.78275155416,Ejected,710
0.000630957344480193,216931.57350707054,Ejected,404
0.0025118864315095794,261671.56149827753,Ejected,771
0.000630957344480193,217931.25817761006,Ejected,535
0.000630957344480193,218930.94284814954,Ejected,627
0.0012589254117941675,255839.00953759145,Ejected,517
0.0012589254117941675,256838.38066859767,Ejected,318
0.0012589254117941675,256838.38066859767,Ejected,776
0.000630957344480193,223929.36620084703,Ejected,626
0.000630957344480193,223929.36620084703,Ejected,723
0.0025118864315095794,270660.2792596687,Ejected,352
0.0025118864315095794,272657.77209553344,Ejected,788
0.000630957344480193,228927.7895535445,Ejected,393
0.0012589254117941675,266832.09197865985,Ejected,231
0.0025118864315095794,277651.50418519526,Captured,309
0.000630957344480193,232926.52823570248,Ejected,391
0.000630957344480193,232926.52823570248,Ejected,679
0.000630957344480193,233926.21290624197,Ejected,482
0.000630957344480193,233926.21290624197,Ejected,757
0.000630957344480193,234925.89757678148,Ejected,156
0.0025118864315095794,280647.7434389923,Ejected,224
0.0012589254117941675,272828.3187646971,Ejected,547
0.000630957344480193,237924.95158839997,Ejected,720
0.0025118864315095794,284642.72911072173,Ejected,539
0.000630957344480193,239924.32092947894,Ejected,296
0.00031622776601683794,216965.69742274334,Ejected,466
0.000630957344480193,239924.32092947894,Ejected,595
0.000630957344480193,240924.00560001846,Ejected,517
0.000630957344480193,242923.37494109743,Ejected,490
0.000630957344480193,244922.74428217643,Ejected,358
0.000630957344480193,244922.74428217643,Ejected,293
0.00031622776601683794,221964.90704077893,Ejected,52
0.000630957344480193,245922.42895271594,Ejected,536
0.0012589254117941675,286819.51459878415,Ejected,575
0.000630957344480193,249921.1676348739,Ejected,683
0.000630957344480193,252920.2216464924,Ejected,314
0.00031622776601683794,228963.8005060287,Ejected,421
0.000630957344480193,253919.90631703188,Ejected,773
0.0025118864315095794,302620.1646335042,Ejected,594
0.0012589254117941675,294814.4836468339,Ejected,722
0.0012589254117941675,295813.85477784014,Ejected,73
0.0012589254117941675,295813.85477784014,Ejected,124
0.000630957344480193,256918.96032865037,Ejected,159
0.0012589254117941675,295813.85477784014,Ejected,379
0.00031622776601683794,232963.16820045715,Ejected,783
0.0012589254117941675,296813.22590884636,Ejected,214
0.00031622776601683794,233963.01012406425,Ejected,710
0.000630957344480193,258918.32966972937,Ejected,484
0.000630957344480193,259918.01434026886,Ejected,790
0.00031622776601683794,236962.5358948856,Ejected,267
0.0012589254117941675,301810.0815638774,Ejected,570
0.000630957344480193,264916.43769296637,Ejected,742
0.000630957344480193,265916.1223635058,Ejected,124
0.000630957344480193,266915.80703404534,Ejected,337
0.000630957344480193,266915.80703404534,Ejected,590
0.0012589254117941675,308805.67948092095,Ejected,687
0.000630957344480193,268915.1763751243,Ejected,309
0.000630957344480193,268915.1763751243,Ejected,539
0.0025118864315095794,320597.60015628656,Ejected,515
0.000630957344480193,270914.54571620334,Ejected,427
0.0012589254117941675,312803.1640049458,Ejected,247
0.0012589254117941675,313802.535135952,Ejected,369
0.0012589254117941675,313802.535135952,Ejected,482
0.0025118864315095794,323593.83941008366,Ejected,609
0.0025118864315095794,324592.585828016,Ejected,181
0.000630957344480193,275912.9690689008,Ejected,273
0.00031622776601683794,251960.16474899228,Ejected,751
0.0025118864315095794,328587.5714997454,Ejected,238
0.00031622776601683794,253959.84859620652,Ejected,573
0.0012589254117941675,319798.7619219893,Ejected,460
0.000630957344480193,277912.33840997977,Ejected,686
0.0025118864315095794,330585.06433561014,Ejected,440
0.0012589254117941675,322796.875315008,Ejected,661
0.0012589254117941675,322796.875315008,Ejected,777
0.000630957344480193,282910.7617626773,Ejected,208
0.000630957344480193,282910.7617626773,Ejected,364
0.000630957344480193,284910.13110375626,Ejected,88
0.00031622776601683794,261958.5839850634,Ejected,338
0.00031622776601683794,261958.5839850634,Ejected,523
0.000630957344480193,284910.13110375626,Ejected,701
0.0025118864315095794,337576.28926113667,Ejected,754
0.00031622776601683794,264958.10975588474,Ejected,648
0.000630957344480193,288908.86978591426,Ejected,505
0.000630957344480193,288908.86978591426,Ejected,642
0.000630957344480193,289908.5544564537,Ejected,545
0.000630957344480193,291907.92379753274,Ejected,8
0.00031622776601683794,269957.3193739203,Ejected,411
0.00031622776601683794,271957.00322113454,Ejected,13
0.000630957344480193,293907.2931386117,Ejected,46
0.000630957344480193,293907.2931386117,Ejected,625
0.000630957344480193,295906.6624796907,Ejected,546
0.000630957344480193,296906.3471502302,Ejected,463
0.000630957344480193,297906.0318207697,Ejected,19
0.000630957344480193,297906.0318207697,Ejected,619
0.000630957344480193,299905.4011618487,Ejected,155
0.000630957344480193,301904.77050292765,Ejected,422
0.0012589254117941675,347781.1535901634,Ejected,246
0.000630957344480193,303904.1398440067,Ejected,226
0.000630957344480193,303904.1398440067,Ejected,515
0.0025118864315095794,360547.4568735809,Ejected,363
0.00031622776601683794,284954.948228027,Ejected,294
0.00031622776601683794,284954.948228027,Ejected,515
0.0012589254117941675,351778.6381141883,Ejected,730
0.00031622776601683794,286954.6320752412,Ejected,149
0.0012589254117941675,352778.00924519444,Ejected,266
0.000630957344480193,308902.56319670414,Ejected,33
0.0012589254117941675,354776.7515072069,Ejected,387
0.00031622776601683794,288954.31592245545,Ejected,247
0.0012589254117941675,354776.7515072069,Ejected,512
0.0012589254117941675,356775.4937692193,Ejected,69
0.000630957344480193,310901.93253778317,Ejected,238
0.000630957344480193,312901.30187886214,Ejected,158
0.000630957344480193,313900.98654940166,Ejected,256
0.0012589254117941675,359773.607162238,Ejected,677
0.0025118864315095794,371533.6674708368,Ejected,131
0.00031622776601683794,295953.2093877052,Ejected,747
0.0012589254117941675,363771.09168626287,Ejected,411
0.00031622776601683794,298952.7351585266,Ejected,370
0.000630957344480193,318899.4099020991,Ejected,36
0.00031622776601683794,299952.5770821337,Ejected,373
0.00031622776601683794,300952.4190057408,Ejected,595
0.000630957344480193,320898.7792431781,Ejected,453
0.000630957344480193,322898.1485842571,Ejected,408
0.000630957344480193,322898.1485842571,Ejected,395
0.000630957344480193,323897.83325479657,Ejected,183
0.000630957344480193,325897.2025958756,Ejected,570
0.0025118864315095794,384517.3709039574,Ejected,269
0.00031622776601683794,307951.3124709906,Ejected,565
0.0012589254117941675,374764.17412733124,Ejected,81
0.00031622776601683794,308951.1543945977,Ejected,219
0.0025118864315095794,386514.8637398221,Captured,678
0.0025118864315095794,389511.1029936192,Ejected,767
0.00031622776601683794,313950.3640126332,Ejected,14
0.00031622776601683794,313950.3640126332,Ejected,69
0.000630957344480193,332894.995289652,Ejected,616
0.00031622776601683794,315950.0478598475,Ejected,545
0.000630957344480193,334894.36463073106,Ejected,62
0.000630957344480193,335894.0493012705,Ejected,474
0.000630957344480193,336893.73397181,Ejected,633
0.0012589254117941675,387755.99883041205,Ejected,54
0.00031622776601683794,323948.78324870433,Ejected,564
0.00031622776601683794,328947.9928667399,Ejected,202
0.000630957344480193,344891.21133612597,Ejected,613
0.00031622776601683794,329947.834790347,Ejected,139
0.000630957344480193,345890.8960066655,Ejected,636
0.000630957344480193,346890.580677205,Ejected,646
0.00031622776601683794,333947.2024847755,Ejected,336
0.000630957344480193,352888.68870044197,Ejected,58
0.0012589254117941675,403745.9369265115,Ejected,363
0.00031622776601683794,339946.25402641814,Ejected,16
0.00031622776601683794,339946.25402641814,Ejected,491
0.0012589254117941675,407743.4214505364,Ejected,235
0.00031622776601683794,343945.6217208466,Ejected,283
0.000630957344480193,359886.48139421846,Ejected,690
0.000630957344480193,362885.53540583694,Ejected,456
0.00031622776601683794,347944.98941527505,Ejected,86
0.00031622776601683794,348944.83133888216,Ejected,116
0.00031622776601683794,348944.83133888216,Ejected,436
0.000630957344480193,365884.5894174554,Ejected,465
0.00031622776601683794,350944.51518609637,Ejected,503
0.000630957344480193,368883.6434290739,Ejected,51
0.000630957344480193,369883.32809961337,Ejected,399
0.000630957344480193,371882.6974406924,Ejected,81
0.00031622776601683794,355943.72480413195,Ejected,435
0.000630957344480193,372882.38211123185,Ejected,738
0.00031622776601683794,359943.0924985604,Ejected,208
0.0012589254117941675,430728.95746367937,Ejected,726
0.000630957344480193,377880.80546392937,Ejected,586
0.000630957344480193,380879.85947554786,Ejected,57
0.00031622776601683794,363942.46019298886,Ejected,407
0.0012589254117941675,436725.18424971664,Ejected,789
0.00031622776601683794,365942.1440402031,Ejected,444
0.00031622776601683794,367941.8278874173,Ejected,68
0.0012589254117941675,440722.6687737415,Ejected,533
0.00031622776601683794,374940.7213526671,Ejected,716
0.00031622776601683794,375940.5632762742,Ejected,171
0.0012589254117941675,449717.00895279745,Ejected,6
0.00031622776601683794,381939.6148179169,Ejected,339
0.00031622776601683794,383939.2986651311,Ejected,642
0.000630957344480193,403872.6068979562,Ejected,448
0.000630957344480193,404872.29156849574,Ejected,389
0.0012589254117941675,461709.4625248721,Ejected,419
0.000630957344480193,406871.6609095747,Ejected,35
0.0012589254117941675,463708.2047868845,Ejected,779
0.00031622776601683794,389938.3502067738,Ejected,232
0.00031622776601683794,393937.7179012022,Ejected,706
0.00031622776601683794,395937.4017484164,Ejected,393
0.00031622776601683794,395937.4017484164,Ejected,579
0.0012589254117941675,471703.17383493425,Ejected,791
0.0012589254117941675,472702.54496594047,Ejected,472
0.00031622776601683794,399936.7694428449,Ejected,228
0.000630957344480193,417868.1922855092,Ejected,205
0.00031622776601683794,400936.611366452,Ejected,651
0.00031622776601683794,403936.1371372733,Ejected,362
0.000630957344480193,422866.61563820665,Ejected,400
0.000630957344480193,423866.30030874617,Ejected,240
0.00031622776601683794,408935.3467553089,Ejected,652
0.00031622776601683794,419933.60791498714,Ejected,4
0.00031622776601683794,420933.44983859424,Ejected,791
0.00031622776601683794,422933.13368580845,Ejected,298
0.00031622776601683794,422933.13368580845,Ejected,442
0.000630957344480193,437861.8856962991,Ejected,766
0.00031622776601683794,428932.18522745115,Ejected,136
0.000630957344480193,444859.67839007557,Ejected,443
0.000630957344480193,447858.73240169405,Ejected,219
0.00031622776601683794,441930.1302343436,Ejected,42
0.0012589254117941675,520672.35925423884,Ejected,191
0.0012589254117941675,520672.35925423884,Ejected,341
0.00031622776601683794,448929.0236995934,Ejected,447
0.0012589254117941675,524669.8437782638,Ejected,578
0.000630957344480193,463853.687130326,Ejected,495
0.00031622776601683794,452928.39139402186,Ejected,709
0.00031622776601683794,452928.39139402186,Ejected,790
0.00031622776601683794,454928.0752412361,Ejected,74
0.00031622776601683794,455927.9171648432,Ejected,157
0.000630957344480193,466852.7411419445,Ejected,321
0.00031622776601683794,456927.7590884503,Ejected,389
0.0012589254117941675,535662.9262193321,Ejected,759
0.00031622776601683794,462926.810630093,Ejected,287
0.000630957344480193,473850.5338357209,Ejected,476
0.00031622776601683794,465926.3364009143,Ejected,324
0.000630957344480193,476849.5878473394,Ejected,654
0.00031622776601683794,467926.0202481285,Ejected,85
0.000630957344480193,482847.69587057637,Ejected,177
0.0012589254117941675,551652.8643154316,Ejected,264
0.000630957344480193,486846.43455273437,Ejected,617
0.0012589254117941675,552652.2354464378,Ejected,344
0.00031622776601683794,479924.12333141384,Ejected,26
0.0012589254117941675,558648.462232475,Ejected,200
0.00031622776601683794,482923.6491022352,Ejected,256
0.000630957344480193,495843.5965875898,Ejected,629
0.00031622776601683794,484923.3329494494,Ejected,639
0.00031622776601683794,486923.01679666364,Ejected,39
0.00031622776601683794,489922.542567485,Ejected,67
0.00031622776601683794,492922.06833830633,Ejected,71
0.00031622776601683794,493921.91026191344,Ejected,669
0.00031622776601683794,498921.119879949,Ejected,782
0.00031622776601683794,499920.9618035561,Ejected,258
0.00031622776601683794,499920.9618035561,Ejected,369
0.00031622776601683794,499920.9618035561,Ejected,627
0.000630957344480193,515837.28999837977,Ejected,475
0.00031622776601683794,506919.85526880587,Ejected,33
0.00031622776601683794,509919.38103962725,Ejected,409
0.000630957344480193,539829.7220913277,Ejected,15
0.000630957344480193,539829.7220913277,Ejected,95
0.00031622776601683794,525916.851817341,Ejected,526
0.000630957344480193,546827.5147851041,Ejected,388
0.00031622776601683794,532915.7452825909,Ejected,73
0.00031622776601683794,532915.7452825909,Ejected,348
0.000630957344480193,556824.3614904991,Ejected,49
0.00031622776601683794,541914.3225950549,Ejected,147
0.00031622776601683794,556911.9514491615,Captured,477
0.00031622776601683794,563910.8449144113,Ejected,190
0.000630957344480193,590813.6402888419,Ejected,550
0.00031622776601683794,567910.2126088397,Ejected,345
0.00031622776601683794,568910.0545324469,Ejected,355
0.00031622776601683794,577908.6318449109,Ejected,663
0.00031622776601683794,589906.7349281962,Ejected,214
0.00031622776601683794,589906.7349281962,Ejected,635
0.00031622776601683794,594905.9445462318,Ejected,470
0.000630957344480193,626802.2884282637,Ejected,599
0.00031622776601683794,600904.9960878744,Ejected,562
0.00031622776601683794,604904.363782303,Ejected,408
0.00031622776601683794,604904.363782303,Ejected,487
0.00031622776601683794,607903.8895531242,Ejected,368
0.000630957344480193,642797.2431568957,Ejected,295
0.00031622776601683794,614902.783018374,Ejected,696
0.00031622776601683794,616902.4668655882,Ejected,605
0.00031622776601683794,617902.3087891954,Ejected,759
0.00031622776601683794,629900.4118724806,Ejected,172
0.000630957344480193,668789.0445909225,Ejected,405
0.00031622776601683794,639898.8311085518,Ejected,312
0.000630957344480193,677786.206625778,Ejected,736
0.00031622776601683794,657895.9857334798,Ejected,5
0.00031622776601683794,665894.7211223367,Ejected,585
0.00031622776601683794,665894.7211223367,Ejected,661
0.000630957344480193,706777.0620714234,Ejected,678
0.000630957344480193,716773.9087768184,Ejected,682
0.00031622776601683794,677892.8242056221,Ejected,462
0.00031622776601683794,679892.5080528363,Ejected,614
0.000630957344480193,732768.8635054503,Ejected,73
0.00031622776601683794,689890.9272889075,Ejected,250
0.000630957344480193,735767.9175170688,Ejected,229
0.000630957344480193,737767.2868581478,Ejected,653
0.00031622776601683794,694890.136906943,Ejected,272
0.000630957344480193,754761.9262573192,Ejected,30
0.00031622776601683794,720886.0269207279,Ejected,24
0.00031622776601683794,728884.7623095848,Ejected,93
0.000630957344480193,780753.7276913461,Ejected,114
0.00031622776601683794,731884.2880804061,Ejected,253
0.000630957344480193,785752.1510440436,Ejected,110
0.00031622776601683794,735883.6557748346,Ejected,474
0.000630957344480193,788751.2050556621,Ejected,525
0.000630957344480193,793749.6284083596,Ejected,587
0.000630957344480193,794749.313078899,Ejected,75
0.00031622776601683794,747881.75885812,Ejected,645
0.000630957344480193,812743.63714861,Ejected,414
0.00031622776601683794,767878.5973302622,Ejected,181
0.00031622776601683794,771877.9650246906,Ejected,10
0.000630957344480193,832737.3305593999,Ejected,77
0.00031622776601683794,784875.910031583,Ejected,169
0.000630957344480193,858729.1319934267,Ejected,280
0.000630957344480193,859728.8166639663,Ejected,69
0.00031622776601683794,799873.5388856898,Ejected,692
0.00031622776601683794,808872.1161981538,Ejected,795
0.00031622776601683794,817870.6935106178,Ejected,580
0.00031622776601683794,827869.1127466889,Ejected,572
0.00031622776601683794,836867.6900591529,Ejected,209
0.00031622776601683794,847865.9512188311,Ejected,245
0.00031622776601683794,853865.0027604739,Ejected,637
0.00031622776601683794,855864.6866076881,Ejected,55
0.00031622776601683794,856864.5285312951,Ejected,440
0.000630957344480193,929706.7436017309,Ejected,717
0.00031622776601683794,870862.3154617947,Ejected,549
0.00031622776601683794,871862.1573854019,Ejected,63
0.00031622776601683794,886859.7862395085,Ejected,261
0.00031622776601683794,906856.6247116508,Ejected,607
0.00031622776601683794,914855.3601005077,Ejected,91
0.00031622776601683794,914855.3601005077,Ejected,206
0.00031622776601683794,991843.1882182553,Ejected,220
0.00031622776601683794,998842.0816835051,Ejected,703
0.00031622776601683794,1004841.1332251477,Ejected,87
0.00031622776601683794,1007840.6589959691,Ejected,456
0.00031622776601683794,1008840.5009195763,Ejected,536
0.00031622776601683794,1017839.0782320403,Ejected,241
0.00031622776601683794,1031836.8651625398,Ejected,785
0.00031622776601683794,1035836.2328569683,Ejected,594
0.00031622776601683794,1091827.3805789666,Ejected,746
0.00031622776601683794,1102825.6417386448,Ejected,532
0.00031622776601683794,1121822.6382871799,Ejected,574
0.00031622776601683794,1134820.5832940724,Ejected,731
0.00031622776601683794,1201809.9921757488,Ejected,501
